0, 0
-0.00760506, 0.052026
-0.00766703, 0.0529103
-0.00772784, 0.0538171
-0.00778699, 0.0547459
-0.00784402, 0.0556964
-0.00789847, 0.0566679
-0.0079499, 0.0576601
-0.0079979, 0.0586723
-0.00804209, 0.0597042
-0.00808208, 0.0607551
-0.00811757, 0.0618246
-0.00814824, 0.0629121
-0.00817384, 0.064017
-0.00819413, 0.0651389
-0.00820893, 0.0662772
-0.00821807, 0.0674313
-0.00822145, 0.0686006
-0.00821897, 0.0697848
-0.00821058, 0.070983
-0.00819628, 0.0721949
-0.00817606, 0.0734198
-0.00814999, 0.0746571
-0.00811814, 0.0759062
-0.0080806, 0.0771665
-0.00803751, 0.0784375
-0.007989, 0.0797185
-0.00793525, 0.0810088
-0.00787645, 0.0823079
-0.00781278, 0.083615
-0.00774447, 0.0849297
-0.00767174, 0.0862511
-0.00759483, 0.0875787
-0.00751397, 0.0889118
-0.00742941, 0.0902497
-0.00734141, 0.0915917
-0.0072502, 0.0929373
-0.00715606, 0.0942857
-0.00705922, 0.0956364
-0.00695994, 0.0969886
-0.00685846, 0.0983417
-0.00675502, 0.0996951
-0.00664987, 0.101048
-0.00654322, 0.1024
-0.00643532, 0.103751
-0.00632636, 0.105099
-0.00621656, 0.106445
-0.00610613, 0.107787
-0.00599525, 0.109126
-0.00588411, 0.11046
-0.00577288, 0.111789
-0.00566173, 0.113113
-0.00555082, 0.114431
-0.0054403, 0.115743
-0.0053303, 0.117048
-0.00522096, 0.118346
-0.0051124, 0.119636
-0.00500475, 0.120918
-0.00489809, 0.122192
-0.00479254, 0.123457
-0.00468819, 0.124713
-0.00458511, 0.125959
-0.00448338, 0.127196
-0.00438309, 0.128423
-0.00428428, 0.12964
-0.00418702, 0.130846
-0.00409135, 0.132041
-0.00399733, 0.133226
-0.00390499, 0.134399
-0.00381438, 0.135561
-0.00372551, 0.136711
-0.00363841, 0.13785
-0.00355312, 0.138976
-0.00346964, 0.140091
-0.00338798, 0.141194
-0.00330817, 0.142285
-0.0032302, 0.143363
-0.00315407, 0.144429
-0.0030798, 0.145483
-0.00300737, 0.146524
-0.00293679, 0.147553
-0.00286805, 0.148569
-0.00280113, 0.149572
-0.00273602, 0.150563
-0.00267273, 0.151542
-0.00261122, 0.152507
-0.00255149, 0.153461
-0.00249352, 0.154401
-0.00243728, 0.155329
-0.00238277, 0.156245
-0.00232996, 0.157148
-0.00227882, 0.158039
-0.00222935, 0.158918
-0.00218151, 0.159784
-0.00213528, 0.160638
-0.00209064, 0.16148
-0.00204757, 0.162309
-0.00200603, 0.163127
-0.00196601, 0.163933
-0.00192748, 0.164727
-0.00189042, 0.165509
-0.00183184, 0.166787
-0.00177715, 0.168033
-0.00172622, 0.169248
-0.00167894, 0.170431
-0.00163521, 0.171585
-0.00159491, 0.172708
-0.00155793, 0.173802
-0.00152415, 0.174867
-0.00149346, 0.175904
-0.00146577, 0.176913
-0.00144097, 0.177895
-0.00141896, 0.178851
-0.00139964, 0.17978
-0.00138292, 0.180684
-0.00136871, 0.181563
-0.00135693, 0.182418
-0.00134747, 0.183249
-0.00134025, 0.184057
-0.00133521, 0.184842
-0.00133226, 0.185606
-0.00133132, 0.186347
-0.00133232, 0.187068
-0.0013352, 0.187768
-0.00133989, 0.188448
-0.00134632, 0.189109
-0.00135443, 0.189751
-0.00136416, 0.190375
-0.00137544, 0.19098
-0.00138824, 0.191568
-0.00140249, 0.192139
-0.00141814, 0.192694
-0.00143513, 0.193232
-0.00145344, 0.193755
-0.001473, 0.194262
-0.00149378, 0.194755
-0.00151573, 0.195234
-0.00153881, 0.195698
-0.00156298, 0.196149
-0.00158821, 0.196587
-0.00161446, 0.197011
-0.00164169, 0.197424
-0.00166988, 0.197824
-0.00169898, 0.198213
-0.00172898, 0.19859
-0.00175983, 0.198956
-0.00179151, 0.199311
-0.001824, 0.199656
-0.00185727, 0.199991
-0.00189129, 0.200316
-0.00192603, 0.200632
-0.00196148, 0.200938
-0.00199761, 0.201235
-0.0020344, 0.201523
-0.00207184, 0.201803
-0.00210989, 0.202075
-0.00214854, 0.202339
-0.00218777, 0.202595
-0.00222756, 0.202844
-0.0022679, 0.203085
-0.00230877, 0.20332
-0.00235015, 0.203547
-0.00239203, 0.203768
-0.00243439, 0.203982
-0.00247722, 0.20419
-0.00252051, 0.204393
-0.00256423, 0.204589
-0.00260838, 0.204779
-0.00265295, 0.204964
-0.00269792, 0.205144
-0.00274329, 0.205318
-0.00278903, 0.205488
-0.00283514, 0.205652
-0.00288161, 0.205812
-0.00292843, 0.205967
-0.00297559, 0.206118
-0.00302307, 0.206264
-0.00307088, 0.206406
-0.003119, 0.206544
-0.00316742, 0.206678
-0.00321613, 0.206809
-0.00326513, 0.206935
-0.0033144, 0.207058
-0.00336395, 0.207177
-0.00341376, 0.207293
-0.00346382, 0.207406
-0.00351413, 0.207515
-0.00356468, 0.207622
-0.00361547, 0.207725
-0.00366649, 0.207826
-0.00371773, 0.207923
-0.00376918, 0.208018
-0.00382085, 0.20811
-0.00387272, 0.2082
-0.00392479, 0.208287
-0.00397706, 0.208371
-0.00402951, 0.208453
-0.00408215, 0.208533
-0.00413497, 0.208611
-0.00418796, 0.208686
-0.00424112, 0.208759
-0.00436939, 0.208927
-0.00449856, 0.209083
-0.00462858, 0.209229
-0.00475937, 0.209366
-0.00489089, 0.209493
-0.00502307, 0.209612
-0.0051559, 0.209723
-0.00528934, 0.209827
-0.00542332, 0.209923
-0.00555782, 0.210013
-0.00569282, 0.210097
-0.00582828, 0.210175
-0.00596414, 0.210248
-0.0061004, 0.210316
-0.00623702, 0.210378
-0.00637398, 0.210437
-0.00651126, 0.21049
-0.00664881, 0.21054
-0.00678662, 0.210586
-0.00692467, 0.210628
-0.00706294, 0.210667
-0.0072014, 0.210703
-0.00734002, 0.210735
-0.00747881, 0.210764
-0.00761773, 0.210791
-0.00775677, 0.210814
-0.00789591, 0.210835
-0.00803514, 0.210854
-0.00817445, 0.21087
-0.0083138, 0.210883
-0.0084532, 0.210895
-0.00859263, 0.210904
-0.00873206, 0.210911
-0.0088715, 0.210916
-0.00901093, 0.21092
-0.00915034, 0.210921
-0.0092897, 0.21092
-0.00942902, 0.210918
-0.00956828, 0.210913
-0.0097075, 0.210907
-0.00984662, 0.2109
-0.00998565, 0.21089
-0.0101246, 0.210879
-0.0102634, 0.210867
-0.0104021, 0.210852
-0.0105406, 0.210837
-0.0106791, 0.210819
-0.0108173, 0.210801
-0.0109555, 0.21078
-0.0110934, 0.210759
-0.0112312, 0.210735
-0.0113688, 0.210711
-0.0115062, 0.210685
-0.0116435, 0.210657
-0.0117805, 0.210629
-0.0119173, 0.210598
-0.0120539, 0.210567
-0.0121903, 0.210534
-0.0123265, 0.210499
-0.0124624, 0.210464
-0.0125981, 0.210427
-0.0127335, 0.210388
-0.0128687, 0.210348
-0.0130036, 0.210307
-0.0131382, 0.210265
-0.0132726, 0.210221
-0.0134067, 0.210176
-0.0135405, 0.21013
-0.013674, 0.210082
-0.0138072, 0.210033
-0.0139402, 0.209982
-0.0140728, 0.209931
-0.0142051, 0.209878
-0.0143371, 0.209823
-0.0144687, 0.209768
-0.0146001, 0.209711
-0.014731, 0.209652
-0.0148617, 0.209593
-0.014992, 0.209532
-0.015122, 0.209469
-0.0152516, 0.209406
-0.0153809, 0.209341
-0.0155098, 0.209274
-0.0156383, 0.209207
-0.0157664, 0.209138
-0.0158942, 0.209068
-0.0160216, 0.208996
-0.0161486, 0.208923
-0.0162752, 0.208849
-0.0164015, 0.208773
-0.0165273, 0.208696
-0.0166527, 0.208618
-0.0167778, 0.208539
-0.0169024, 0.208458
-0.0170266, 0.208375
-0.0171503, 0.208292
-0.0172737, 0.208207
-0.0173966, 0.20812
-0.0175191, 0.208033
-0.0176412, 0.207944
-0.017894, 0.207754
-0.0181448, 0.207558
-0.0183937, 0.207357
-0.0186406, 0.20715
-0.0188855, 0.206936
-0.0191283, 0.206717
-0.019369, 0.206492
-0.0196077, 0.206261
-0.0198441, 0.206025
-0.0200785, 0.205782
-0.0203106, 0.205533
-0.0205405, 0.205279
-0.0207682, 0.205018
-0.0209936, 0.204752
-0.0212168, 0.20448
-0.0214376, 0.204201
-0.0216561, 0.203917
-0.0218723, 0.203627
-0.0220861, 0.203331
-0.0222975, 0.20303
-0.0225065, 0.202722
-0.0227131, 0.202409
-0.0229173, 0.20209
-0.023119, 0.201765
-0.0233182, 0.201434
-0.0235149, 0.201097
-0.0237092, 0.200755
-0.0239009, 0.200407
-0.0240901, 0.200053
-0.0242768, 0.199694
-0.0244609, 0.199329
-0.0246425, 0.198958
-0.0248215, 0.198582
-0.024998, 0.1982
-0.0251718, 0.197812
-0.025343, 0.197419
-0.0255117, 0.197021
-0.0256777, 0.196617
-0.0258412, 0.196208
-0.026002, 0.195793
-0.0261601, 0.195373
-0.0263157, 0.194948
-0.0264686, 0.194518
-0.0266189, 0.194082
-0.0267665, 0.193641
-0.0269115, 0.193195
-0.0270539, 0.192744
-0.0271936, 0.192288
-0.0273307, 0.191827
-0.0274651, 0.19136
-0.0275969, 0.190889
-0.0277261, 0.190414
-0.0278526, 0.189933
-0.0279764, 0.189448
-0.0280977, 0.188957
-0.0282163, 0.188463
-0.0283323, 0.187963
-0.0284457, 0.187459
-0.0285564, 0.186951
-0.0286646, 0.186438
-0.0287701, 0.185921
-0.0288731, 0.185399
-0.0289734, 0.184874
-0.0290712, 0.184344
-0.0291664, 0.183809
-0.0292591, 0.183271
-0.0293491, 0.182729
-0.0294367, 0.182182
-0.0295217, 0.181632
-0.0296041, 0.181078
-0.0296841, 0.18052
-0.0297616, 0.179958
-0.0298365, 0.179393
-0.029909, 0.178824
-0.029979, 0.178251
-0.0300466, 0.177675
-0.0301117, 0.177096
-0.0301744, 0.176513
-0.0302347, 0.175927
-0.0302925, 0.175338
-0.030348, 0.174745
-0.0304011, 0.174149
-0.0304518, 0.17355
-0.0305002, 0.172949
-0.0305463, 0.172344
-0.0305901, 0.171736
-0.0306315, 0.171126
-0.0306707, 0.170513
-0.0307076, 0.169897
-0.0307423, 0.169279
-0.0307747, 0.168658
-0.030805, 0.168035
-0.030833, 0.167409
-0.0308589, 0.166781
-0.0308826, 0.16615
-0.0309041, 0.165518
-0.0309235, 0.164883
-0.0309409, 0.164246
-0.0309561, 0.163607
-0.0309693, 0.162966
-0.0309804, 0.162323
-0.0309895, 0.161679
-0.0309966, 0.161032
-0.0310017, 0.160384
-0.0310048, 0.159734
-0.031006, 0.159083
-0.0310052, 0.15843
-0.0310026, 0.157776
-0.030998, 0.15712
-0.0309915, 0.156463
-0.0309833, 0.155805
-0.0309731, 0.155145
-0.0309612, 0.154484
-0.0309475, 0.153823
-0.030932, 0.15316
-0.0309147, 0.152496
-0.0308957, 0.151831
-0.030875, 0.151166
-0.0308527, 0.150499
-0.0308286, 0.149832
-0.0308029, 0.149164
-0.0307756, 0.148496
-0.0307466, 0.147827
-0.0307161, 0.147157
-0.030684, 0.146487
-0.0306504, 0.145817
-0.0306152, 0.145146
-0.0305785, 0.144475
-0.0305404, 0.143804
-0.0305008, 0.143132
-0.0304597, 0.142461
-0.0304172, 0.141789
-0.0303733, 0.141117
-0.0303281, 0.140446
-0.0302814, 0.139774
-0.0302334, 0.139102
-0.0301841, 0.138431
-0.0301335, 0.13776
-0.0300816, 0.137089
-0.0300285, 0.136419
-0.0299741, 0.135748
-0.0299185, 0.135079
-0.0298617, 0.134409
-0.0298037, 0.13374
-0.0297445, 0.133072
-0.0296842, 0.132405
-0.0296228, 0.131737
-0.0295602, 0.131071
-0.0294966, 0.130405
-0.0294319, 0.129741
-0.0293661, 0.129077
-0.0292994, 0.128413
-0.0292316, 0.127751
-0.0291628, 0.12709
-0.029093, 0.126429
-0.0290223, 0.12577
-0.0289507, 0.125111
-0.0288781, 0.124454
-0.0288046, 0.123798
-0.0287303, 0.123143
-0.028655, 0.122489
-0.028579, 0.121836
-0.028502, 0.121185
-0.0284243, 0.120535
-0.0283458, 0.119886
-0.0282665, 0.119239
-0.0281865, 0.118593
-0.0281057, 0.117949
-0.0280241, 0.117306
-0.0279419, 0.116664
-0.0278589, 0.116024
-0.0277753, 0.115385
-0.027691, 0.114748
-0.0276061, 0.114113
-0.0275205, 0.113479
-0.0274343, 0.112847
-0.0273476, 0.112217
-0.0272602, 0.111588
-0.0271722, 0.110962
-0.0270837, 0.110336
-0.0269947, 0.109713
-0.0269051, 0.109092
-0.0268151, 0.108472
-0.0267245, 0.107854
-0.0266334, 0.107238
-0.0265419, 0.106624
-0.0264499, 0.106012
-0.0263575, 0.105402
-0.0262647, 0.104794
-0.0261714, 0.104188
-0.0260777, 0.103583
-0.0259837, 0.102981
-0.0258892, 0.102381
-0.0257945, 0.101783
-0.0256993, 0.101187
-0.0256039, 0.100593
-0.0255081, 0.100001
-0.025412, 0.0994118
-0.0253156, 0.0988243
-0.0252189, 0.098239
-0.0251219, 0.0976559
-0.0250247, 0.0970749
-0.0249272, 0.0964962
-0.0248295, 0.0959196
-0.0247316, 0.0953453
-0.0246334, 0.0947733
-0.024535, 0.0942035
-0.0244365, 0.0936359
-0.0243377, 0.0930707
-0.0242388, 0.0925077
-0.0241397, 0.091947
-0.0240405, 0.0913886
-0.0239411, 0.0908326
-0.0238416, 0.0902788
-0.023742, 0.0897274
-0.0236422, 0.0891784
-0.0235424, 0.0886317
-0.0234424, 0.0880873
-0.0233424, 0.0875454
-0.0232423, 0.0870058
-0.0231421, 0.0864686
-0.0230419, 0.0859337
-0.0229416, 0.0854013
-0.0228413, 0.0848712
-0.0227409, 0.0843436
-0.0226405, 0.0838184
-0.0225401, 0.0832955
-0.0224397, 0.0827751
-0.0223393, 0.0822572
-0.0222389, 0.0817416
-0.0221386, 0.0812285
-0.0220382, 0.0807177
-0.0219379, 0.0802095
-0.0218376, 0.0797036
-0.0217374, 0.0792002
-0.0216372, 0.0786993
-0.0215371, 0.0782008
-0.021437, 0.0777047
-0.021337, 0.077211
-0.0212371, 0.0767198
-0.0211373, 0.0762311
-0.0210376, 0.0757448
-0.020938, 0.0752609
-0.0208385, 0.0747795
-0.0207391, 0.0743005
-0.0206398, 0.073824
-0.0205406, 0.0733499
-0.0204416, 0.0728782
-0.0203427, 0.072409
-0.0202439, 0.0719422
-0.0201453, 0.0714778
-0.0200469, 0.0710159
-0.0199486, 0.0705564
-0.0198505, 0.0700994
-0.0197525, 0.0696447
-0.0196547, 0.0691925
-0.0195571, 0.0687427
-0.0194597, 0.0682953
-0.0193624, 0.0678503
-0.0192654, 0.0674077
-0.0191685, 0.0669676
-0.0190719, 0.0665298
-0.0189754, 0.0660944
-0.0188792, 0.0656614
-0.0187831, 0.0652308
-0.0186873, 0.0648026
-0.0185917, 0.0643767
-0.0184964, 0.0639532
-0.0184012, 0.0635321
-0.0183063, 0.0631134
-0.0182117, 0.062697
-0.0181172, 0.0622829
-0.0180231, 0.0618712
-0.0179291, 0.0614618
-0.0178354, 0.0610548
-0.017742, 0.0606501
-0.0176488, 0.0602477
-0.0175559, 0.0598476
-0.0174632, 0.0594498
-0.0173708, 0.0590543
-0.0172787, 0.0586611
-0.0171869, 0.0582702
-0.0170953, 0.0578815
-0.017004, 0.0574952
-0.016913, 0.0571111
-0.0168222, 0.0567292
-0.0167318, 0.0563496
-0.0166416, 0.0559723
-0.0165517, 0.0555972
-0.0164621, 0.0552243
-0.0163728, 0.0548536
-0.0162838, 0.0544851
-0.0161951, 0.0541189
-0.0161067, 0.0537548
-0.0160185, 0.0533929
-0.0159307, 0.0530332
-0.0158432, 0.0526757
-0.015756, 0.0523203
-0.0156691, 0.0519671
-0.0155826, 0.051616
-0.0154017, 0.0508856
-0.0152223, 0.0501645
-0.0150442, 0.0494528
-0.0148676, 0.0487502
-0.0146924, 0.0480567
-0.0145186, 0.0473722
-0.0143462, 0.0466967
-0.0141753, 0.0460301
-0.0140059, 0.0453722
-0.0138379, 0.044723
-0.0136714, 0.0440824
-0.0135063, 0.0434503
-0.0133428, 0.0428266
-0.0131807, 0.0422113
-0.0130201, 0.0416042
-0.012861, 0.0410053
-0.0127033, 0.0404145
-0.0125472, 0.0398317
-0.0123925, 0.0392568
-0.0122393, 0.0386897
-0.0120876, 0.0381303
-0.0119374, 0.0375786
-0.0117887, 0.0370345
-0.0116415, 0.0364979
-0.0114958, 0.0359686
-0.0113515, 0.0354467
-0.0112087, 0.034932
-0.0110674, 0.0344244
-0.0109275, 0.0339239
-0.0107891, 0.0334304
-0.0106521, 0.0329438
-0.0105166, 0.0324639
-0.0103825, 0.0319908
-0.0102499, 0.0315243
-0.0101187, 0.0310645
-0.00998887, 0.0306111
-0.0098605, 0.030164
-0.00973352, 0.0297233
-0.00960793, 0.0292889
-0.00948372, 0.0288605
-0.00936088, 0.0284383
-0.0092394, 0.028022
-0.0091193, 0.0276117
-0.00900056, 0.0272073
-0.00888317, 0.0268086
-0.0087671, 0.0264156
-0.00865236, 0.0260282
-0.00853894, 0.0256463
-0.00842681, 0.02527
-0.00831599, 0.024899
-0.00820646, 0.0245334
-0.0080982, 0.024173
-0.00799121, 0.0238177
-0.00788547, 0.0234676
-0.00778097, 0.0231226
-0.00767771, 0.0227825
-0.00757568, 0.0224473
-0.00747487, 0.022117
-0.00737527, 0.0217915
-0.00727687, 0.0214706
-0.00717966, 0.0211544
-0.0070836, 0.0208428
-0.00698872, 0.0205357
-0.006895, 0.020233
-0.00680241, 0.0199348
-0.00671097, 0.0196409
-0.00662065, 0.0193512
-0.00653145, 0.0190659
-0.00644334, 0.0187846
-0.00635633, 0.0185075
-0.0062704, 0.0182344
-0.00618554, 0.0179653
-0.00610174, 0.0177001
-0.00601898, 0.0174388
-0.00593727, 0.0171814
-0.00585659, 0.0169277
-0.00577692, 0.0166777
-0.00569826, 0.0164314
-0.0056206, 0.0161887
-0.00554393, 0.0159495
-0.00546824, 0.0157139
-0.0053935, 0.0154817
-0.00531972, 0.015253
-0.00524688, 0.0150276
-0.00517498, 0.0148055
-0.00510399, 0.0145867
-0.00503393, 0.0143711
-0.00496478, 0.0141587
-0.00489651, 0.0139494
-0.00482913, 0.0137432
-0.00476262, 0.01354
-0.00469699, 0.0133399
-0.0046322, 0.0131427
-0.00456826, 0.0129484
-0.00450516, 0.0127569
-0.00444289, 0.0125683
-0.00438142, 0.0123825
-0.00432077, 0.0121994
-0.0042609, 0.012019
-0.00420183, 0.0118413
-0.00414354, 0.0116662
-0.00408603, 0.0114937
-0.00402927, 0.0113237
-0.00397328, 0.0111562
-0.00391802, 0.0109913
-0.00386349, 0.0108287
-0.0038097, 0.0106686
-0.00375662, 0.0105108
-0.00370423, 0.0103554
-0.00365256, 0.0102023
-0.00360158, 0.0100514
-0.00355127, 0.00990279
-0.00350165, 0.00975636
-0.00345269, 0.00961209
-0.00340439, 0.00946997
-0.00335674, 0.00932995
-0.00330973, 0.009192
-0.00326336, 0.00905609
-0.00321761, 0.0089222
-0.00317248, 0.00879029
-0.00312796, 0.00866034
-0.00308404, 0.00853231
-0.00304072, 0.00840617
-0.00299799, 0.00828191
-0.00295584, 0.00815949
-0.00291427, 0.00803888
-0.00287326, 0.00792006
-0.00283281, 0.007803
-0.00279291, 0.00768767
-0.00275356, 0.00757405
-0.00271475, 0.00746212
-0.00267646, 0.00735184
-0.0026387, 0.00724319
-0.00260146, 0.00713616
-0.00256472, 0.00703072
-0.00252849, 0.00692684
-0.00249276, 0.0068245
-0.00245752, 0.00672367
-0.00242277, 0.00662434
-0.00238849, 0.00652648
-0.00235468, 0.00643007
-0.00232134, 0.00633509
-0.00228847, 0.00624152
-0.00225604, 0.00614934
-0.00222406, 0.00605851
-0.00219252, 0.00596904
-0.00216143, 0.00588089
-0.00213076, 0.00579405
-0.00210051, 0.0057085
-0.00207069, 0.00562421
-0.00204128, 0.00554117
-0.00201228, 0.00545937
-0.00198368, 0.00537877
-0.00195547, 0.00529938
-0.00192766, 0.00522115
-0.00190024, 0.00514408
-0.00187319, 0.00506816
-0.00184652, 0.00499337
-0.00182023, 0.00491968
-0.00179431, 0.00484708
-0.00176875, 0.00477556
-0.00174354, 0.0047051
-0.00171868, 0.00463567
-0.00169417, 0.00456728
-0.00167, 0.0044999
-0.00164617, 0.00443352
-0.00162266, 0.00436811
-0.0015995, 0.00430368
-0.00157666, 0.0042402
-0.00155414, 0.00417767
-0.00153192, 0.00411603
-0.00151002, 0.00405533
-0.00148844, 0.00399553
-0.00146714, 0.00393659
-0.00144616, 0.00387853
-0.00142546, 0.00382133
-0.00140505, 0.00376498
-0.00138494, 0.00370947
-0.00136511, 0.00365475
-0.00134556, 0.00360086
-0.00132628, 0.00354777
-0.00130728, 0.00349547
-0.00128853, 0.00344392
-0.00127006, 0.00339315
-0.00125184, 0.0033431
-0.00123389, 0.00329381
-0.00121617, 0.00324525
-0.0011987, 0.0031974
-0.00118148, 0.00315026
-0.00116451, 0.00310381
-0.00114778, 0.00305805
-0.00113128, 0.00301297
-0.00111501, 0.00296855
-0.00109898, 0.00292478
-0.00108319, 0.00288167
-0.00106762, 0.00283919
-0.00105226, 0.00279733
-0.0010371, 0.00275611
-0.00102216, 0.0027155
-0.00100743, 0.00267546
-0.000986822, 0.00261945
-0.000966648, 0.00256462
-0.000946874, 0.00251095
-0.000927508, 0.0024584
-0.000908525, 0.00240694
-0.000889921, 0.00235658
-0.000871696, 0.00230727
-0.000853848, 0.00225899
-0.000836375, 0.00221171
-0.000819233, 0.00216544
-0.000802442, 0.00212014
-0.000785998, 0.0020758
-0.000769887, 0.00203239
-0.000754103, 0.00198988
-0.000738649, 0.00194827
-0.000723503, 0.00190753
-0.000708649, 0.00186765
-0.000694125, 0.00182859
-0.00067988, 0.00179035
-0.000665919, 0.00175293
-0.00065225, 0.00171629
-0.000638851, 0.0016804
-0.000625718, 0.00164526
-0.000612864, 0.00161087
-0.000600265, 0.0015772
-0.000587931, 0.00154424
-0.00057584, 0.00151197
-0.000563989, 0.00148038
-0.000552391, 0.00144944
-0.000541015, 0.00141916
-0.000529872, 0.00138951
-0.000518957, 0.00136046
-0.000508276, 0.00133205
-0.000497812, 0.00130422
-0.000487569, 0.00127698
-0.000477507, 0.00125028
-0.00046765, 0.00122414
-0.000458017, 0.00119855
-0.000448587, 0.00117349
-0.000439326, 0.00114896
-0.000430244, 0.00112494
-0.000421373, 0.00110142
-0.000412676, 0.00107839
-0.000404134, 0.00105584
-0.000395776, 0.00103376
-0.000387588, 0.00101215
-0.000379579, 0.000991012
-0.000371724, 0.000970295
-0.000364041, 0.000950014
-0.000356493, 0.000930131
-0.000349122, 0.000910678
-0.000341906, 0.000891645
-0.000334831, 0.000872986
-0.000327908, 0.000854721
-0.000321147, 0.000836854
-0.000314518, 0.000819347
-0.00030803, 0.000802196
-0.000301662, 0.000785424
-0.00029542, 0.000768991
-0.000289305, 0.000752886
-0.000283306, 0.000737145
-0.000277443, 0.000721724
-0.000271702, 0.000706643
-0.000266084, 0.000691866
-0.000260562, 0.000677395
-0.000255161, 0.000663231
-0.000249885, 0.000649369
-0.000244718, 0.0006358
-0.000239639, 0.000622502
-0.000234683, 0.000609488
-0.000229828, 0.000596742
-0.000225062, 0.000584274
-0.000220385, 0.000572073
-0.000215793, 0.000560125
-0.000211329, 0.000548387
-0.000206958, 0.000536928
-0.000202651, 0.000525685
-0.000198442, 0.000514678
-0.000194324, 0.000503915
-0.000190275, 0.000493363
-0.000186319, 0.000483043
-0.000182428, 0.000472959
-0.000178631, 0.000463063
-0.000174911, 0.000453364
-0.000171282, 0.000443873
-0.000167712, 0.000434601
-0.000164233, 0.000425522
-0.000160826, 0.000416615
-0.000157468, 0.000407898
-0.000154195, 0.000399355
-0.000151002, 0.000390989
-0.000147854, 0.000382803
-0.000144777, 0.000374796
-0.000141754, 0.000366925
-0.00013879, 0.000359239
-0.000135903, 0.000351698
-0.000133058, 0.000344334
-0.000130266, 0.000337123
-0.000127562, 0.000330049
-0.000124908, 0.000323131
-0.000122307, 0.000316349
-0.000119745, 0.000309716
-0.000117243, 0.000303211
-0.000114795, 0.000296859
-0.00011239, 0.000290636
-0.000110038, 0.00028454
-0.000107734, 0.000278575
-0.000105483, 0.000272734
-0.000103279, 0.000267002
-0.000101113, 0.000261395
-9.9002e-05, 0.000255921
-9.69411e-05, 0.000250545
-9.49074e-05, 0.000245294
-9.29189e-05, 0.000240135
-9.09777e-05, 0.000235084
-8.90743e-05, 0.000230148
-8.72156e-05, 0.00022531
-8.53739e-05, 0.000220577
-8.35851e-05, 0.00021594
-8.18339e-05, 0.000211399
-8.01392e-05, 0.000206966
-7.84634e-05, 0.000202634
-7.68325e-05, 0.000198372
-7.52253e-05, 0.000194212
-7.36575e-05, 0.000190121
-7.21298e-05, 0.000186128
-7.06217e-05, 0.000182211
-6.91426e-05, 0.000178366
-6.76872e-05, 0.000174617
-6.62669e-05, 0.000170958
-6.48791e-05, 0.000167366
-6.35172e-05, 0.000163842
-6.21775e-05, 0.000160401
-6.08745e-05, 0.000157037
-5.96043e-05, 0.000153725
-5.83545e-05, 0.000150491
-5.71334e-05, 0.000147335
-5.59123e-05, 0.000144233
-5.4735e-05, 0.000141205
-5.35919e-05, 0.00013824
-5.24646e-05, 0.000135333
-5.13734e-05, 0.00013249
-5.02942e-05, 0.000129715
-4.92429e-05, 0.000126991
-4.82055e-05, 0.000124325
-4.71872e-05, 0.000121718
-4.61911e-05, 0.000119156
-4.52204e-05, 0.000116654
-4.42805e-05, 0.000114197
-4.33496e-05, 0.000111797
-4.24385e-05, 0.000109443
-4.155e-05, 0.000107136
-4.06813e-05, 0.00010488
-3.98319e-05, 0.000102674
-3.89916e-05, 0.000100509
-3.81853e-05, 9.84005e-05
-3.73878e-05, 9.63242e-05
-3.66001e-05, 9.43007e-05
-3.58327e-05, 9.23264e-05
-3.50843e-05, 9.03886e-05
-3.43462e-05, 8.84907e-05
-3.36262e-05, 8.66319e-05
-3.29259e-05, 8.48088e-05
-3.22326e-05, 8.30226e-05
-3.15506e-05, 8.12777e-05
-3.08869e-05, 7.95684e-05
-3.02441e-05, 7.78921e-05
-2.96127e-05, 7.62547e-05
-2.89888e-05, 7.46497e-05
-2.83839e-05, 7.30768e-05
-2.77968e-05, 7.15473e-05
-2.72087e-05, 7.00423e-05
-2.66382e-05, 6.85675e-05
-2.60837e-05, 6.7124e-05
-2.55419e-05, 6.57102e-05
-2.50053e-05, 6.43265e-05
-2.44769e-05, 6.2971e-05
-2.39616e-05, 6.16464e-05
-2.346e-05, 6.03383e-05
-2.29691e-05, 5.90653e-05
-2.24837e-05, 5.78221e-05
-2.20105e-05, 5.66064e-05
-2.15435e-05, 5.54127e-05
-2.10909e-05, 5.42482e-05
-2.06506e-05, 5.31096e-05
-2.02193e-05, 5.19947e-05
-1.97999e-05, 5.09018e-05
-1.93884e-05, 4.98317e-05
-1.89812e-05, 4.87832e-05
-1.8584e-05, 4.77578e-05
-1.81988e-05, 4.67548e-05
-1.78156e-05, 4.57719e-05
-1.74473e-05, 4.48093e-05
-1.70848e-05, 4.38719e-05
-1.67268e-05, 4.29528e-05
-1.63762e-05, 4.20479e-05
-1.60347e-05, 4.11643e-05
-1.57032e-05, 4.03015e-05
-1.53775e-05, 3.94539e-05
-1.50555e-05, 3.86255e-05
-1.4741e-05, 3.78121e-05
-1.44343e-05, 3.70189e-05
-1.41303e-05, 3.62415e-05
-1.38335e-05, 3.54828e-05
-1.35429e-05, 3.47377e-05
-1.32603e-05, 3.40057e-05
-1.29834e-05, 3.32918e-05
-1.27102e-05, 3.25928e-05
-1.2443e-05, 3.19101e-05
-1.2184e-05, 3.12401e-05
-1.19274e-05, 3.05874e-05
-1.16778e-05, 2.9946e-05
-1.14339e-05, 2.93209e-05
-1.11961e-05, 2.87045e-05
-1.09629e-05, 2.81024e-05
-1.07331e-05, 2.75131e-05
-1.05078e-05, 2.69373e-05
-1.02897e-05, 2.63725e-05
-1.00778e-05, 2.58187e-05
-9.86971e-06, 2.52778e-05
-9.66412e-06, 2.47497e-05
-9.46188e-06, 2.42324e-05
-9.26575e-06, 2.37263e-05
-9.07139e-06, 2.32303e-05
-8.88055e-06, 2.27441e-05
-8.6969e-06, 2.22695e-05
-8.51639e-06, 2.1802e-05
-8.33906e-06, 2.13482e-05
-8.16481e-06, 2.09043e-05
-7.99394e-06, 2.04683e-05
-7.82789e-06, 2.00425e-05
-7.66539e-06, 1.96229e-05
-7.50527e-06, 1.92142e-05
-7.34891e-06, 1.88135e-05
-7.19706e-06, 1.84218e-05
-7.048e-06, 1.8038e-05
-6.9008e-06, 1.7662e-05
-6.75765e-06, 1.72919e-05
-6.61699e-06, 1.69309e-05
-6.47811e-06, 1.658e-05
-6.34253e-06, 1.62338e-05
-6.21144e-06, 1.58949e-05
-6.08328e-06, 1.55637e-05
-5.95695e-06, 1.52388e-05
-5.83336e-06, 1.49206e-05
-5.7116e-06, 1.46101e-05
-5.59212e-06, 1.43063e-05
-5.47561e-06, 1.40096e-05
-5.36203e-06, 1.37182e-05
-5.2508e-06, 1.34335e-05
-5.14099e-06, 1.31551e-05
-5.03499e-06, 1.28811e-05
-4.93051e-06, 1.26136e-05
-4.82806e-06, 1.23513e-05
-4.72833e-06, 1.20943e-05
-4.63073e-06, 1.18432e-05
-4.53469e-06, 1.15963e-05
-4.4407e-06, 1.13553e-05
-4.34921e-06, 1.11191e-05
-4.2587e-06, 1.08878e-05
-4.17038e-06, 1.06609e-05
-4.08357e-06, 1.04393e-05
-3.99852e-06, 1.02221e-05
-3.91624e-06, 1.00099e-05
-3.83515e-06, 9.80163e-06
-3.75551e-06, 9.59812e-06
-3.67687e-06, 9.39859e-06
-3.6004e-06, 9.20331e-06
-3.52602e-06, 9.01228e-06
-3.45285e-06, 8.82545e-06
-3.38134e-06, 8.64216e-06
-3.31092e-06, 8.46257e-06
-3.24217e-06, 8.28694e-06
-3.17514e-06, 8.11478e-06
-3.10914e-06, 7.94597e-06
-3.04461e-06, 7.78088e-06
-2.98158e-06, 7.61916e-06
-2.91941e-06, 7.4608e-06
-2.85918e-06, 7.30577e-06
-2.79991e-06, 7.15403e-06
-2.74154e-06, 7.00508e-06
-2.68458e-06, 6.85969e-06
-2.62895e-06, 6.7173e-06
-2.57476e-06, 6.57779e-06
-2.5212e-06, 6.44113e-06
-2.46899e-06, 6.30715e-06
-2.41777e-06, 6.17607e-06
-2.36735e-06, 6.04766e-06
-2.31812e-06, 5.92159e-06
-2.26994e-06, 5.79868e-06
-2.22286e-06, 5.678e-06
-2.17659e-06, 5.5598e-06
-2.13139e-06, 5.44419e-06
-2.08737e-06, 5.33059e-06
-2.04415e-06, 5.22047e-06
-2.00169e-06, 5.11222e-06
-1.96016e-06, 5.00621e-06
-1.91963e-06, 4.90248e-06
-1.8798e-06, 4.80092e-06
-1.84075e-06, 4.70143e-06
-1.80213e-06, 4.60382e-06
-1.76474e-06, 4.50809e-06
-1.72801e-06, 4.41426e-06
-1.69234e-06, 4.32218e-06
-1.65722e-06, 4.23215e-06
-1.62273e-06, 4.14417e-06
-1.58875e-06, 4.05883e-06
-1.55582e-06, 3.97456e-06
-1.52328e-06, 3.89199e-06
-1.49173e-06, 3.81121e-06
-1.46065e-06, 3.73173e-06
-1.43026e-06, 3.65447e-06
-1.40059e-06, 3.57863e-06
-1.37155e-06, 3.50426e-06
-1.34325e-06, 3.43143e-06
-1.31521e-06, 3.36022e-06
-1.28764e-06, 3.29024e-06
-1.26108e-06, 3.22188e-06
-1.23492e-06, 3.15488e-06
-1.20951e-06, 3.08937e-06
-1.18477e-06, 3.02539e-06
-1.16003e-06, 2.9627e-06
-1.13563e-06, 2.90132e-06
-1.11216e-06, 2.84111e-06
-1.0893e-06, 2.78224e-06
-1.06687e-06, 2.72455e-06
-1.04489e-06, 2.66794e-06
-1.02325e-06, 2.61249e-06
-1.00209e-06, 2.55811e-06
-9.81191e-07, 2.50502e-06
-9.60969e-07, 2.45299e-06
-9.4099e-07, 2.40216e-06
-9.21398e-07, 2.3525e-06
-9.02284e-07, 2.30382e-06
-8.83591e-07, 2.25601e-06
-8.65301e-07, 2.20907e-06
-8.47064e-07, 2.16333e-06
-8.29524e-07, 2.11852e-06
-8.12416e-07, 2.0747e-06
-7.95614e-07, 2.03185e-06
-7.79134e-07, 1.98987e-06
-7.63114e-07, 1.9489e-06
-7.47344e-07, 1.90853e-06
-7.31771e-07, 1.8689e-06
-7.16515e-07, 1.83015e-06
-7.01705e-07, 1.79252e-06
-6.87278e-07, 1.75536e-06
-6.72967e-07, 1.7189e-06
-6.58913e-07, 1.68323e-06
-6.45139e-07, 1.64848e-06
-6.31721e-07, 1.61437e-06
-6.18791e-07, 1.5809e-06
-6.06013e-07, 1.54822e-06
-5.93494e-07, 1.51605e-06
-5.81353e-07, 1.48435e-06
-5.69436e-07, 1.45375e-06
-5.57425e-07, 1.42386e-06
-5.45843e-07, 1.39453e-06
-5.34627e-07, 1.36563e-06
-5.23534e-07, 1.33747e-06
-5.1261e-07, 1.30974e-06
-5.02039e-07, 1.28268e-06
-4.91737e-07, 1.25618e-06
-4.81645e-07, 1.23032e-06
-4.71829e-07, 1.20514e-06
-4.62157e-07, 1.18041e-06
-4.5258e-07, 1.15606e-06
-4.43322e-07, 1.13218e-06
-4.34178e-07, 1.1088e-06
-4.25374e-07, 1.08603e-06
-4.16515e-07, 1.06358e-06
-4.07779e-07, 1.04165e-06
-3.99372e-07, 1.02017e-06
-3.91253e-07, 9.99108e-07
-3.83116e-07, 9.78535e-07
-3.75164e-07, 9.58438e-07
-3.67381e-07, 9.38675e-07
-3.59777e-07, 9.19394e-07
-3.52436e-07, 9.00474e-07
-3.45216e-07, 8.81915e-07
-3.38032e-07, 8.63785e-07
-3.31057e-07, 8.46202e-07
-3.24384e-07, 8.28736e-07
-3.17663e-07, 8.11576e-07
-3.11235e-07, 7.94975e-07
-3.0486e-07, 7.78608e-07
-2.98674e-07, 7.62548e-07
-2.92664e-07, 7.46983e-07
-2.86888e-07, 7.31623e-07
-2.80985e-07, 7.16687e-07
-2.75164e-07, 7.02008e-07
-2.69559e-07, 6.87641e-07
-2.64077e-07, 6.73463e-07
-2.58637e-07, 6.59603e-07
-2.53351e-07, 6.46154e-07
-2.48233e-07, 6.3292e-07
-2.43192e-07, 6.20079e-07
-2.38333e-07, 6.07354e-07
-2.33484e-07, 5.9489e-07
-2.28736e-07, 5.82713e-07
-2.22659e-07, 5.66375e-07
-2.16863e-07, 5.50576e-07
-2.10563e-07, 5.35546e-07
-2.04785e-07, 5.21079e-07
-1.99343e-07, 5.0681e-07
-1.93921e-07, 4.92927e-07
-1.88289e-07, 4.79415e-07
-1.83106e-07, 4.66171e-07
-1.78166e-07, 4.5331e-07
-1.73121e-07, 4.40406e-07
-1.68056e-07, 4.28513e-07
-1.63331e-07, 4.168e-07
-1.58792e-07, 4.05159e-07
-1.54646e-07, 3.9363e-07
-1.50478e-07, 3.82845e-07
-1.46688e-07, 3.72367e-07
-1.4244e-07, 3.62507e-07
-1.38315e-07, 3.52458e-07
-1.34524e-07, 3.42525e-07
-1.30867e-07, 3.32861e-07
-1.27429e-07, 3.23673e-07
-1.23871e-07, 3.14592e-07
-1.20485e-07, 3.05769e-07
-1.17102e-07, 2.97322e-07
-1.13889e-07, 2.89233e-07
-1.11054e-07, 2.81168e-07
-1.08213e-07, 2.73298e-07
-1.05121e-07, 2.65965e-07
-1.02106e-07, 2.586e-07
-9.92327e-08, 2.51195e-07
-9.64336e-08, 2.44146e-07
-9.37544e-08, 2.37353e-07
-9.11526e-08, 2.30854e-07
-8.87219e-08, 2.24527e-07
-8.61933e-08, 2.18261e-07
-8.3991e-08, 2.12463e-07
-8.1506e-08, 2.06656e-07
-7.9068e-08, 2.01031e-07
-7.6978e-08, 1.95615e-07
-7.50631e-08, 1.90359e-07
-7.30123e-08, 1.85095e-07
-7.10563e-08, 1.79915e-07
-6.92154e-08, 1.74968e-07
-6.71796e-08, 1.70325e-07
-6.53625e-08, 1.65649e-07
-6.37549e-08, 1.61191e-07
-6.22185e-08, 1.56611e-07
-6.05452e-08, 1.52149e-07
-5.88701e-08, 1.47927e-07
-5.73058e-08, 1.43848e-07
-5.578e-08, 1.39825e-07
-5.43328e-08, 1.36014e-07
-5.2819e-08, 1.32196e-07
-5.1339e-08, 1.28519e-07
-4.98825e-08, 1.2512e-07
-4.85778e-08, 1.21838e-07
-4.73274e-08, 1.18384e-07
-4.58844e-08, 1.15248e-07
-4.46094e-08, 1.12247e-07
-4.34472e-08, 1.09156e-07
-4.22403e-08, 1.05978e-07
-4.1171e-08, 1.03112e-07
-4.00807e-08, 1.00397e-07
-3.9042e-08, 9.7655e-08
-3.80514e-08, 9.49947e-08
-3.69749e-08, 9.24364e-08
-3.5992e-08, 8.98843e-08
-3.49365e-08, 8.72433e-08
-3.39524e-08, 8.49395e-08
-3.31176e-08, 8.26175e-08
-3.21831e-08, 8.03592e-08
-3.13157e-08, 7.8156e-08
-3.05102e-08, 7.58654e-08
-2.96711e-08, 7.36776e-08
-2.90252e-08, 7.15184e-08
-2.82519e-08, 6.95682e-08
-2.74571e-08, 6.76888e-08
-2.67066e-08, 6.59397e-08
-2.59703e-08, 6.4052e-08
-2.5252e-08, 6.24369e-08
-2.4559e-08, 6.06371e-08
-2.39476e-08, 5.91896e-08
-2.33399e-08, 5.7504e-08
-2.27781e-08, 5.59511e-08
-2.21934e-08, 5.46093e-08
-2.15909e-08, 5.32399e-08
-2.09722e-08, 5.19785e-08
-2.0374e-08, 5.06594e-08
-1.99374e-08, 4.9319e-08
-1.94851e-08, 4.82148e-08
-1.88354e-08, 4.69743e-08
-1.83267e-08, 4.57846e-08
-1.79846e-08, 4.4615e-08
-1.7463e-08, 4.33382e-08
-1.70588e-08, 4.20956e-08
-1.65449e-08, 4.10509e-08
-1.61273e-08, 4.01259e-08
-1.58055e-08, 3.92124e-08
-1.55318e-08, 3.81533e-08
-1.51294e-08, 3.70651e-08
-1.48221e-08, 3.59541e-08
-1.44851e-08, 3.49783e-08
-1.41088e-08, 3.40601e-08
-1.38633e-08, 3.31716e-08
-1.36004e-08, 3.22836e-08
-1.32091e-08, 3.14476e-08
-1.28404e-08, 3.0755e-08
-1.24321e-08, 2.99873e-08
-1.20483e-08, 2.92046e-08
-1.16829e-08, 2.84269e-08
-1.14011e-08, 2.77877e-08
-1.11656e-08, 2.71027e-08
-1.08876e-08, 2.64896e-08
-1.07139e-08, 2.58888e-08
-1.04798e-08, 2.52765e-08
-1.02198e-08, 2.47126e-08
-1.00169e-08, 2.40174e-08
-9.73089e-09, 2.33772e-08
-9.57595e-09, 2.27416e-08
-9.42216e-09, 2.20436e-08
-9.19508e-09, 2.15872e-08
-8.93178e-09, 2.09765e-08
-8.66591e-09, 2.0445e-08
-8.45646e-09, 2.00065e-08
-8.31591e-09, 1.95054e-08
-8.05276e-09, 1.90981e-08
-7.91746e-09, 1.85943e-08
-7.68911e-09, 1.8204e-08
-7.54146e-09, 1.77495e-08
-7.3989e-09, 1.72886e-08
-7.22312e-09, 1.69126e-08
-7.06184e-09, 1.65595e-08
-6.9495e-09, 1.61723e-08
-6.75636e-09, 1.57905e-08
-6.60497e-09, 1.54607e-08
-6.37286e-09, 1.51234e-08
-6.25943e-09, 1.47634e-08
-6.15391e-09, 1.44037e-08
-6.19358e-09, 1.41612e-08
-6.06624e-09, 1.3746e-08
-5.98539e-09, 1.3418e-08
-5.90683e-09, 1.31111e-08
-5.69062e-09, 1.27178e-08
-5.59045e-09, 1.2441e-08
-5.43583e-09, 1.21829e-08
-5.38837e-09, 1.19835e-08
-5.07073e-09, 1.17711e-08
-4.88154e-09, 1.15562e-08
-4.7945e-09, 1.13935e-08
-4.78153e-09, 1.11014e-08
-4.50717e-09, 1.07857e-08
-4.25168e-09, 1.06542e-08
-3.92513e-09, 1.06133e-08
-3.88159e-09, 1.04073e-08
-4.00089e-09, 1.02268e-08
-4.16238e-09, 1.00739e-08
-4.04798e-09, 1.01333e-08
-3.31957e-09, 9.83253e-09
-3.48257e-09, 1.00561e-08
-3.2913e-09, 9.86031e-09
-3.34516e-09, 9.29287e-09
-3.33537e-09, 9.03922e-09
-3.24254e-09, 9.0709e-09
-3.10342e-09, 9.17601e-09
-3.23322e-09, 9.03244e-09
-3.57907e-09, 8.81588e-09
-3.1863e-09, 9.42444e-09
-2.96562e-09, 9.04108e-09
-3.58804e-09, 9.455e-09
-3.57296e-09, 8.81873e-09
-3.34433e-09, 8.55927e-09
-3.23606e-09, 8.12229e-09
-3.41563e-09, 8.27356e-09
-4.10494e-09, 8.41979e-09
-4.10697e-09, 8.90375e-09
-4.06581e-09, 9.14525e-09
-4.04285e-09, 1.03746e-08
-3.77613e-09, 1.11234e-08
-2.45579e-09, 1.08052e-08
-1.69328e-09, 1.1151e-08
-8.02147e-10, 1.07687e-08
-9.22349e-10, 1.03292e-08
-1.01475e-09, 1.06822e-08
-9.91827e-10, 1.10427e-08
-1.15002e-09, 1.21238e-08
-1.26886e-09, 1.17874e-08
-1.47784e-09, 1.14626e-08
-1.43714e-09, 1.15698e-08
-1.23627e-09, 1.2517e-08
-1.0339e-09, 1.2525e-08
-7.6361e-10, 1.3027e-08
-5.58505e-10, 1.29636e-08
2.85022e-10, 1.34027e-08
7.4015e-10, 1.35311e-08
-1.63387e-10, 1.27867e-08
1.07556e-10, 1.276e-08
-3.71863e-10, 1.33736e-08
-7.34519e-10, 1.42834e-08
-1.22117e-09, 1.41381e-08
-1.66362e-09, 1.35665e-08
-1.97484e-09, 1.3215e-08
-1.96267e-09, 1.35913e-08
-2.46018e-09, 1.34717e-08
-4.69351e-10, 1.30483e-08
9.10866e-11, 1.28391e-08
-1.16721e-09, 1.27023e-08
-2.2593e-09, 1.33221e-08
-2.5172e-09, 1.27149e-08
-3.52242e-09, 1.2594e-08
-3.28057e-09, 1.1973e-08
-3.79981e-09, 1.26377e-08
-3.96347e-09, 1.24024e-08
-4.40936e-09, 1.24202e-08
-3.35778e-09, 1.24566e-08
-3.82273e-09, 1.26808e-08
-2.4135e-09, 1.22208e-08
-3.00252e-09, 1.18455e-08
-3.22819e-09, 1.23049e-08
-3.44696e-09, 1.24607e-08
-2.70922e-09, 1.30262e-08
-2.38186e-09, 1.35827e-08
-2.38082e-09, 1.30596e-08
-2.93015e-09, 1.24724e-08
-2.53374e-09, 1.22394e-08
-1.64739e-09, 1.19466e-08
-1.71023e-09, 1.22658e-08
-1.85705e-09, 1.21805e-08
-1.91538e-09, 1.17813e-08
-1.78882e-09, 1.12123e-08
-1.74869e-09, 1.10395e-08
-1.46776e-09, 1.09574e-08
-1.2723e-09, 1.0872e-08
-1.59232e-09, 1.07738e-08
-2.00188e-09, 1.10572e-08
-1.53034e-09, 1.11592e-08
-1.67741e-09, 1.06744e-08
-1.54611e-09, 1.04802e-08
-1.20149e-09, 1.01017e-08
-1.05688e-09, 9.75799e-09
-1.30942e-09, 9.78638e-09
-9.78777e-10, 9.50335e-09
-1.00594e-09, 9.44591e-09
-9.1234e-10, 9.40554e-09
-6.409e-10, 9.20461e-09
-2.9069e-10, 9.12425e-09
4.32409e-10, 8.72321e-09
6.51807e-10, 9.21436e-09
3.06985e-10, 9.17388e-09
3.74674e-10, 9.33906e-09
4.86294e-10, 9.52682e-09
7.351e-10, 9.63011e-09
6.56305e-10, 9.3326e-09
6.83968e-10, 9.22051e-09
6.11465e-10, 8.76995e-09
5.12724e-10, 8.52522e-09
4.83375e-10, 8.23407e-09
2.23848e-10, 8.14639e-09
-6.19756e-11, 8.01997e-09
-2.14099e-10, 7.81079e-09
-1.68347e-10, 7.45446e-09
-2.34195e-10, 7.08584e-09
3.29418e-11, 6.98265e-09
-1.65133e-10, 6.68296e-09
-1.93437e-10, 6.46478e-09
-4.88747e-11, 6.24727e-09
-1.55896e-10, 6.14745e-09
-7.75206e-11, 6.10183e-09
-1.2898e-10, 6.00562e-09
-1.98144e-10, 5.97168e-09
-2.85645e-10, 5.70486e-09
-3.25759e-10, 5.4145e-09
-3.21093e-10, 5.29018e-09
-2.79306e-10, 5.07637e-09
-2.75685e-10, 4.90304e-09
-2.2251e-10, 4.77069e-09
-1.86979e-10, 4.6575e-09
-2.63835e-10, 4.48633e-09
-2.96387e-10, 4.30499e-09
-3.49839e-10, 4.1469e-09
-3.50175e-10, 4.04214e-09
-3.29445e-10, 3.95341e-09
-3.19394e-10, 3.79112e-09
-2.88899e-10, 3.65608e-09
-2.68464e-10, 3.55887e-09
-2.47608e-10, 3.50242e-09
-2.33637e-10, 3.39927e-09
-2.32799e-10, 3.29509e-09
-2.25149e-10, 3.20438e-09
-2.19666e-10, 3.1205e-09
-2.13561e-10, 3.04025e-09
-2.01331e-10, 2.96673e-09
-1.92848e-10, 2.89551e-09
-1.86464e-10, 2.82542e-09
-1.80668e-10, 2.75693e-09
-1.75837e-10, 2.67703e-09
-1.71256e-10, 2.59923e-09
-1.67317e-10, 2.52364e-09
-1.63902e-10, 2.46119e-09
-1.60123e-10, 2.39014e-09
-1.56445e-10, 2.33123e-09
-1.53227e-10, 2.27394e-09
-1.49229e-10, 2.21841e-09
-1.45311e-10, 2.16424e-09
-1.4148e-10, 2.1114e-09
-1.37739e-10, 2.05987e-09
-1.34083e-10, 2.00959e-09
-1.30806e-10, 1.96065e-09
-1.27949e-10, 1.91305e-09
-1.24916e-10, 1.86677e-09
-1.21583e-10, 1.82182e-09
-1.18328e-10, 1.77799e-09
-1.14577e-10, 1.7358e-09
-1.10202e-10, 1.69537e-09
-1.05393e-10, 1.65656e-09
-9.87572e-11, 1.62063e-09
-9.228e-11, 1.58566e-09
-8.5809e-11, 1.55169e-09
-7.86169e-11, 1.51897e-09
-7.20562e-11, 1.48792e-09
-6.70184e-11, 1.4601e-09
-6.49576e-11, 1.43774e-09
-6.28416e-11, 1.42456e-09
-6.12539e-11, 1.41231e-09
-6.00652e-11, 1.40115e-09
-5.90125e-11, 1.39064e-09
-6.11804e-11, 1.38609e-09
-6.19276e-11, 1.3859e-09
-6.26539e-11, 1.38573e-09
-6.33767e-11, 1.38555e-09
-6.376e-11, 1.38548e-09
-6.41122e-11, 1.38541e-09
-6.44528e-11, 1.38535e-09
-6.47829e-11, 1.38528e-09
-6.51029e-11, 1.38523e-09
-6.54129e-11, 1.38517e-09
-6.57136e-11, 1.38512e-09
-6.60046e-11, 1.38507e-09
-6.62874e-11, 1.38502e-09
-6.6561e-11, 1.38498e-09
-6.68253e-11, 1.38494e-09
-6.70816e-11, 1.38489e-09
-6.73304e-11, 1.38486e-09
-6.75709e-11, 1.38482e-09
-6.78039e-11, 1.38479e-09
-6.803e-11, 1.38475e-09
-6.82496e-11, 1.38472e-09
-6.84614e-11, 1.38469e-09
-6.86671e-11, 1.38467e-09
-6.88654e-11, 1.38464e-09
-6.90583e-11, 1.38461e-09
-6.92454e-11, 1.38459e-09
-6.94266e-11, 1.38457e-09
-6.96019e-11, 1.38454e-09
-6.97718e-11, 1.38452e-09
-6.99366e-11, 1.3845e-09
-7.00965e-11, 1.38448e-09
-7.02515e-11, 1.38446e-09
-7.0401e-11, 1.38445e-09
-7.05458e-11, 1.38443e-09
-7.06861e-11, 1.38442e-09
-7.08228e-11, 1.3844e-09
-7.09547e-11, 1.38439e-09
-7.10825e-11, 1.38437e-09
-7.12061e-11, 1.38436e-09
-7.13266e-11, 1.38435e-09
-7.14428e-11, 1.38434e-09
-7.15556e-11, 1.38433e-09
-7.16651e-11, 1.38432e-09
-7.17714e-11, 1.38431e-09
-7.18734e-11, 1.3843e-09
-7.19727e-11, 1.38429e-09
-7.20685e-11, 1.38428e-09
-7.21622e-11, 1.38427e-09
-7.22525e-11, 1.38426e-09
-7.234e-11, 1.38425e-09
-7.24246e-11, 1.38425e-09
-7.25065e-11, 1.38424e-09
-7.25866e-11, 1.38423e-09
-7.26641e-11, 1.38423e-09
-7.27381e-11, 1.38422e-09
-7.28108e-11, 1.38422e-09
-7.28812e-11, 1.38421e-09
-7.29495e-11, 1.38421e-09
-7.30153e-11, 1.3842e-09
-7.30786e-11, 1.3842e-09
-7.31405e-11, 1.38419e-09
-7.32014e-11, 1.38419e-09
-7.32596e-11, 1.38418e-09
-7.33162e-11, 1.38418e-09
-7.33696e-11, 1.38417e-09
-7.34221e-11, 1.38417e-09
-7.34733e-11, 1.38417e-09
-7.35223e-11, 1.38416e-09
-7.35704e-11, 1.38416e-09
-7.36165e-11, 1.38416e-09
-7.36612e-11, 1.38415e-09
-7.37047e-11, 1.38415e-09
-7.37469e-11, 1.38415e-09
-7.37886e-11, 1.38414e-09
-7.38279e-11, 1.38414e-09
-7.38662e-11, 1.38414e-09
-7.3903e-11, 1.38414e-09
-7.39392e-11, 1.38413e-09
-7.39747e-11, 1.38413e-09
-7.40087e-11, 1.38413e-09
-7.40416e-11, 1.38413e-09
-7.40732e-11, 1.38413e-09
-7.41041e-11, 1.38412e-09
-7.41338e-11, 1.38412e-09
-7.4163e-11, 1.38412e-09
-7.41916e-11, 1.38412e-09
-7.4219e-11, 1.38412e-09
-7.42455e-11, 1.38412e-09
-7.42708e-11, 1.38411e-09
-7.42962e-11, 1.38411e-09
-7.43206e-11, 1.38411e-09
-7.43434e-11, 1.38411e-09
-7.43655e-11, 1.38411e-09
-7.43872e-11, 1.38411e-09
-7.44089e-11, 1.38411e-09
-7.44294e-11, 1.3841e-09
-7.4449e-11, 1.3841e-09
-7.44687e-11, 1.3841e-09
-7.44872e-11, 1.3841e-09
-7.45056e-11, 1.3841e-09
-7.45226e-11, 1.3841e-09
-7.45396e-11, 1.3841e-09
-7.45556e-11, 1.3841e-09
-7.45714e-11, 1.38409e-09
-7.4587e-11, 1.38409e-09
-7.46023e-11, 1.38409e-09
-7.46173e-11, 1.38409e-09
-7.46314e-11, 1.38409e-09
-7.46447e-11, 1.38409e-09
-7.46579e-11, 1.38409e-09
-7.46698e-11, 1.38409e-09
-7.46826e-11, 1.38409e-09
-7.46949e-11, 1.38409e-09
-7.47063e-11, 1.38409e-09
-7.47173e-11, 1.38409e-09
-7.47286e-11, 1.38409e-09
-7.4739e-11, 1.38409e-09
-7.47491e-11, 1.38409e-09
-7.47591e-11, 1.38409e-09
-7.47681e-11, 1.38409e-09
-7.47776e-11, 1.38409e-09
-7.4787e-11, 1.38409e-09
-7.47958e-11, 1.38408e-09
-7.48042e-11, 1.38408e-09
-7.48125e-11, 1.38408e-09
-7.48197e-11, 1.38408e-09
-7.48271e-11, 1.38408e-09
-7.48352e-11, 1.38408e-09
-7.48424e-11, 1.38408e-09
-7.48494e-11, 1.38408e-09
-7.48558e-11, 1.38408e-09
-7.48625e-11, 1.38408e-09
-7.48695e-11, 1.38408e-09
-7.48756e-11, 1.38408e-09
-7.48816e-11, 1.38408e-09
-7.48871e-11, 1.38408e-09
-7.48926e-11, 1.38408e-09
-7.48981e-11, 1.38408e-09
-7.49032e-11, 1.38408e-09
-7.49079e-11, 1.38408e-09
-7.49135e-11, 1.38408e-09
-7.49185e-11, 1.38408e-09
-7.49229e-11, 1.38408e-09
-7.49269e-11, 1.38408e-09
-7.49313e-11, 1.38408e-09
-7.49351e-11, 1.38408e-09
-7.49392e-11, 1.38408e-09
-7.49432e-11, 1.38408e-09
-7.49475e-11, 1.38408e-09
-7.49507e-11, 1.38408e-09
-7.49545e-11, 1.38408e-09
-7.4958e-11, 1.38408e-09
-7.49612e-11, 1.38408e-09
-7.49648e-11, 1.38408e-09
-7.49675e-11, 1.38408e-09
-7.49702e-11, 1.38408e-09
-7.49736e-11, 1.38408e-09
-7.49771e-11, 1.38408e-09
-7.49796e-11, 1.38408e-09
-7.49825e-11, 1.38408e-09
-7.49853e-11, 1.38408e-09
-7.49883e-11, 1.38408e-09
-7.49903e-11, 1.38408e-09
-7.49929e-11, 1.38408e-09
-7.49955e-11, 1.38408e-09
-7.49978e-11, 1.38408e-09
-7.50006e-11, 1.38408e-09
-7.50024e-11, 1.38408e-09
-7.50047e-11, 1.38408e-09
-7.50069e-11, 1.38408e-09
-7.50096e-11, 1.38408e-09
-7.50115e-11, 1.38408e-09
-7.50136e-11, 1.38408e-09
-7.50156e-11, 1.38408e-09
-7.50173e-11, 1.38408e-09
-7.50195e-11, 1.38408e-09
-7.50215e-11, 1.38408e-09
-7.5023e-11, 1.38408e-09
-7.50244e-11, 1.38408e-09
-7.50261e-11, 1.38408e-09
-7.50275e-11, 1.38408e-09
-7.5029e-11, 1.38408e-09
-7.50301e-11, 1.38408e-09
-7.50314e-11, 1.38408e-09
-7.50325e-11, 1.38408e-09
-7.50338e-11, 1.38408e-09
-7.50349e-11, 1.38408e-09
-7.5036e-11, 1.38408e-09
-7.50375e-11, 1.38408e-09
-7.50387e-11, 1.38408e-09
-7.50405e-11, 1.38408e-09
-7.50424e-11, 1.38408e-09
-7.50436e-11, 1.38408e-09
-7.50448e-11, 1.38408e-09
-7.50457e-11, 1.38408e-09
-7.50462e-11, 1.38408e-09
-7.50473e-11, 1.38408e-09
-7.50479e-11, 1.38408e-09
-7.50486e-11, 1.38408e-09
-7.50491e-11, 1.38408e-09
-7.505e-11, 1.38408e-09
-7.50507e-11, 1.38408e-09
-7.50515e-11, 1.38408e-09
-7.50522e-11, 1.38408e-09
-7.5053e-11, 1.38408e-09
-7.50534e-11, 1.38408e-09
-7.50537e-11, 1.38408e-09
-7.5054e-11, 1.38408e-09
-7.50549e-11, 1.38408e-09
-7.50562e-11, 1.38408e-09
-7.50564e-11, 1.38408e-09
-7.50574e-11, 1.38408e-09
-7.50581e-11, 1.38408e-09
-7.50589e-11, 1.38408e-09
-7.50597e-11, 1.38408e-09
-7.50599e-11, 1.38408e-09
-7.50603e-11, 1.38408e-09
-7.50608e-11, 1.38408e-09
-7.50614e-11, 1.38408e-09
-7.5062e-11, 1.38408e-09
-7.50619e-11, 1.38408e-09
-7.50621e-11, 1.38408e-09
-7.50619e-11, 1.38408e-09
-7.50623e-11, 1.38408e-09
-7.50624e-11, 1.38408e-09
-7.50629e-11, 1.38408e-09
-7.50636e-11, 1.38408e-09
-7.50645e-11, 1.38408e-09
-7.50651e-11, 1.38408e-09
-7.50652e-11, 1.38408e-09
-7.50659e-11, 1.38408e-09
-7.50663e-11, 1.38408e-09
-7.50666e-11, 1.38408e-09
-7.50679e-11, 1.38408e-09
-7.50683e-11, 1.38408e-09
-7.50685e-11, 1.38408e-09
-7.50683e-11, 1.38408e-09
-7.50685e-11, 1.38408e-09
-7.50687e-11, 1.38408e-09
-7.5069e-11, 1.38408e-09
-7.50691e-11, 1.38408e-09
-7.50691e-11, 1.38408e-09
-7.50695e-11, 1.38408e-09
-7.50701e-11, 1.38408e-09
-7.507e-11, 1.38408e-09
-7.50698e-11, 1.38408e-09
-7.50698e-11, 1.38408e-09
-7.50703e-11, 1.38408e-09
-7.50705e-11, 1.38408e-09
-7.50704e-11, 1.38408e-09
-7.50707e-11, 1.38408e-09
-7.50712e-11, 1.38408e-09
-7.50711e-11, 1.38408e-09
-7.50713e-11, 1.38408e-09
-7.50719e-11, 1.38408e-09
-7.50717e-11, 1.38408e-09
-7.5072e-11, 1.38408e-09
-7.5072e-11, 1.38408e-09
-7.50723e-11, 1.38408e-09
-7.50725e-11, 1.38408e-09
-7.50723e-11, 1.38408e-09
-7.50728e-11, 1.38408e-09
-7.50739e-11, 1.38408e-09
-7.50742e-11, 1.38408e-09
-7.5075e-11, 1.38408e-09
-7.50753e-11, 1.38408e-09
-7.50755e-11, 1.38408e-09
-7.50751e-11, 1.38408e-09
-7.5075e-11, 1.38408e-09
-7.5075e-11, 1.38408e-09
-7.50747e-11, 1.38408e-09
-7.50744e-11, 1.38408e-09
-7.50746e-11, 1.38408e-09
-7.50749e-11, 1.38408e-09
-7.50748e-11, 1.38408e-09
-7.50742e-11, 1.38408e-09
-7.5074e-11, 1.38408e-09
-7.50738e-11, 1.38408e-09
-7.50736e-11, 1.38408e-09
-7.50734e-11, 1.38408e-09
-7.50728e-11, 1.38408e-09
-7.50729e-11, 1.38408e-09
-7.50725e-11, 1.38408e-09
-7.50724e-11, 1.38408e-09
-7.5072e-11, 1.38408e-09
-7.5072e-11, 1.38408e-09
-7.50721e-11, 1.38408e-09
-7.50724e-11, 1.38408e-09
-7.50729e-11, 1.38408e-09
-7.5073e-11, 1.38408e-09
-7.50736e-11, 1.38408e-09
-7.50739e-11, 1.38408e-09
-7.50736e-11, 1.38408e-09
-7.50743e-11, 1.38408e-09
-7.50738e-11, 1.38408e-09
-7.50737e-11, 1.38408e-09
-7.50738e-11, 1.38408e-09
-7.5074e-11, 1.38408e-09
-7.50741e-11, 1.38408e-09
-7.50735e-11, 1.38408e-09
-7.50737e-11, 1.38408e-09
-7.50738e-11, 1.38408e-09
-7.50736e-11, 1.38408e-09
-7.50739e-11, 1.38408e-09
-7.50741e-11, 1.38408e-09
-7.50745e-11, 1.38408e-09
-7.50749e-11, 1.38408e-09
-7.50748e-11, 1.38408e-09
-7.50747e-11, 1.38408e-09
-7.50748e-11, 1.38408e-09
-7.50749e-11, 1.38408e-09
-7.50753e-11, 1.38408e-09
-7.50748e-11, 1.38408e-09
-7.50754e-11, 1.38408e-09
-7.5075e-11, 1.38408e-09
-7.50755e-11, 1.38408e-09
-7.50757e-11, 1.38408e-09
-7.50759e-11, 1.38408e-09
-7.50759e-11, 1.38408e-09
-7.50762e-11, 1.38408e-09
-7.50754e-11, 1.38408e-09
-7.50751e-11, 1.38408e-09
-7.50756e-11, 1.38408e-09
-7.50759e-11, 1.38408e-09
-7.50755e-11, 1.38408e-09
-7.50757e-11, 1.38408e-09
-7.50758e-11, 1.38408e-09
-7.5076e-11, 1.38408e-09
-7.50765e-11, 1.38408e-09
-7.50761e-11, 1.38408e-09
-7.50759e-11, 1.38408e-09
-7.50759e-11, 1.38408e-09
-7.50756e-11, 1.38408e-09
-7.50755e-11, 1.38408e-09
-7.50754e-11, 1.38408e-09
-7.50756e-11, 1.38408e-09
-7.50756e-11, 1.38408e-09
-7.50758e-11, 1.38408e-09
-7.50758e-11, 1.38408e-09
-7.50758e-11, 1.38408e-09
-7.50758e-11, 1.38408e-09
-7.50757e-11, 1.38408e-09
-7.50763e-11, 1.38408e-09
-7.50763e-11, 1.38408e-09
-7.50765e-11, 1.38408e-09
-7.50763e-11, 1.38408e-09
-7.50764e-11, 1.38408e-09
-7.50759e-11, 1.38408e-09
-7.50756e-11, 1.38408e-09
-7.50757e-11, 1.38408e-09
-7.50757e-11, 1.38408e-09
-7.50756e-11, 1.38408e-09
-7.50755e-11, 1.38408e-09
-7.5076e-11, 1.38408e-09
-7.5076e-11, 1.38408e-09
-7.50756e-11, 1.38408e-09
-7.50758e-11, 1.38408e-09
-7.5076e-11, 1.38408e-09
-7.50758e-11, 1.38408e-09
-7.50763e-11, 1.38408e-09
-7.50765e-11, 1.38408e-09
-7.50767e-11, 1.38408e-09
-7.50765e-11, 1.38408e-09
-7.50769e-11, 1.38408e-09
-7.50766e-11, 1.38408e-09
-7.50762e-11, 1.38408e-09
-7.50763e-11, 1.38408e-09
-7.50769e-11, 1.38408e-09
-7.5077e-11, 1.38408e-09
-7.50771e-11, 1.38408e-09
-7.50773e-11, 1.38408e-09
-7.50775e-11, 1.38408e-09
-7.50771e-11, 1.38408e-09
-7.50774e-11, 1.38408e-09
-7.50773e-11, 1.38408e-09
-7.50779e-11, 1.38408e-09
-7.50775e-11, 1.38408e-09
-7.50777e-11, 1.38408e-09
-7.50778e-11, 1.38408e-09
-7.50776e-11, 1.38408e-09
-7.50779e-11, 1.38408e-09
-7.50782e-11, 1.38408e-09
-7.50786e-11, 1.38408e-09
-7.50787e-11, 1.38408e-09
-7.50786e-11, 1.38408e-09
-7.50782e-11, 1.38408e-09
-7.5078e-11, 1.38408e-09
-7.50778e-11, 1.38408e-09
-7.50773e-11, 1.38408e-09
-7.50775e-11, 1.38408e-09
-7.50774e-11, 1.38408e-09
-7.50775e-11, 1.38408e-09
-7.50773e-11, 1.38408e-09
-7.50769e-11, 1.38408e-09
-7.5077e-11, 1.38408e-09
-7.50762e-11, 1.38408e-09
-7.50762e-11, 1.38408e-09
-7.50755e-11, 1.38408e-09
-7.50754e-11, 1.38408e-09
-7.50752e-11, 1.38408e-09
-7.50754e-11, 1.38408e-09
-7.50755e-11, 1.38408e-09
-7.5076e-11, 1.38408e-09
-7.50762e-11, 1.38408e-09
-7.50763e-11, 1.38409e-09
-7.50766e-11, 1.38409e-09
-7.50761e-11, 1.38408e-09
-7.5076e-11, 1.38409e-09
-7.50763e-11, 1.38409e-09
-7.50766e-11, 1.38409e-09
-7.50769e-11, 1.38409e-09
-7.50766e-11, 1.38409e-09
-7.50769e-11, 1.38409e-09
-7.50772e-11, 1.38409e-09
-7.50774e-11, 1.38409e-09
-7.50772e-11, 1.38409e-09
-7.50778e-11, 1.38409e-09
-7.50779e-11, 1.38409e-09
-7.5078e-11, 1.38409e-09
-7.50783e-11, 1.38409e-09
-7.50787e-11, 1.38409e-09
-7.50787e-11, 1.38409e-09
-7.50785e-11, 1.38409e-09
-7.50785e-11, 1.38409e-09
-7.50783e-11, 1.38409e-09
-7.50776e-11, 1.38409e-09
-7.5078e-11, 1.38409e-09
-7.50776e-11, 1.38409e-09
-7.50776e-11, 1.38409e-09
-7.5078e-11, 1.38409e-09
-7.50781e-11, 1.38409e-09
-7.50781e-11, 1.38409e-09
-7.50777e-11, 1.38409e-09
-7.5078e-11, 1.38409e-09
-7.50782e-11, 1.38409e-09
-7.50781e-11, 1.38409e-09
-7.50782e-11, 1.38409e-09
-7.5078e-11, 1.38409e-09
-7.50783e-11, 1.38409e-09
-7.50778e-11, 1.38409e-09
-7.50774e-11, 1.38409e-09
-7.50769e-11, 1.38409e-09
-7.50764e-11, 1.38409e-09
-7.50761e-11, 1.38409e-09
-7.50763e-11, 1.38409e-09
-7.50759e-11, 1.38409e-09
-7.5076e-11, 1.38409e-09
-7.50757e-11, 1.38409e-09
-7.50763e-11, 1.38409e-09
-7.50762e-11, 1.38409e-09
-7.50759e-11, 1.38409e-09
-7.50761e-11, 1.38409e-09
-7.50757e-11, 1.38409e-09
-7.50757e-11, 1.38409e-09
-7.50758e-11, 1.38409e-09
-7.5076e-11, 1.38409e-09
-7.50765e-11, 1.38409e-09
-7.50763e-11, 1.38409e-09
-7.50761e-11, 1.38409e-09
-7.50761e-11, 1.38409e-09
-7.50765e-11, 1.38409e-09
-7.50767e-11, 1.38409e-09
-7.50768e-11, 1.38409e-09
-7.5077e-11, 1.38409e-09
-7.5077e-11, 1.38409e-09
-7.50772e-11, 1.38409e-09
-7.50773e-11, 1.38409e-09
-7.50776e-11, 1.38409e-09
-7.50771e-11, 1.38409e-09
-7.50767e-11, 1.38409e-09
-7.50765e-11, 1.38409e-09
-7.50765e-11, 1.38409e-09
-7.50768e-11, 1.38409e-09
-7.50766e-11, 1.38409e-09
-7.5077e-11, 1.38409e-09
-7.50769e-11, 1.38409e-09
-7.50764e-11, 1.38409e-09
-7.50762e-11, 1.38409e-09
-7.50762e-11, 1.38409e-09
-7.5076e-11, 1.38409e-09
-7.50763e-11, 1.38409e-09
-7.50765e-11, 1.38409e-09
-7.50768e-11, 1.38409e-09
-7.50769e-11, 1.38409e-09
-7.50769e-11, 1.38409e-09
-7.50774e-11, 1.38409e-09
-7.5078e-11, 1.38409e-09
-7.5078e-11, 1.38409e-09
-7.5078e-11, 1.38409e-09
-7.50778e-11, 1.38409e-09
-7.50774e-11, 1.38409e-09
-7.50773e-11, 1.38409e-09
-7.50781e-11, 1.38409e-09
-7.50784e-11, 1.38409e-09
-7.50779e-11, 1.38409e-09
-7.50784e-11, 1.38409e-09
-7.50787e-11, 1.38409e-09
-7.50791e-11, 1.38409e-09
-7.50789e-11, 1.38409e-09
-7.50789e-11, 1.38409e-09
-7.5079e-11, 1.38409e-09
-7.50791e-11, 1.38409e-09
-7.50793e-11, 1.38409e-09
-7.50798e-11, 1.38409e-09
-7.50797e-11, 1.38409e-09
-7.50799e-11, 1.38409e-09
-7.50799e-11, 1.38409e-09
-7.50799e-11, 1.38409e-09
-7.50798e-11, 1.38409e-09
-7.50798e-11, 1.38409e-09
-7.50804e-11, 1.38409e-09
-7.50804e-11, 1.38409e-09
-7.50806e-11, 1.38409e-09
-7.50802e-11, 1.38409e-09
-7.50804e-11, 1.38409e-09
-7.50802e-11, 1.38409e-09
-7.50802e-11, 1.38409e-09
-7.50807e-11, 1.38409e-09
-7.50806e-11, 1.38409e-09
-7.50806e-11, 1.38409e-09
-7.50806e-11, 1.38409e-09
-7.50811e-11, 1.38409e-09
-7.5081e-11, 1.38409e-09
-7.50807e-11, 1.38409e-09
-7.50806e-11, 1.38409e-09
-7.50808e-11, 1.38409e-09
-7.50806e-11, 1.38409e-09
-7.50812e-11, 1.38409e-09
-7.50817e-11, 1.38409e-09
-7.50818e-11, 1.38409e-09
-7.50819e-11, 1.38409e-09
-7.50815e-11, 1.38409e-09
-7.50819e-11, 1.38409e-09
-7.50819e-11, 1.38409e-09
-7.50822e-11, 1.38409e-09
-7.5082e-11, 1.38409e-09
-7.50817e-11, 1.38409e-09
-7.50815e-11, 1.38409e-09
-7.50813e-11, 1.38409e-09
-7.50815e-11, 1.38409e-09
-7.50816e-11, 1.38409e-09
-7.5082e-11, 1.38409e-09
-7.50817e-11, 1.38409e-09
-7.50824e-11, 1.38409e-09
-7.50825e-11, 1.38409e-09
-7.50826e-11, 1.38409e-09
-7.50827e-11, 1.38409e-09
-7.5083e-11, 1.38409e-09
-7.50831e-11, 1.38409e-09
-7.50826e-11, 1.38409e-09
-7.50831e-11, 1.38409e-09
-7.50833e-11, 1.38409e-09
-7.50833e-11, 1.38409e-09
-7.5083e-11, 1.38409e-09
-7.50829e-11, 1.38409e-09
-7.50829e-11, 1.3841e-09
-7.50832e-11, 1.3841e-09
-7.50832e-11, 1.3841e-09
-7.50829e-11, 1.3841e-09
-7.5083e-11, 1.3841e-09
-7.50832e-11, 1.3841e-09
-7.50837e-11, 1.3841e-09
-7.5084e-11, 1.38409e-09
-7.50846e-11, 1.38409e-09
-7.50842e-11, 1.3841e-09
-7.50844e-11, 1.38409e-09
-7.50843e-11, 1.38409e-09
-7.50839e-11, 1.38409e-09
-7.50842e-11, 1.3841e-09
-7.50848e-11, 1.3841e-09
-7.50849e-11, 1.3841e-09
-7.50854e-11, 1.3841e-09
-7.50853e-11, 1.3841e-09
-7.50855e-11, 1.3841e-09
-7.50859e-11, 1.3841e-09
-7.5086e-11, 1.3841e-09
-7.5086e-11, 1.3841e-09
-7.50862e-11, 1.3841e-09
-7.50863e-11, 1.3841e-09
-7.50857e-11, 1.3841e-09
-7.50858e-11, 1.3841e-09
-7.50861e-11, 1.3841e-09
-7.50858e-11, 1.3841e-09
-7.50858e-11, 1.3841e-09
-7.50862e-11, 1.3841e-09
-7.50869e-11, 1.3841e-09
-7.50868e-11, 1.3841e-09
-7.50869e-11, 1.3841e-09
-7.50873e-11, 1.3841e-09
-7.50874e-11, 1.3841e-09
-7.50875e-11, 1.3841e-09
-7.50874e-11, 1.3841e-09
-7.50876e-11, 1.3841e-09
-7.50879e-11, 1.3841e-09
-7.50886e-11, 1.3841e-09
-7.50888e-11, 1.3841e-09
-7.50887e-11, 1.3841e-09
-7.50883e-11, 1.3841e-09
-7.50883e-11, 1.3841e-09
-7.50886e-11, 1.3841e-09
-7.50886e-11, 1.3841e-09
-7.50884e-11, 1.3841e-09
-7.50891e-11, 1.3841e-09
-7.50892e-11, 1.3841e-09
-7.50892e-11, 1.3841e-09
-7.50888e-11, 1.3841e-09
-7.5089e-11, 1.3841e-09
-7.50893e-11, 1.3841e-09
-7.50891e-11, 1.3841e-09
-7.50887e-11, 1.3841e-09
-7.50882e-11, 1.3841e-09
-7.50887e-11, 1.3841e-09
-7.50891e-11, 1.3841e-09
-7.50886e-11, 1.3841e-09
-7.50884e-11, 1.3841e-09
-7.50886e-11, 1.3841e-09
-7.50883e-11, 1.3841e-09
-7.50883e-11, 1.3841e-09
-7.50884e-11, 1.3841e-09
-7.50883e-11, 1.3841e-09
-7.50879e-11, 1.3841e-09
-7.50881e-11, 1.3841e-09
-7.50884e-11, 1.3841e-09
-7.50885e-11, 1.3841e-09
-7.50886e-11, 1.3841e-09
-7.5089e-11, 1.3841e-09
-7.50895e-11, 1.3841e-09
-7.50895e-11, 1.3841e-09
-7.50896e-11, 1.3841e-09
-7.50898e-11, 1.3841e-09
-7.50899e-11, 1.3841e-09
-7.509e-11, 1.3841e-09
-7.50901e-11, 1.3841e-09
-7.50899e-11, 1.3841e-09
-7.50906e-11, 1.3841e-09
-7.50906e-11, 1.3841e-09
-7.50906e-11, 1.3841e-09
-7.50905e-11, 1.3841e-09
-7.50902e-11, 1.3841e-09
-7.50901e-11, 1.3841e-09
-7.50902e-11, 1.3841e-09
-7.50903e-11, 1.3841e-09
-7.50903e-11, 1.3841e-09
-7.50908e-11, 1.3841e-09
-7.5091e-11, 1.3841e-09
-7.50905e-11, 1.3841e-09
-7.509e-11, 1.3841e-09
-7.50898e-11, 1.3841e-09
-7.50896e-11, 1.3841e-09
-7.50899e-11, 1.3841e-09
-7.50899e-11, 1.3841e-09
-7.50898e-11, 1.3841e-09
-7.50904e-11, 1.3841e-09
-7.50907e-11, 1.3841e-09
-7.50911e-11, 1.3841e-09
-7.5091e-11, 1.3841e-09
-7.50911e-11, 1.3841e-09
-7.50904e-11, 1.3841e-09
-7.50904e-11, 1.3841e-09
-7.50905e-11, 1.3841e-09
-7.50911e-11, 1.3841e-09
-7.50904e-11, 1.3841e-09
-7.50905e-11, 1.3841e-09
-7.50908e-11, 1.3841e-09
-7.50911e-11, 1.3841e-09
-7.50912e-11, 1.3841e-09
-7.50915e-11, 1.3841e-09
-7.50916e-11, 1.3841e-09
-7.5092e-11, 1.3841e-09
-7.50923e-11, 1.3841e-09
-7.50928e-11, 1.3841e-09
-7.50915e-11, 1.3841e-09
-7.50916e-11, 1.3841e-09
-7.50916e-11, 1.3841e-09
-7.50919e-11, 1.3841e-09
