2.71864e-05, 0.00139693
2.60401e-05, 0.00139622
2.48248e-05, 0.00139618
2.353e-05, 0.00139684
2.21408e-05, 0.00139819
2.06234e-05, 0.00140025
1.8987e-05, 0.00140302
1.72154e-05, 0.0014065
1.53048e-05, 0.00141071
1.32325e-05, 0.00141563
1.09822e-05, 0.00142127
8.5449e-06, 0.00142764
5.90992e-06, 0.00143471
3.06322e-06, 0.00144249
-9.57965e-09, 0.00145097
-3.31882e-06, 0.00146014
-6.88463e-06, 0.00146998
-1.07273e-05, 0.00148048
-1.48621e-05, 0.00149164
-1.93134e-05, 0.00150342
-2.41004e-05, 0.0015158
-2.92485e-05, 0.00152877
-3.4777e-05, 0.00154231
-4.07118e-05, 0.0015564
-4.70793e-05, 0.00157102
-5.39055e-05, 0.00158614
-6.12188e-05, 0.00160174
-6.90534e-05, 0.0016178
-7.74463e-05, 0.00163429
-8.6433e-05, 0.00165119
-9.60538e-05, 0.00166848
-0.000106347, 0.00168612
-0.000117356, 0.0017041
-0.000129124, 0.0017224
-0.000141698, 0.00174099
-0.000155129, 0.00175984
-0.000169464, 0.00177894
-0.000184758, 0.00179827
-0.000201064, 0.0018178
-0.000218438, 0.00183751
-0.000236939, 0.00185739
-0.000256628, 0.00187741
-0.000277565, 0.00189757
-0.000299811, 0.00191783
-0.00032343, 0.00193818
-0.000348487, 0.00195862
-0.000375048, 0.00197911
-0.00040318, 0.00199966
-0.000432953, 0.00202025
-0.000464433, 0.00204086
-0.000497692, 0.00206148
-0.000532797, 0.0020821
-0.000569817, 0.00210271
-0.00060882, 0.00212329
-0.000649877, 0.00214385
-0.000693055, 0.00216437
-0.000738426, 0.00218484
-0.000786057, 0.00220526
-0.000836016, 0.00222562
-0.000888369, 0.00224591
-0.000943185, 0.00226612
-0.00100053, 0.00228626
-0.00106046, 0.0023063
-0.00112305, 0.00232626
-0.00118836, 0.00234613
-0.00125645, 0.00236589
-0.00132738, 0.00238555
-0.00140121, 0.00240511
-0.001478, 0.00242455
-0.0015578, 0.00244388
-0.00164067, 0.0024631
-0.00172666, 0.0024822
-0.00181581, 0.00250118
-0.00190819, 0.00252004
-0.00200383, 0.00253878
-0.00210279, 0.00255739
-0.00220509, 0.00257588
-0.0023108, 0.00259424
-0.00241995, 0.00261247
-0.00253257, 0.00263057
-0.00264871, 0.00264854
-0.0027684, 0.00266639
-0.00289167, 0.0026841
-0.00301855, 0.00270169
-0.00314908, 0.00271915
-0.00328327, 0.00273647
-0.00342116, 0.00275367
-0.00356277, 0.00277074
-0.00370811, 0.00278768
-0.00385722, 0.00280449
-0.0040101, 0.00282118
-0.00416678, 0.00283773
-0.00432727, 0.00285416
-0.00449158, 0.00287047
-0.00465973, 0.00288665
-0.00483173, 0.0029027
-0.00500757, 0.00291863
-0.00518729, 0.00293444
-0.00537086, 0.00295013
-0.00555831, 0.00296569
-0.00587938, 0.00299137
-0.00621122, 0.00301673
-0.00655382, 0.00304176
-0.00690717, 0.00306648
-0.00727125, 0.00309089
-0.00764602, 0.00311499
-0.00803145, 0.0031388
-0.00842749, 0.00316231
-0.00883409, 0.00318554
-0.00925118, 0.00320849
-0.00967871, 0.00323117
-0.0101166, 0.00325358
-0.0105648, 0.00327574
-0.0110231, 0.00329764
-0.0114917, 0.0033193
-0.0119702, 0.00334071
-0.0124587, 0.0033619
-0.012957, 0.00338285
-0.0134651, 0.00340359
-0.0139829, 0.00342411
-0.0145102, 0.00344443
-0.015047, 0.00346454
-0.0155933, 0.00348447
-0.0161488, 0.00350421
-0.0167135, 0.00352377
-0.0172873, 0.00354315
-0.01787, 0.00356237
-0.0184615, 0.00358142
-0.0190618, 0.00360032
-0.0196708, 0.00361907
-0.0202882, 0.00363767
-0.0209141, 0.00365614
-0.0215483, 0.00367447
-0.0221907, 0.00369268
-0.0228412, 0.00371077
-0.0234996, 0.00372873
-0.024166, 0.00374658
-0.0248401, 0.00376433
-0.025522, 0.00378198
-0.0262115, 0.00379953
-0.0269086, 0.00381698
-0.0276131, 0.00383436
-0.028325, 0.00385165
-0.0290442, 0.00386887
-0.0297707, 0.00388602
-0.0305042, 0.0039031
-0.0312448, 0.00392012
-0.0319924, 0.00393708
-0.0327469, 0.00395399
-0.0335082, 0.00397086
-0.0342763, 0.00398767
-0.0350511, 0.00400445
-0.0358324, 0.00402119
-0.0366204, 0.0040379
-0.0374148, 0.00405459
-0.0382156, 0.00407125
-0.0390228, 0.00408788
-0.0398363, 0.0041045
-0.040656, 0.00412111
-0.0414819, 0.00413771
-0.042314, 0.0041543
-0.0431521, 0.00417089
-0.0439962, 0.00418748
-0.0448464, 0.00420408
-0.0457024, 0.00422068
-0.0465644, 0.00423729
-0.0474322, 0.00425392
-0.0483058, 0.00427056
-0.0491851, 0.00428722
-0.0500702, 0.0043039
-0.0509609, 0.00432061
-0.0518573, 0.00433734
-0.0527592, 0.00435411
-0.0536668, 0.00437091
-0.0545798, 0.00438774
-0.0554984, 0.00440461
-0.0564224, 0.00442152
-0.0573519, 0.00443847
-0.0582868, 0.00445547
-0.059227, 0.00447252
-0.0601726, 0.00448961
-0.0611235, 0.00450676
-0.0620798, 0.00452396
-0.0630413, 0.00454121
-0.064008, 0.00455853
-0.06498, 0.0045759
-0.0659572, 0.00459333
-0.0669395, 0.00461083
-0.0679271, 0.00462839
-0.0689197, 0.00464602
-0.0699175, 0.00466372
-0.0709204, 0.00468149
-0.0719284, 0.00469933
-0.0729415, 0.00471724
-0.0739596, 0.00473523
-0.0749827, 0.00475329
-0.0760109, 0.00477143
-0.0770441, 0.00478965
-0.0780823, 0.00480796
-0.0791254, 0.00482634
-0.0816501, 0.00487079
-0.0842032, 0.00491573
-0.0867845, 0.00496118
-0.089394, 0.00500716
-0.0920314, 0.00505366
-0.0946966, 0.00510071
-0.0973895, 0.00514832
-0.10011, 0.00519649
-0.102858, 0.00524522
-0.105633, 0.00529454
-0.108435, 0.00534444
-0.111264, 0.00539493
-0.114121, 0.00544601
-0.117004, 0.00549768
-0.119913, 0.00554994
-0.122849, 0.0056028
-0.125812, 0.00565625
-0.1288, 0.0057103
-0.131815, 0.00576494
-0.134856, 0.00582016
-0.137923, 0.00587597
-0.141015, 0.00593236
-0.144132, 0.00598932
-0.147275, 0.00604685
-0.150443, 0.00610493
-0.153636, 0.00616356
-0.156854, 0.00622274
-0.160096, 0.00628245
-0.163363, 0.00634267
-0.166653, 0.00640341
-0.169968, 0.00646465
-0.173306, 0.00652636
-0.176667, 0.00658855
-0.180052, 0.0066512
-0.183459, 0.00671429
-0.186889, 0.0067778
-0.190342, 0.00684172
-0.193816, 0.00690604
-0.197312, 0.00697072
-0.20083, 0.00703577
-0.204369, 0.00710115
-0.207928, 0.00716685
-0.211508, 0.00723284
-0.215109, 0.00729911
-0.218729, 0.00736564
-0.222368, 0.0074324
-0.226027, 0.00749937
-0.229704, 0.00756653
-0.2334, 0.00763386
-0.237114, 0.00770132
-0.240845, 0.00776891
-0.244594, 0.00783658
-0.24836, 0.00790432
-0.252141, 0.00797211
-0.255939, 0.00803991
-0.259753, 0.00810771
-0.263581, 0.00817547
-0.267425, 0.00824317
-0.271282, 0.00831078
-0.275154, 0.00837828
-0.279038, 0.00844564
-0.282936, 0.00851283
-0.286846, 0.00857983
-0.290769, 0.0086466
-0.294702, 0.00871313
-0.298647, 0.00877938
-0.302603, 0.00884533
-0.306569, 0.00891095
-0.310544, 0.00897622
-0.314529, 0.0090411
-0.318522, 0.00910557
-0.322523, 0.00916961
-0.326532, 0.00923318
-0.330549, 0.00929627
-0.334572, 0.00935884
-0.338601, 0.00942087
-0.342636, 0.00948233
-0.346676, 0.0095432
-0.350722, 0.00960346
-0.354771, 0.00966308
-0.358824, 0.00972203
-0.36288, 0.0097803
-0.366939, 0.00983786
-0.371001, 0.00989468
-0.375064, 0.00995074
-0.379128, 0.010006
-0.383193, 0.0100605
-0.387259, 0.0101142
-0.391324, 0.010167
-0.395389, 0.010219
-0.399452, 0.01027
-0.403514, 0.0103202
-0.407574, 0.0103695
-0.411631, 0.0104178
-0.415685, 0.0104651
-0.419736, 0.0105115
-0.423782, 0.0105569
-0.427824, 0.0106013
-0.431862, 0.0106447
-0.435893, 0.010687
-0.444831, 0.0107772
-0.453735, 0.010862
-0.462601, 0.0109414
-0.471425, 0.0110152
-0.480201, 0.0110834
-0.488926, 0.0111458
-0.497595, 0.0112024
-0.506206, 0.0112532
-0.514753, 0.0112981
-0.523234, 0.011337
-0.531644, 0.0113701
-0.539981, 0.0113972
-0.548242, 0.0114185
-0.556424, 0.0114339
-0.564524, 0.0114434
-0.572539, 0.0114473
-0.580468, 0.0114454
-0.588307, 0.011438
-0.596055, 0.011425
-0.603711, 0.0114066
-0.611272, 0.011383
-0.618737, 0.0113542
-0.626105, 0.0113203
-0.633374, 0.0112815
-0.640543, 0.0112379
-0.647612, 0.0111897
-0.654579, 0.011137
-0.661445, 0.0110799
-0.668208, 0.0110187
-0.674868, 0.0109535
-0.681425, 0.0108844
-0.687879, 0.0108116
-0.69423, 0.0107353
-0.700478, 0.0106556
-0.706622, 0.0105727
-0.712664, 0.0104867
-0.718604, 0.0103979
-0.724441, 0.0103063
-0.730177, 0.0102122
-0.735813, 0.0101157
-0.741348, 0.0100169
-0.746784, 0.00991605
-0.752121, 0.00981326
-0.75736, 0.00970867
-0.762502, 0.00960244
-0.767548, 0.00949471
-0.7725, 0.00938562
-0.777357, 0.0092753
-0.782121, 0.00916389
-0.786794, 0.00905151
-0.791376, 0.00893828
-0.795868, 0.00882433
-0.800272, 0.00870978
-0.804588, 0.00859473
-0.808819, 0.0084793
-0.812965, 0.00836358
-0.817027, 0.00824768
-0.821007, 0.00813169
-0.824906, 0.0080157
-0.828726, 0.00789981
-0.832466, 0.00778409
-0.83613, 0.00766863
-0.839718, 0.0075535
-0.843231, 0.00743878
-0.84667, 0.00732452
-0.850038, 0.0072108
-0.853334, 0.00709769
-0.856561, 0.00698522
-0.85972, 0.00687347
-0.862811, 0.00676248
-0.865837, 0.00665231
-0.868798, 0.00654299
-0.871695, 0.00643456
-0.87453, 0.00632708
-0.877304, 0.00622057
-0.880018, 0.00611506
-0.882674, 0.0060106
-0.885271, 0.0059072
-0.887813, 0.0058049
-0.890299, 0.00570371
-0.892731, 0.00560367
-0.895109, 0.00550478
-0.897436, 0.00540707
-0.899711, 0.00531055
-0.901937, 0.00521523
-0.904114, 0.00512113
-0.906242, 0.00502826
-0.908324, 0.00493662
-0.91036, 0.00484622
-0.912351, 0.00475707
-0.914298, 0.00466917
-0.916201, 0.00458252
-0.918063, 0.00449712
-0.919883, 0.00441298
-0.921663, 0.00433009
-0.923403, 0.00424846
-0.925104, 0.00416807
-0.926768, 0.00408892
-0.928394, 0.00401102
-0.929985, 0.00393435
-0.93154, 0.0038589
-0.93306, 0.00378468
-0.934546, 0.00371167
-0.935999, 0.00363986
-0.937419, 0.00356924
-0.938808, 0.00349981
-0.940166, 0.00343156
-0.941493, 0.00336447
-0.942791, 0.00329854
-0.944059, 0.00323375
-0.945299, 0.00317008
-0.946512, 0.00310754
-0.947697, 0.0030461
-0.948856, 0.00298576
-0.949988, 0.00292649
-0.951096, 0.00286829
-0.952178, 0.00281115
-0.953237, 0.00275505
-0.954271, 0.00269997
-0.955283, 0.0026459
-0.956271, 0.00259284
-0.957238, 0.00254076
-0.958183, 0.00248965
-0.959106, 0.0024395
-0.960009, 0.00239029
-0.960892, 0.00234201
-0.961755, 0.00229465
-0.962599, 0.00224819
-0.963424, 0.00220261
-0.96423, 0.00215791
-0.965018, 0.00211407
-0.965789, 0.00207107
-0.966542, 0.00202891
-0.967279, 0.00198756
-0.967999, 0.00194702
-0.968702, 0.00190728
-0.969391, 0.0018683
-0.970063, 0.0018301
-0.970721, 0.00179264
-0.971364, 0.00175593
-0.971993, 0.00171994
-0.972608, 0.00168466
-0.973208, 0.00165009
-0.973796, 0.0016162
-0.97437, 0.00158298
-0.974932, 0.00155043
-0.975481, 0.00151854
-0.976018, 0.00148728
-0.976543, 0.00145664
-0.977056, 0.00142663
-0.977558, 0.00139722
-0.978048, 0.0013684
-0.978528, 0.00134016
-0.978997, 0.0013125
-0.979455, 0.00128539
-0.979904, 0.00125884
-0.980342, 0.00123282
-0.980771, 0.00120734
-0.98119, 0.00118237
-0.981599, 0.00115791
-0.982, 0.00113395
-0.982392, 0.00111049
-0.982775, 0.0010875
-0.98315, 0.00106498
-0.983516, 0.00104293
-0.983874, 0.00102132
-0.984225, 0.00100017
-0.984567, 0.000979443
-0.984902, 0.000959146
-0.98523, 0.000939266
-0.98555, 0.000919797
-0.985863, 0.000900729
-0.98617, 0.000882054
-0.986469, 0.000863765
-0.986762, 0.000845854
-0.987049, 0.000828313
-0.987329, 0.000811136
-0.987603, 0.000794314
-0.987871, 0.00077784
-0.988133, 0.000761709
-0.988389, 0.000745911
-0.98864, 0.000730442
-0.988885, 0.000715294
-0.989125, 0.00070046
-0.989359, 0.000685935
-0.989588, 0.000671711
-0.989813, 0.000657784
-0.990032, 0.000644145
-0.990247, 0.000630791
-0.990456, 0.000617714
-0.990662, 0.00060491
-0.990862, 0.000592371
-0.991059, 0.000580094
-0.991251, 0.000568073
-0.991439, 0.000556302
-0.991622, 0.000544776
-0.991802, 0.00053349
-0.991978, 0.00052244
-0.99215, 0.000511619
-0.992318, 0.000501024
-0.992483, 0.00049065
-0.992644, 0.000480493
-0.992801, 0.000470547
-0.992955, 0.000460808
-0.993106, 0.000451273
-0.993253, 0.000441936
-0.993397, 0.000432794
-0.993538, 0.000423843
-0.993676, 0.000415079
-0.993811, 0.000406497
-0.993943, 0.000398095
-0.994072, 0.000389867
-0.994199, 0.000381811
-0.994322, 0.000373923
-0.994443, 0.0003662
-0.994562, 0.000358638
-0.994677, 0.000351233
-0.99479, 0.000343982
-0.994901, 0.000336883
-0.99501, 0.000329932
-0.995116, 0.000323126
-0.995219, 0.000316461
-0.995321, 0.000309935
-0.99542, 0.000303546
-0.995517, 0.000297289
-0.995612, 0.000291163
-0.995705, 0.000285165
-0.995796, 0.000279291
-0.995886, 0.00027354
-0.995973, 0.000267909
-0.996058, 0.000262395
-0.996141, 0.000256995
-0.996223, 0.000251709
-0.996303, 0.000246532
-0.996381, 0.000241463
-0.996457, 0.000236499
-0.996532, 0.000231639
-0.996605, 0.00022688
-0.996677, 0.00022222
-0.996747, 0.000217656
-0.996816, 0.000213188
-0.996883, 0.000208812
-0.996949, 0.000204527
-0.997013, 0.000200332
-0.997076, 0.000196223
-0.997137, 0.0001922
-0.997197, 0.00018826
-0.997256, 0.000184402
-0.997314, 0.000180624
-0.997371, 0.000176924
-0.997426, 0.000173301
-0.99748, 0.000169753
-0.997533, 0.000166278
-0.997585, 0.000162876
-0.997635, 0.000159544
-0.997685, 0.00015628
-0.997733, 0.000153085
-0.997781, 0.000149955
-0.997827, 0.00014689
-0.997873, 0.000143889
-0.997917, 0.000140949
-0.997961, 0.000138071
-0.998004, 0.000135252
-0.998045, 0.000132491
-0.998086, 0.000129787
-0.998126, 0.000127139
-0.998165, 0.000124546
-0.998204, 0.000122006
-0.998241, 0.000119518
-0.998278, 0.000117082
-0.998314, 0.000114696
-0.998349, 0.00011236
-0.998383, 0.000110071
-0.998417, 0.00010783
-0.99845, 0.000105635
-0.998482, 0.000103485
-0.998514, 0.00010138
-0.998545, 9.93177e-05
-0.998575, 9.72982e-05
-0.998605, 9.53204e-05
-0.998634, 9.33833e-05
-0.998662, 9.14862e-05
-0.99869, 8.9628e-05
-0.998717, 8.78081e-05
-0.998744, 8.60257e-05
-0.99877, 8.428e-05
-0.998795, 8.25701e-05
-0.99882, 8.08955e-05
-0.998845, 7.92552e-05
-0.998869, 7.76486e-05
-0.998892, 7.60751e-05
-0.998915, 7.45338e-05
-0.998938, 7.30243e-05
-0.99896, 7.15456e-05
-0.998981, 7.00974e-05
-0.999002, 6.86788e-05
-0.999023, 6.72893e-05
-0.999043, 6.59283e-05
-0.999063, 6.45951e-05
-0.999082, 6.32893e-05
-0.999117, 6.09121e-05
-0.999151, 5.86253e-05
-0.999184, 5.64254e-05
-0.999215, 5.4309e-05
-0.999245, 5.22729e-05
-0.999274, 5.03141e-05
-0.999302, 4.84295e-05
-0.999329, 4.66163e-05
-0.999354, 4.48718e-05
-0.999379, 4.31933e-05
-0.999403, 4.15783e-05
-0.999425, 4.00242e-05
-0.999447, 3.85289e-05
-0.999468, 3.70899e-05
-0.999489, 3.57053e-05
-0.999508, 3.43728e-05
-0.999527, 3.30904e-05
-0.999545, 3.18563e-05
-0.999562, 3.06686e-05
-0.999579, 2.95257e-05
-0.999595, 2.84258e-05
-0.99961, 2.73673e-05
-0.999625, 2.63487e-05
-0.999639, 2.53684e-05
-0.999653, 2.4425e-05
-0.999666, 2.35171e-05
-0.999679, 2.26434e-05
-0.999691, 2.18025e-05
-0.999702, 2.09932e-05
-0.999714, 2.02143e-05
-0.999725, 1.94645e-05
-0.999735, 1.87429e-05
-0.999745, 1.80484e-05
-0.999755, 1.73798e-05
-0.999764, 1.67363e-05
-0.999773, 1.61168e-05
-0.999781, 1.55205e-05
-0.999789, 1.49464e-05
-0.999797, 1.43938e-05
-0.999805, 1.38618e-05
-0.999812, 1.33496e-05
-0.999819, 1.28565e-05
-0.999826, 1.23818e-05
-0.999833, 1.19247e-05
-0.999839, 1.14847e-05
-0.999845, 1.1061e-05
-0.999851, 1.06532e-05
-0.999856, 1.02604e-05
-0.999862, 9.88233e-06
-0.999867, 9.51829e-06
-0.999872, 9.16778e-06
-0.999877, 8.83029e-06
-0.999881, 8.50537e-06
-0.999886, 8.19249e-06
-0.99989, 7.89126e-06
-0.999894, 7.6012e-06
-0.999898, 7.32195e-06
-0.999902, 7.05301e-06
-0.999906, 6.79406e-06
-0.999909, 6.5447e-06
-0.999913, 6.30457e-06
-0.999916, 6.07329e-06
-0.999919, 5.85066e-06
-0.999922, 5.63613e-06
-0.999925, 5.42959e-06
-0.999928, 5.23059e-06
-0.99993, 5.03892e-06
-0.999933, 4.85429e-06
-0.999935, 4.67645e-06
-0.999938, 4.50516e-06
-0.99994, 4.34014e-06
-0.999942, 4.18127e-06
-0.999945, 4.02821e-06
-0.999947, 3.88086e-06
-0.999949, 3.73889e-06
-0.99995, 3.60218e-06
-0.999952, 3.47042e-06
-0.999954, 3.34369e-06
-0.999956, 3.22144e-06
-0.999957, 3.10381e-06
-0.999959, 2.99048e-06
-0.999961, 2.88125e-06
-0.999962, 2.77606e-06
-0.999963, 2.67485e-06
-0.999965, 2.57719e-06
-0.999966, 2.48329e-06
-0.999967, 2.39265e-06
-0.999968, 2.30545e-06
-0.99997, 2.22147e-06
-0.999971, 2.14054e-06
-0.999972, 2.06259e-06
-0.999973, 1.98728e-06
-0.999974, 1.91487e-06
-0.999975, 1.84525e-06
-0.999976, 1.77793e-06
-0.999977, 1.71321e-06
-0.999978, 1.65077e-06
-0.999978, 1.59062e-06
-0.999979, 1.5329e-06
-0.99998, 1.47713e-06
-0.999981, 1.42328e-06
-0.999981, 1.37188e-06
-0.999982, 1.32163e-06
-0.999983, 1.27398e-06
-0.999983, 1.22774e-06
-0.999984, 1.18288e-06
-0.999985, 1.14006e-06
-0.999985, 1.0985e-06
-0.999986, 1.05882e-06
-0.999986, 1.02e-06
-0.999987, 9.83025e-07
-0.999987, 9.47719e-07
-0.999988, 9.13236e-07
-0.999988, 8.80367e-07
-0.999989, 8.48385e-07
-0.999989, 8.17597e-07
-0.999989, 7.87861e-07
-0.99999, 7.59375e-07
-0.99999, 7.32055e-07
-0.99999, 7.05802e-07
-0.999991, 6.79843e-07
-0.999991, 6.55228e-07
-0.999992, 6.31851e-07
-0.999992, 6.08945e-07
-0.999992, 5.86943e-07
-0.999992, 5.65557e-07
-0.999993, 5.45879e-07
-0.999993, 5.25253e-07
-0.999993, 5.06639e-07
-0.999993, 4.88681e-07
-0.999994, 4.7098e-07
-0.999994, 4.53324e-07
-0.999994, 4.36734e-07
-0.999994, 4.21732e-07
-0.999995, 4.06723e-07
-0.999995, 3.9128e-07
-0.999995, 3.77708e-07
-0.999995, 3.64546e-07
-0.999995, 3.5089e-07
-0.999995, 3.37997e-07
-0.999996, 3.25617e-07
-0.999996, 3.14517e-07
-0.999996, 3.03377e-07
-0.999996, 2.92002e-07
-0.999996, 2.81746e-07
-0.999996, 2.71921e-07
-0.999997, 2.61089e-07
-0.999997, 2.53101e-07
-0.999997, 2.43715e-07
-0.999997, 2.34427e-07
-0.999997, 2.26723e-07
-0.999997, 2.17985e-07
-0.999997, 2.09148e-07
-0.999997, 2.02678e-07
-0.999997, 1.94858e-07
-0.999998, 1.88486e-07
-0.999998, 1.80974e-07
-0.999998, 1.75998e-07
-0.999998, 1.68587e-07
-0.999998, 1.61868e-07
-0.999998, 1.55929e-07
-0.999998, 1.49755e-07
-0.999998, 1.44856e-07
-0.999998, 1.40577e-07
-0.999998, 1.34936e-07
-0.999998, 1.31181e-07
-0.999998, 1.23778e-07
-0.999998, 1.21515e-07
-0.999998, 1.14458e-07
-0.999999, 1.13484e-07
-0.999999, 1.07969e-07
-0.999999, 1.03775e-07
-0.999999, 1.00514e-07
-0.999999, 9.82799e-08
-0.999999, 9.12506e-08
-0.999999, 8.81565e-08
-0.999999, 8.62467e-08
-0.999999, 8.6888e-08
-0.999999, 7.88495e-08
-0.999999, 8.02452e-08
-0.999999, 7.59813e-08
-0.999999, 7.3757e-08
-0.999999, 7.3757e-08
-0.999999, 6.49527e-08
-0.999999, 6.82857e-08
-0.999999, 6.14391e-08
-0.999999, 6.2336e-08
-0.999999, 5.37269e-08
-0.999999, 5.37269e-08
-0.999999, 5.47504e-08
-0.999999, 5.77119e-08
-0.999999, 5.05323e-08
-0.999999, 4.94216e-08
-0.999999, 5.37269e-08
-0.999999, 4.3444e-08
-0.999999, 3.65002e-08
-0.999999, 4.3444e-08
-0.999999, 4.3444e-08
-0.999999, 4.3444e-08
-1, 4.3444e-08
-1, 3.49463e-08
-1, 3.79907e-08
-1, 3.49463e-08
-1, 3.16101e-08
-1, 2.35608e-08
-1, 2.35608e-08
-1, 1.49012e-08
-1, 2.98023e-08
-1, 1.49012e-08
-1, 0
-1, 1.82501e-08
-1, 1.49012e-08
-1, -nan
-1, 3.49463e-08
-1, 1.82501e-08
-1, 1.82501e-08
-1, 1.49012e-08
-1, 1.49012e-08
-1, 2.58096e-08
-1, 1.05367e-08
-1, 0
-1, 0
-1, 2.58096e-08
-1, -nan
-1, 1.05367e-08
-1, 1.05367e-08
-1, 1.82501e-08
-1, -nan
-1, 1.05367e-08
-1, -nan
-1, 1.82501e-08
-1, 1.05367e-08
-1, 1.05367e-08
-1, 1.82501e-08
-1, 1.49012e-08
-1, 1.82501e-08
-1, 1.82501e-08
-1, -nan
-1, 0
-1, -nan
-1, -nan
-1, 0
-1, 1.05367e-08
-1, -nan
-1, -nan
-1, 1.82501e-08
-1, 1.05367e-08
-1, -nan
-1, 1.49012e-08
-1, 2.10734e-08
-1, -nan
-1, 1.49012e-08
-1, 1.82501e-08
-1, 1.49012e-08
-1, 1.05367e-08
-1, -nan
-1, -nan
-1, 1.05367e-08
-1, 0
-1, 0
-1, 2.10734e-08
-1, 0
-1, -nan
-1, 2.58096e-08
-1, 0
-1, -nan
-1, 1.05367e-08
-1, -nan
-1, 0
-1, -nan
-1, 2.10734e-08
-1, -nan
-1, 2.98023e-08
-1, 0
-1, 0
-1, -nan
-1, 0
-1, 2.78775e-08
-1, 1.05367e-08
-1, -nan
-1, 1.49012e-08
-1, -nan
-1, 2.10734e-08
-1, 0
-1, 1.05367e-08
-1, -nan
-1, -nan
-1, 1.05367e-08
-1, 1.82501e-08
-1, 1.49012e-08
-1, 1.05367e-08
-1, -nan
-1, 1.82501e-08
-1, 2.10734e-08
-1, -nan
-1, 0
-1, -nan
-1, -nan
-1, -nan
-1, -nan
-1, 0
-1, 0
-1, 0
-1, 1.82501e-08
-1, 2.10734e-08
-1, -nan
-1, 1.05367e-08
-1, -nan
-1, -nan
-1, 2.10734e-08
-1, 1.82501e-08
-1, 1.82501e-08
-1, 0
-1, -nan
-1, 0
-1, -nan
-1, 1.05367e-08
-1, -nan
-1, 1.05367e-08
-1, -nan
-1, 1.49012e-08
-1, 1.49012e-08
-1, 1.82501e-08
-1, 2.10734e-08
-1, -nan
-1, 1.82501e-08
-1, 2.10734e-08
-1, 1.82501e-08
-1, -nan
-1, 2.10734e-08
-1, 1.05367e-08
-1, 2.35608e-08
-1, 2.10734e-08
-1, 1.82501e-08
-1, 2.35608e-08
-1, 1.49012e-08
-1, 2.10734e-08
-1, 2.10734e-08
-1, -nan
-1, 1.82501e-08
-1, -nan
-1, 1.49012e-08
-1, 1.49012e-08
-1, 1.05367e-08
-1, 0
-1, 1.05367e-08
-1, 1.05367e-08
-1, 2.10734e-08
-1, -nan
-1, 1.05367e-08
-1, -nan
-1, -nan
-1, -nan
-1, -nan
-1, -nan
-1, 2.78775e-08
-1, 1.05367e-08
-1, 0
-1, 1.49012e-08
-1, -nan
-1, -nan
-1, 2.78775e-08
-1, -nan
-1, -nan
-1, -nan
-1, -nan
-1, -nan
-1, -nan
-1, -nan
-1, 1.49012e-08
-1, 1.49012e-08
-1, 1.05367e-08
-1, -nan
-1, 2.10734e-08
-1, -nan
-1, -nan
-1, -nan
-1, 2.35608e-08
-1, 2.10734e-08
-1, 1.49012e-08
-1, 2.35608e-08
-1, 2.10734e-08
-1, -nan
-1, 1.82501e-08
-1, -nan
-1, 2.35608e-08
-1, -nan
-1, 1.82501e-08
-1, 1.49012e-08
-1, 0
-1, 2.35608e-08
-1, 0
-1, 1.05367e-08
-1, 1.82501e-08
-1, 1.49012e-08
-1, -nan
-1, 0
-1, 1.49012e-08
-1, 2.10734e-08
-1, -nan
-1, -nan
-1, 1.82501e-08
-1, 2.10734e-08
-1, -nan
-1, 1.49012e-08
-1, 1.05367e-08
-1, -nan
-1, -nan
-1, -nan
-1, -nan
-1, 2.35608e-08
-1, 1.49012e-08
-1, -nan
-1, 1.05367e-08
-1, -nan
-1, 1.49012e-08
-1, -nan
-1, -nan
-1, -nan
-1, -nan
-1, -nan
-1, -nan
-1, -nan
-1, -nan
-1, 1.82501e-08
-1, -nan
-1, 1.82501e-08
-1, -nan
-1, -nan
-1, 0
-1, 1.49012e-08
-1, 1.49012e-08
-1, 0
-1, 0
-1, 1.49012e-08
-1, 2.10734e-08
-1, 1.49012e-08
-1, -nan
-1, 1.82501e-08
-1, 1.05367e-08
-1, -nan
-1, 1.49012e-08
-1, -nan
-1, -nan
-1, 2.10734e-08
-1, 1.82501e-08
-1, -nan
-1, 1.82501e-08
-1, 0
-1, -nan
-1, 1.05367e-08
-1, 1.49012e-08
-1, -nan
-1, -nan
-1, 0
-1, 1.05367e-08
-1, 0
-1, 2.10734e-08
-1, 1.05367e-08
-1, -nan
-1, 2.10734e-08
-1, 1.82501e-08
-1, -nan
-1, 1.49012e-08
-1, 0
-1, 1.49012e-08
-1, 1.05367e-08
-1, -nan
-1, -nan
-1, 1.49012e-08
-1, 2.35608e-08
-1, 1.49012e-08
-1, 0
-1, -nan
-1, 1.49012e-08
-1, 1.49012e-08
-1, 2.35608e-08
-1, 1.05367e-08
-1, -nan
-1, 1.49012e-08
-1, -nan
-1, -nan
-1, 1.05367e-08
-1, 1.05367e-08
-1, 1.05367e-08
-1, -nan
-1, 0
-1, 1.05367e-08
-1, 1.49012e-08
-1, -nan
-1, 1.82501e-08
-1, -nan
-1, 1.05367e-08
-1, 1.82501e-08
-1, -nan
-1, -nan
-1, -nan
-1, 1.05367e-08
-1, 1.49012e-08
-1, -nan
-1, 1.82501e-08
-1, -nan
-1, -nan
-1, 1.49012e-08
-1, -nan
-1, -nan
-1, -nan
-1, 2.58096e-08
-1, -nan
-1, -nan
-1, -nan
-1, 1.49012e-08
-1, 2.58096e-08
-1, 1.05367e-08
-1, 2.58096e-08
-1, -nan
-1, -nan
-1, 0
-1, 1.82501e-08
-1, -nan
-1, 1.49012e-08
-1, -nan
-1, 1.49012e-08
-1, -nan
-1, -nan
-1, 0
-1, 0
-1, -nan
-1, -nan
-1, 0
-1, -nan
-1, 1.05367e-08
-1, 1.05367e-08
-1, 0
-1, 0
-1, -nan
-1, 0
-1, -nan
-1, -nan
-1, 1.49012e-08
-1, 0
-1, 1.05367e-08
-1, 1.82501e-08
-1, -nan
-1, -nan
-1, 1.82501e-08
-1, 0
-1, 1.82501e-08
-1, 1.49012e-08
-1, -nan
-1, -nan
-1, 1.05367e-08
-1, 0
-1, -nan
-1, -nan
-1, 1.49012e-08
-1, 1.49012e-08
-1, 1.49012e-08
-1, -nan
-1, 0
-1, 1.82501e-08
-1, 2.10734e-08
-1, 1.05367e-08
-1, -nan
-1, 2.35608e-08
-1, 0
-1, 2.10734e-08
-1, -nan
-1, -nan
-1, 1.49012e-08
-1, 1.05367e-08
-1, 0
-1, -nan
-1, 2.10734e-08
-1, -nan
-1, 1.49012e-08
-1, -nan
-1, 2.10734e-08
-1, -nan
-1, 2.35608e-08
-1, 0
-1, 0
-1, 2.58096e-08
-1, 0
-1, 1.82501e-08
-1, 1.49012e-08
-1, -nan
-1, -nan
-1, -nan
-1, -nan
-1, 1.82501e-08
-1, -nan
-1, 1.49012e-08
-1, 1.82501e-08
-1, -nan
-1, 2.10734e-08
-1, 1.82501e-08
-1, 0
-1, -nan
-1, 1.82501e-08
