0.0050786, 0.0315688
-0.0546165, 0.0317906
-0.114219, 0.0320588
-0.173658, 0.0323678
-0.232863, 0.0327112
-0.291765, 0.0330819
-0.350296, 0.0334723
-0.408391, 0.0338749
-0.465987, 0.0342819
-0.523023, 0.0346862
-0.579441, 0.0350809
-0.635187, 0.0354598
-0.690209, 0.0358175
-0.744458, 0.0361491
-0.79789, 0.0364508
-0.850463, 0.0367194
-0.902139, 0.0369526
-0.952885, 0.037149
-1.00267, 0.0373076
-1.05147, 0.0374283
-1.09925, 0.0375118
-1.14601, 0.0375589
-1.19171, 0.0375713
-1.23636, 0.037551
-1.27994, 0.0375002
-1.32245, 0.0374214
-1.36387, 0.0373175
-1.40422, 0.0371915
-1.44349, 0.0370462
-1.48169, 0.0368847
-1.51883, 0.0367101
-1.55491, 0.0365253
-1.58995, 0.036333
-1.62396, 0.0361361
-1.65695, 0.0359371
-1.68895, 0.0357382
-1.71996, 0.0355418
-1.75001, 0.0353496
-1.77912, 0.0351635
-1.80731, 0.0349849
-1.8346, 0.0348152
-1.86101, 0.0346554
-1.88657, 0.0345064
-1.9113, 0.034369
-1.93522, 0.0342436
-1.95835, 0.0341306
-1.98072, 0.0340303
-2.00236, 0.0339426
-2.02327, 0.0338677
-2.0435, 0.0338052
-2.06306, 0.0337551
-2.08197, 0.033717
-2.10025, 0.0336906
-2.11793, 0.0336754
-2.13503, 0.0336711
-2.15157, 0.0336772
-2.16757, 0.0336931
-2.18305, 0.0337185
-2.19803, 0.0337528
-2.21252, 0.0337955
-2.22656, 0.0338461
-2.24014, 0.0339042
-2.2533, 0.0339693
-2.26604, 0.0340409
-2.27839, 0.0341186
-2.29035, 0.034202
-2.30195, 0.0342907
-2.3132, 0.0343842
-2.32411, 0.0344823
-2.3347, 0.0345845
-2.34497, 0.0346906
-2.35495, 0.0348002
-2.36464, 0.034913
-2.37405, 0.0350287
-2.3832, 0.0351471
-2.3921, 0.0352678
-2.40075, 0.0353907
-2.40917, 0.0355155
-2.41736, 0.0356419
-2.42534, 0.0357698
-2.43311, 0.035899
-2.44069, 0.0360292
-2.44807, 0.0361602
-2.45526, 0.036292
-2.46229, 0.0364242
-2.46914, 0.0365568
-2.47583, 0.0366895
-2.48236, 0.0368222
-2.48874, 0.0369548
-2.49498, 0.0370871
-2.50108, 0.037219
-2.50705, 0.0373503
-2.51289, 0.0374809
-2.5186, 0.0376107
-2.5242, 0.0377395
-2.52968, 0.0378673
-2.53505, 0.0379939
-2.54031, 0.0381192
-2.54547, 0.038243
-2.55054, 0.0383654
-2.55551, 0.0384861
-2.56358, 0.0386834
-2.57142, 0.0388755
-2.57904, 0.0390619
-2.58644, 0.0392423
-2.59364, 0.0394162
-2.60064, 0.0395834
-2.60747, 0.0397434
-2.61413, 0.039896
-2.62063, 0.0400408
-2.62698, 0.0401776
-2.63318, 0.0403061
-2.63924, 0.040426
-2.64517, 0.0405373
-2.65098, 0.0406395
-2.65666, 0.0407327
-2.66224, 0.0408165
-2.6677, 0.0408909
-2.67306, 0.0409557
-2.67832, 0.0410108
-2.68348, 0.0410561
-2.68855, 0.0410915
-2.69353, 0.041117
-2.69843, 0.0411325
-2.70324, 0.041138
-2.70797, 0.0411335
-2.71263, 0.0411188
-2.71721, 0.0410942
-2.72172, 0.0410595
-2.72617, 0.0410149
-2.73054, 0.0409603
-2.73484, 0.0408958
-2.73909, 0.0408216
-2.74327, 0.0407376
-2.74738, 0.0406441
-2.75144, 0.040541
-2.75544, 0.0404286
-2.75939, 0.0403069
-2.76327, 0.0401761
-2.76711, 0.0400363
-2.77089, 0.0398877
-2.77461, 0.0397304
-2.77829, 0.0395647
-2.78191, 0.0393906
-2.78549, 0.0392085
-2.78901, 0.0390184
-2.79249, 0.0388206
-2.79592, 0.0386152
-2.7993, 0.0384025
-2.80264, 0.0381828
-2.80593, 0.0379561
-2.80917, 0.0377227
-2.81237, 0.0374829
-2.81553, 0.0372369
-2.81864, 0.0369848
-2.82171, 0.036727
-2.82474, 0.0364637
-2.82773, 0.036195
-2.83067, 0.0359212
-2.83357, 0.0356426
-2.83643, 0.0353594
-2.83926, 0.0350718
-2.84204, 0.0347801
-2.84478, 0.0344845
-2.84748, 0.0341851
-2.85015, 0.0338824
-2.85278, 0.0335764
-2.85537, 0.0332673
-2.85792, 0.0329556
-2.86043, 0.0326412
-2.86291, 0.0323245
-2.86535, 0.0320057
-2.86776, 0.031685
-2.87012, 0.0313626
-2.87246, 0.0310387
-2.87476, 0.0307136
-2.87702, 0.0303873
-2.87925, 0.0300601
-2.88145, 0.0297322
-2.88361, 0.0294039
-2.88574, 0.0290751
-2.88784, 0.0287463
-2.8899, 0.0284174
-2.89194, 0.0280887
-2.89394, 0.0277604
-2.89591, 0.0274326
-2.89784, 0.0271055
-2.89975, 0.0267792
-2.90163, 0.0264539
-2.90347, 0.0261297
-2.90529, 0.0258067
-2.90708, 0.0254852
-2.90884, 0.0251651
-2.91057, 0.0248467
-2.91227, 0.02453
-2.91394, 0.0242152
-2.91559, 0.0239024
-2.91721, 0.0235917
-2.9188, 0.0232832
-2.92037, 0.0229769
-2.92191, 0.022673
-2.9255, 0.021954
-2.92894, 0.0212502
-2.93225, 0.0205627
-2.93541, 0.0198923
-2.93845, 0.0192397
-2.94137, 0.0186056
-2.94416, 0.0179905
-2.94683, 0.0173946
-2.94939, 0.0168184
-2.95185, 0.016262
-2.95419, 0.0157255
-2.95644, 0.0152089
-2.95859, 0.0147122
-2.96065, 0.0142354
-2.96262, 0.0137782
-2.9645, 0.0133403
-2.9663, 0.0129216
-2.96802, 0.0125218
-2.96967, 0.0121403
-2.97124, 0.0117769
-2.97274, 0.0114311
-2.97418, 0.0111024
-2.97556, 0.0107904
-2.97687, 0.0104946
-2.97813, 0.0102144
-2.97933, 0.00994922
-2.98048, 0.0096986
-2.98158, 0.00946194
-2.98263, 0.00923866
-2.98363, 0.00902821
-2.98459, 0.00882999
-2.98551, 0.00864344
-2.98639, 0.00846799
-2.98723, 0.00830309
-2.98803, 0.00814817
-2.9888, 0.00800269
-2.98954, 0.00786612
-2.99024, 0.00773796
-2.99091, 0.00761769
-2.99156, 0.00750484
-2.99218, 0.00739894
-2.99277, 0.00729954
-2.99334, 0.00720622
-2.99388, 0.00711856
-2.99441, 0.00703619
-2.99491, 0.00695872
-2.99539, 0.00688581
-2.99585, 0.00681713
-2.99629, 0.00675237
-2.99672, 0.00669124
-2.99712, 0.00663346
-2.99752, 0.00657878
-2.99789, 0.00652696
-2.99826, 0.00647778
-2.99861, 0.00643102
-2.99894, 0.0063865
-2.99926, 0.00634404
-2.99958, 0.00630347
-2.99988, 0.00626463
-3.00017, 0.00622738
-3.00044, 0.0061916
-3.00071, 0.00615716
-3.00097, 0.00612395
-3.00122, 0.00609187
-3.00147, 0.00606081
-3.0017, 0.0060307
-3.00193, 0.00600146
-3.00215, 0.00597301
-3.00236, 0.00594527
-3.00257, 0.00591821
-3.00277, 0.00589174
-3.00296, 0.00586583
-3.00315, 0.00584042
-3.00333, 0.00581547
-3.00351, 0.00579095
-3.00368, 0.00576681
-3.00384, 0.00574302
-3.00401, 0.00571955
-3.00416, 0.00569637
-3.00432, 0.00567346
-3.00447, 0.00565079
-3.00462, 0.00562834
-3.00476, 0.0056061
-3.0049, 0.00558404
-3.00503, 0.00556215
-3.00517, 0.00554042
-3.0053, 0.00551882
-3.00542, 0.00549735
-3.00555, 0.005476
-3.00567, 0.00545476
-3.00579, 0.00543361
-3.0059, 0.00541256
-3.00602, 0.00539158
-3.00613, 0.00537068
-3.00624, 0.00534984
-3.00635, 0.00532907
-3.00645, 0.00530836
-3.00656, 0.0052877
-3.00666, 0.00526709
-3.00676, 0.00524652
-3.00696, 0.0052038
-3.00716, 0.00516123
-3.00735, 0.0051188
-3.00754, 0.00507648
-3.00772, 0.00503426
-3.0079, 0.00499213
-3.00807, 0.0049501
-3.00823, 0.00490814
-3.0084, 0.00486626
-3.00856, 0.00482446
-3.00871, 0.00478274
-3.00887, 0.00474109
-3.00902, 0.00469953
-3.00917, 0.00465804
-3.00931, 0.00461665
-3.00945, 0.00457533
-3.00959, 0.00453411
-3.00973, 0.00449299
-3.00987, 0.00445197
-3.01, 0.00441105
-3.01013, 0.00437024
-3.01026, 0.00432955
-3.01039, 0.00428897
-3.01052, 0.00424852
-3.01064, 0.00420819
-3.01077, 0.004168
-3.01089, 0.00412795
-3.01101, 0.00408804
-3.01113, 0.00404827
-3.01124, 0.00400866
-3.01136, 0.00396921
-3.01147, 0.00392992
-3.01159, 0.00389079
-3.0117, 0.00385184
-3.01181, 0.00381306
-3.01192, 0.00377445
-3.01202, 0.00373603
-3.01213, 0.0036978
-3.01224, 0.00365976
-3.01234, 0.00362191
-3.01244, 0.00358426
-3.01254, 0.00354681
-3.01265, 0.00350957
-3.01274, 0.00347253
-3.01284, 0.00343571
-3.01294, 0.0033991
-3.01304, 0.00336271
-3.01313, 0.00332654
-3.01323, 0.00329059
-3.01332, 0.00325487
-3.01341, 0.00321938
-3.0135, 0.00318412
-3.01359, 0.00314909
-3.01368, 0.00311429
-3.01377, 0.00307974
-3.01386, 0.00304542
-3.01394, 0.00301134
-3.01403, 0.00297751
-3.01411, 0.00294393
-3.01419, 0.00291059
-3.01427, 0.00287749
-3.01436, 0.00284465
-3.01444, 0.00281206
-3.01452, 0.00277972
-3.01459, 0.00274763
-3.01467, 0.0027158
-3.01475, 0.00268422
-3.01482, 0.00265289
-3.0149, 0.00262183
-3.01497, 0.00259102
-3.01504, 0.00256047
-3.01512, 0.00253017
-3.01519, 0.00250014
-3.01526, 0.00247036
-3.01533, 0.00244085
-3.0154, 0.00241159
-3.01546, 0.00238259
-3.01553, 0.00235386
-3.0156, 0.00232538
-3.01566, 0.00229716
-3.01573, 0.0022692
-3.01579, 0.0022415
-3.01586, 0.00221406
-3.01592, 0.00218688
-3.01598, 0.00215995
-3.01604, 0.00213328
-3.0161, 0.00210687
-3.01616, 0.00208072
-3.01622, 0.00205482
-3.01628, 0.00202918
-3.01633, 0.00200379
-3.01639, 0.00197866
-3.01644, 0.00195377
-3.0165, 0.00192914
-3.01655, 0.00190476
-3.01661, 0.00188063
-3.01666, 0.00185675
-3.01671, 0.00183312
-3.01676, 0.00180973
-3.01682, 0.00178659
-3.01687, 0.0017637
-3.01692, 0.00174105
-3.01696, 0.00171863
-3.01701, 0.00169646
-3.01706, 0.00167453
-3.01711, 0.00165284
-3.01715, 0.00163138
-3.0172, 0.00161016
-3.01725, 0.00158918
-3.01729, 0.00156842
-3.01733, 0.0015479
-3.01738, 0.0015276
-3.01742, 0.00150754
-3.01746, 0.0014877
-3.01751, 0.00146808
-3.01755, 0.00144869
-3.01759, 0.00142952
-3.01763, 0.00141057
-3.01767, 0.00139184
-3.01771, 0.00137333
-3.01775, 0.00135503
-3.01778, 0.00133694
-3.01782, 0.00131907
-3.01786, 0.00130141
-3.0179, 0.00128395
-3.01793, 0.0012667
-3.01797, 0.00124966
-3.018, 0.00123282
-3.01804, 0.00121618
-3.01807, 0.00119975
-3.01811, 0.00118351
-3.01814, 0.00116747
-3.01817, 0.00115162
-3.0182, 0.00113596
-3.01824, 0.0011205
-3.01827, 0.00110523
-3.0183, 0.00109014
-3.01833, 0.00107524
-3.01836, 0.00106053
-3.01839, 0.00104599
-3.01842, 0.00103164
-3.01845, 0.00101747
-3.01848, 0.00100347
-3.01851, 0.000989653
-3.01853, 0.000976007
-3.01856, 0.000962534
-3.01859, 0.000949231
-3.01861, 0.000936096
-3.01864, 0.000923129
-3.01867, 0.000910327
-3.01869, 0.000897688
-3.01872, 0.000885212
-3.01874, 0.000872895
-3.01877, 0.000860738
-3.01879, 0.000848737
-3.01882, 0.000836891
-3.01884, 0.000825199
-3.01886, 0.000813658
-3.01889, 0.000802268
-3.01891, 0.000791026
-3.01893, 0.000779932
-3.01895, 0.000768982
-3.01897, 0.000758177
-3.019, 0.000747513
-3.01902, 0.00073699
-3.01904, 0.000726606
-3.01906, 0.000716359
-3.01908, 0.000706248
-3.0191, 0.000696271
-3.01912, 0.000686427
-3.01914, 0.000676714
-3.01916, 0.000667131
-3.01917, 0.000657676
-3.01919, 0.000648348
-3.01921, 0.000639144
-3.01923, 0.000630065
-3.01925, 0.000621107
-3.01926, 0.000612271
-3.01928, 0.000603553
-3.0193, 0.000594954
-3.01932, 0.000586471
-3.01933, 0.000578103
-3.01935, 0.000569849
-3.01936, 0.000561707
-3.01938, 0.000553676
-3.0194, 0.000545755
-3.01941, 0.000537942
-3.01943, 0.000530235
-3.01944, 0.000522635
-3.01946, 0.000515138
-3.01947, 0.000507745
-3.01949, 0.000500453
-3.0195, 0.000493262
-3.01951, 0.00048617
-3.01953, 0.000479176
-3.01954, 0.000472278
-3.01955, 0.000465476
-3.01957, 0.000458768
-3.01958, 0.000452153
-3.01959, 0.00044563
-3.01961, 0.000439198
-3.01962, 0.000432855
-3.01963, 0.000426601
-3.01964, 0.000420434
-3.01965, 0.000414353
-3.01967, 0.000408357
-3.01968, 0.000402445
-3.01969, 0.000396616
-3.0197, 0.000390868
-3.01971, 0.000385201
-3.01972, 0.000379614
-3.01973, 0.000374105
-3.01974, 0.000368674
-3.01975, 0.000363319
-3.01976, 0.00035804
-3.01977, 0.000352835
-3.01978, 0.000347704
-3.01979, 0.000342645
-3.0198, 0.000337658
-3.01981, 0.000332741
-3.01982, 0.000327894
-3.01983, 0.000323116
-3.01984, 0.000318406
-3.01985, 0.000313763
-3.01986, 0.000309185
-3.01987, 0.000304673
-3.01987, 0.000300225
-3.01988, 0.00029584
-3.01989, 0.000291518
-3.0199, 0.000287258
-3.01991, 0.000283058
-3.01992, 0.000278919
-3.01992, 0.000274838
-3.01993, 0.000270816
-3.01994, 0.000266852
-3.01995, 0.000262944
-3.01995, 0.000259093
-3.01996, 0.000255296
-3.01997, 0.000251554
-3.01998, 0.000247866
-3.01998, 0.000244231
-3.01999, 0.000240648
-3.02, 0.000237117
-3.02, 0.000233637
-3.02001, 0.000230206
-3.02002, 0.000226825
-3.02002, 0.000223493
-3.02003, 0.000220209
-3.02004, 0.000216973
-3.02004, 0.000213783
-3.02005, 0.000210639
-3.02005, 0.000207541
-3.02006, 0.000204487
-3.02006, 0.000201478
-3.02007, 0.000198512
-3.02008, 0.000195589
-3.02008, 0.000192709
-3.02009, 0.000189871
-3.02009, 0.000187073
-3.0201, 0.000184316
-3.0201, 0.0001816
-3.02011, 0.000178922
-3.02011, 0.000176284
-3.02012, 0.000173684
-3.02012, 0.000171122
-3.02013, 0.000168597
-3.02013, 0.000166109
-3.02014, 0.000163657
-3.02014, 0.00016124
-3.02015, 0.000158859
-3.02015, 0.000156513
-3.02016, 0.000154201
-3.02016, 0.000151923
-3.02016, 0.000149678
-3.02017, 0.000147466
-3.02017, 0.000145286
-3.02018, 0.000143138
-3.02018, 0.000141021
-3.02018, 0.000138935
-3.02019, 0.00013688
-3.02019, 0.000134855
-3.0202, 0.000132859
-3.0202, 0.000130893
-3.0202, 0.000128956
-3.02021, 0.000127047
-3.02021, 0.000125165
-3.02021, 0.000123312
-3.02022, 0.000121486
-3.02022, 0.000119686
-3.02022, 0.000117913
-3.02023, 0.000116166
-3.02023, 0.000114444
-3.02023, 0.000112748
-3.02024, 0.000111077
-3.02024, 0.00010943
-3.02024, 0.000107808
-3.02025, 0.000106209
-3.02025, 0.000104634
-3.02025, 0.000103082
-3.02026, 0.000101553
