0, 0
-0.00104212, 0.00438076
-0.00105932, 0.00437925
-0.00107631, 0.00437827
-0.00109308, 0.00437782
-0.00110963, 0.00437792
-0.00112596, 0.00437856
-0.00114206, 0.00437976
-0.00115793, 0.00438154
-0.00117356, 0.0043839
-0.00118895, 0.00438685
-0.0012041, 0.00439039
-0.00121903, 0.00439454
-0.00123372, 0.00439929
-0.00124818, 0.00440467
-0.00126239, 0.00441069
-0.00127636, 0.00441736
-0.00129007, 0.00442467
-0.00130354, 0.00443264
-0.00131676, 0.00444129
-0.00132975, 0.0044506
-0.00134249, 0.0044606
-0.00135499, 0.00447131
-0.00136724, 0.00448271
-0.00137924, 0.00449483
-0.00139099, 0.00450766
-0.00140248, 0.00452121
-0.00141371, 0.00453549
-0.00142468, 0.0045505
-0.00143539, 0.00456624
-0.00144584, 0.00458273
-0.00145604, 0.00459997
-0.00146598, 0.00461797
-0.00147566, 0.00463673
-0.00148507, 0.00465625
-0.00149422, 0.00467655
-0.00150311, 0.00469762
-0.00151173, 0.00471947
-0.00152009, 0.00474211
-0.00152819, 0.00476553
-0.00153602, 0.00478975
-0.00154359, 0.00481476
-0.0015509, 0.00484057
-0.00155794, 0.00486717
-0.00156472, 0.00489458
-0.00157124, 0.00492278
-0.00157749, 0.00495176
-0.00158348, 0.00498155
-0.00158919, 0.00501213
-0.00159465, 0.00504352
-0.00159983, 0.0050757
-0.00160475, 0.00510868
-0.00160941, 0.00514245
-0.0016138, 0.00517702
-0.00161792, 0.00521238
-0.00162178, 0.00524853
-0.00162537, 0.00528545
-0.00162869, 0.00532315
-0.00163175, 0.00536162
-0.00163453, 0.00540087
-0.00163705, 0.00544088
-0.0016393, 0.00548167
-0.00164129, 0.00552321
-0.001643, 0.00556552
-0.00164445, 0.00560858
-0.00164563, 0.00565238
-0.00164654, 0.00569692
-0.00164718, 0.0057422
-0.00164755, 0.0057882
-0.00164766, 0.00583491
-0.0016475, 0.00588234
-0.00164708, 0.00593047
-0.0016464, 0.0059793
-0.00164545, 0.00602883
-0.00164425, 0.00607903
-0.00164277, 0.00612992
-0.00164104, 0.00618148
-0.00163903, 0.00623371
-0.00163677, 0.00628659
-0.00163425, 0.00634012
-0.00163147, 0.00639429
-0.00162843, 0.0064491
-0.00162513, 0.00650453
-0.00162157, 0.00656057
-0.00161775, 0.00661721
-0.00161367, 0.00667446
-0.00160934, 0.00673229
-0.00160475, 0.00679069
-0.0015999, 0.00684967
-0.00159479, 0.00690922
-0.00158943, 0.00696931
-0.00158382, 0.00702996
-0.00157795, 0.00709114
-0.00157182, 0.00715285
-0.00156543, 0.00721508
-0.00155879, 0.00727782
-0.0015519, 0.00734106
-0.00154475, 0.00740479
-0.00153735, 0.00746901
-0.0015297, 0.00753369
-0.0015218, 0.00759884
-0.00143927, 0.0082047
-0.00133643, 0.00884095
-0.0012134, 0.0095014
-0.00107022, 0.0101802
-0.000906833, 0.010872
-0.000723148, 0.0115719
-0.000519008, 0.0122756
-0.000294219, 0.0129791
-4.85745e-05, 0.0136792
0.000218137, 0.0143729
0.000506104, 0.0150578
0.00081547, 0.0157318
0.00114632, 0.0163934
0.00149869, 0.0170412
0.00187255, 0.0176741
0.00226779, 0.0182915
0.00268422, 0.0188928
0.00312159, 0.0194776
0.00357955, 0.0200458
0.00405768, 0.0205974
0.00455551, 0.0211325
0.0050725, 0.0216512
0.00560804, 0.0221538
0.00616147, 0.0226407
0.0067321, 0.0231123
0.00731919, 0.0235689
0.00792197, 0.024011
0.00853965, 0.0244392
0.00917141, 0.0248538
0.00981643, 0.0252554
0.0104739, 0.0256444
0.0111429, 0.0260214
0.0118227, 0.0263868
0.0125123, 0.0267411
0.0132111, 0.0270848
0.0139181, 0.0274183
0.0146326, 0.0277422
0.0153539, 0.0280568
0.016081, 0.0283626
0.0168134, 0.0286599
0.0175502, 0.0289493
0.0182908, 0.029231
0.0190345, 0.0295055
0.0197806, 0.029773
0.0205286, 0.0300341
0.0212778, 0.0302889
0.0220276, 0.0305379
0.0227776, 0.0307814
0.0235271, 0.0310195
0.0242757, 0.0312528
0.0250229, 0.0314813
0.0257682, 0.0317055
0.0265113, 0.0319255
0.0272516, 0.0321416
0.0279888, 0.0323541
0.0287225, 0.0325632
0.0294524, 0.0327691
0.0301782, 0.0329721
0.0308995, 0.0331723
0.031616, 0.03337
0.0323275, 0.0335654
0.0330337, 0.0337586
0.0337343, 0.0339498
0.0344292, 0.0341392
0.035118, 0.0343271
0.0358007, 0.0345135
0.0364769, 0.0346986
0.0371466, 0.0348825
0.0378096, 0.0350655
0.0384656, 0.0352476
0.0391146, 0.0354291
0.0397564, 0.0356099
0.0403909, 0.0357903
0.041018, 0.0359705
0.0416375, 0.0361504
0.0422494, 0.0363302
0.0428536, 0.0365101
0.0434499, 0.0366901
0.0440384, 0.0368703
0.0446189, 0.0370509
0.0451913, 0.0372319
0.0457556, 0.0374135
0.0463117, 0.0375957
0.0468596, 0.0377786
0.0473993, 0.0379622
0.0479306, 0.0381468
0.0484536, 0.0383323
0.0489681, 0.0385188
0.0494743, 0.0387064
0.049972, 0.0388951
0.0504612, 0.0390851
0.0509418, 0.0392763
0.051414, 0.0394689
0.0518776, 0.0396629
0.0523326, 0.0398582
0.0527791, 0.0400551
0.0532169, 0.0402535
0.0536462, 0.0404535
0.0540668, 0.0406551
0.0544788, 0.0408584
0.0555781, 0.041432
0.0566109, 0.0420193
0.0575772, 0.0426208
0.0584771, 0.0432369
0.059311, 0.043868
0.060079, 0.044514
0.0607816, 0.0451751
0.0614192, 0.0458512
0.0619922, 0.046542
0.0625012, 0.0472473
0.0629469, 0.0479667
0.0633298, 0.0486997
0.0636508, 0.0494459
0.0639108, 0.0502045
0.0641104, 0.0509749
0.0642509, 0.0517563
0.064333, 0.0525481
0.064358, 0.0533493
0.0643271, 0.0541591
0.0642414, 0.0549766
0.0641022, 0.0558008
0.0639109, 0.0566309
0.063669, 0.0574659
0.0633778, 0.0583048
0.063039, 0.0591467
0.0626541, 0.0599906
0.0622248, 0.0608356
0.0617526, 0.0616808
0.0612395, 0.0625252
0.060687, 0.0633679
0.0600969, 0.0642081
0.0594711, 0.0650449
0.0588114, 0.0658775
0.0581195, 0.0667052
0.0573974, 0.0675272
0.0566469, 0.0683428
0.0558697, 0.0691513
0.0550677, 0.069952
0.0542427, 0.0707444
0.0533966, 0.071528
0.052531, 0.0723022
0.0516477, 0.0730665
0.0507485, 0.0738204
0.0498349, 0.0745637
0.0489087, 0.0752958
0.0479714, 0.0760166
0.0470247, 0.0767257
0.0460699, 0.0774228
0.0451086, 0.0781077
0.0441421, 0.0787803
0.0431719, 0.0794403
0.0421993, 0.0800877
0.0412254, 0.0807224
0.0402515, 0.0813442
0.0392788, 0.0819532
0.0383083, 0.0825493
0.037341, 0.0831325
0.036378, 0.0837029
0.0354202, 0.0842605
0.0344684, 0.0848053
0.0335234, 0.0853374
0.032586, 0.085857
0.031657, 0.0863641
0.0307369, 0.0868589
0.0298264, 0.0873414
0.0289261, 0.0878119
0.0280364, 0.0882706
0.0271579, 0.0887175
0.026291, 0.0891528
0.025436, 0.0895768
0.0245933, 0.0899896
0.0237632, 0.0903914
0.0229461, 0.0907825
0.022142, 0.0911629
0.0213513, 0.091533
0.0205741, 0.0918928
0.0198105, 0.0922428
0.0190606, 0.0925829
0.0183246, 0.0929135
0.0176025, 0.0932348
0.0168943, 0.093547
0.0162001, 0.0938502
0.0155197, 0.0941448
0.0148533, 0.0944308
0.0142007, 0.0947086
0.0135619, 0.0949783
0.0129369, 0.09524
0.0123254, 0.0954941
0.0117275, 0.0957408
0.0111429, 0.0959801
0.0105716, 0.0962123
0.0100134, 0.0964376
0.0094681, 0.0966562
0.00893564, 0.0968682
0.00841581, 0.0970739
0.00790844, 0.0972734
0.00741334, 0.0974669
0.00693032, 0.0976545
0.0064592, 0.0978364
0.00599978, 0.0980128
0.00555186, 0.0981839
0.00511524, 0.0983497
0.00468971, 0.0985105
0.00427508, 0.0986663
0.00387113, 0.0988174
0.00347766, 0.0989638
0.00309446, 0.0991058
0.00272132, 0.0992434
0.00235804, 0.0993767
0.0020044, 0.099506
0.00166021, 0.0996312
0.00132525, 0.0997526
0.000999325, 0.0998702
0.000682225, 0.0999842
0.000373754, 0.100095
7.37161e-05, 0.100202
-0.000218088, 0.100306
-0.000501851, 0.100406
-0.000777766, 0.100503
-0.00104602, 0.100598
-0.0013068, 0.100689
-0.00156028, 0.100778
-0.00180665, 0.100864
-0.00204609, 0.100947
-0.00227876, 0.101028
-0.00250485, 0.101106
-0.00272451, 0.101181
-0.00293792, 0.101255
-0.00314524, 0.101326
-0.00334662, 0.101395
-0.00354222, 0.101461
-0.00373219, 0.101526
-0.00391669, 0.101589
-0.00409585, 0.101649
-0.00426982, 0.101708
-0.00443875, 0.101765
-0.00460277, 0.10182
-0.00476201, 0.101874
-0.0049166, 0.101926
-0.00506668, 0.101976
-0.00521235, 0.102025
-0.00535376, 0.102072
-0.00549101, 0.102118
-0.00562422, 0.102162
-0.00575351, 0.102205
-0.00587898, 0.102246
-0.00600074, 0.102287
-0.0061189, 0.102326
-0.00623356, 0.102364
-0.00634482, 0.1024
-0.00645276, 0.102436
-0.00655749, 0.10247
-0.00665911, 0.102504
-0.00675771, 0.102536
-0.00685336, 0.102567
-0.00694616, 0.102598
-0.00703618, 0.102627
-0.00712352, 0.102656
-0.00720823, 0.102684
-0.0072904, 0.10271
-0.00737011, 0.102736
-0.00744743, 0.102762
-0.00752242, 0.102786
-0.00759516, 0.10281
-0.0076657, 0.102833
-0.00773413, 0.102855
-0.00780049, 0.102877
-0.00786485, 0.102897
-0.00792727, 0.102918
-0.00798781, 0.102937
-0.00804652, 0.102956
-0.00810345, 0.102975
-0.00815866, 0.102993
-0.00821219, 0.10301
-0.00826411, 0.103027
-0.00831446, 0.103043
-0.00836327, 0.103059
-0.00841061, 0.103075
-0.00845651, 0.103089
-0.00850102, 0.103104
-0.00854418, 0.103118
-0.00858602, 0.103131
-0.0086266, 0.103144
-0.00866594, 0.103157
-0.00870409, 0.10317
-0.00874107, 0.103182
-0.00877694, 0.103193
-0.00881172, 0.103204
-0.00884543, 0.103215
-0.00887811, 0.103226
-0.0089098, 0.103236
-0.00894052, 0.103246
-0.00897031, 0.103256
-0.00899919, 0.103265
-0.00902718, 0.103274
-0.00905432, 0.103283
-0.00908063, 0.103292
-0.00910614, 0.1033
-0.00913087, 0.103308
-0.00915484, 0.103316
-0.00917808, 0.103323
-0.0092006, 0.103331
-0.00922243, 0.103338
-0.00924359, 0.103345
-0.00926411, 0.103351
-0.009284, 0.103358
-0.0093033, 0.103364
-0.00932203, 0.10337
-0.00934018, 0.103376
-0.00935776, 0.103382
-0.0093748, 0.103387
-0.00939131, 0.103393
-0.00940733, 0.103398
-0.00942285, 0.103403
-0.0094379, 0.103408
-0.00945248, 0.103413
-0.00946663, 0.103418
-0.00948033, 0.103422
-0.00949362, 0.103427
-0.00950651, 0.103431
-0.009519, 0.103435
-0.00953111, 0.103439
-0.00954285, 0.103443
-0.00955423, 0.103447
-0.00956526, 0.10345
-0.00957596, 0.103454
-0.00958633, 0.103457
-0.00959638, 0.103461
-0.00960612, 0.103464
-0.00961557, 0.103467
-0.00962473, 0.10347
-0.00963361, 0.103473
-0.00964222, 0.103476
-0.00965056, 0.103479
-0.00965865, 0.103481
-0.0096665, 0.103484
-0.0096741, 0.103486
-0.00968147, 0.103489
-0.00968862, 0.103491
-0.00969554, 0.103494
-0.00970226, 0.103496
-0.00970877, 0.103498
-0.00971508, 0.1035
-0.0097212, 0.103502
-0.00972713, 0.103504
-0.00973288, 0.103506
-0.00973845, 0.103508
-0.00974385, 0.10351
-0.00974908, 0.103512
-0.00975416, 0.103513
-0.00975907, 0.103515
-0.00976384, 0.103517
-0.00976846, 0.103518
-0.00977294, 0.10352
-0.00977728, 0.103521
-0.00978149, 0.103523
-0.00978557, 0.103524
-0.00978953, 0.103525
-0.00979335, 0.103527
-0.00979708, 0.103528
-0.00980069, 0.103529
-0.0098042, 0.103531
-0.0098076, 0.103532
-0.0098109, 0.103533
-0.0098141, 0.103534
-0.0098172, 0.103535
-0.00982021, 0.103536
-0.00982313, 0.103537
-0.00982597, 0.103538
-0.00982871, 0.103539
-0.00983135, 0.10354
-0.00983392, 0.103541
-0.0098364, 0.103542
-0.00983881, 0.103542
-0.00984114, 0.103543
-0.0098434, 0.103544
-0.0098456, 0.103545
-0.00984772, 0.103546
-0.00984978, 0.103546
-0.00985178, 0.103547
-0.00985372, 0.103548
-0.0098556, 0.103548
-0.00985742, 0.103549
-0.00985919, 0.10355
-0.0098609, 0.10355
-0.00986256, 0.103551
-0.00986417, 0.103551
-0.00986573, 0.103552
-0.00986724, 0.103552
-0.0098687, 0.103553
-0.00987012, 0.103554
-0.0098715, 0.103554
-0.00987283, 0.103555
-0.00987413, 0.103555
-0.00987538, 0.103555
-0.0098766, 0.103556
-0.00987778, 0.103556
-0.00987892, 0.103557
-0.00988003, 0.103557
-0.00988111, 0.103558
-0.00988215, 0.103558
-0.00988317, 0.103558
-0.00988415, 0.103559
-0.0098851, 0.103559
-0.00988602, 0.103559
-0.00988692, 0.10356
-0.00988779, 0.10356
-0.00988863, 0.10356
-0.00988944, 0.103561
-0.00989023, 0.103561
-0.009891, 0.103561
-0.00989175, 0.103561
-0.00989247, 0.103562
-0.00989317, 0.103562
-0.00989385, 0.103562
-0.0098945, 0.103562
-0.00989514, 0.103563
-0.00989576, 0.103563
-0.00989636, 0.103563
-0.00989694, 0.103563
-0.00989751, 0.103564
-0.00989805, 0.103564
-0.00989858, 0.103564
-0.0098991, 0.103564
-0.0098996, 0.103564
-0.00990008, 0.103564
-0.00990056, 0.103565
-0.00990101, 0.103565
-0.00990146, 0.103565
-0.00990189, 0.103565
-0.0099023, 0.103565
-0.00990271, 0.103565
-0.0099031, 0.103566
-0.00990348, 0.103566
-0.00990385, 0.103566
-0.0099042, 0.103566
-0.00990455, 0.103566
-0.00990489, 0.103566
-0.00990521, 0.103566
-0.00990553, 0.103567
-0.00990584, 0.103567
-0.00990614, 0.103567
-0.00990642, 0.103567
-0.00990671, 0.103567
-0.00990698, 0.103567
-0.00990724, 0.103567
-0.0099075, 0.103567
-0.00990774, 0.103567
-0.00990798, 0.103567
-0.00990822, 0.103568
-0.00990844, 0.103568
-0.00990866, 0.103568
-0.00990887, 0.103568
-0.00990908, 0.103568
-0.00990928, 0.103568
-0.00990947, 0.103568
-0.00990966, 0.103568
-0.00990984, 0.103568
-0.00991001, 0.103568
-0.00991018, 0.103568
-0.00991034, 0.103568
-0.0099105, 0.103568
-0.00991066, 0.103568
-0.00991081, 0.103569
-0.00991095, 0.103569
-0.00991109, 0.103569
-0.00991123, 0.103569
-0.00991136, 0.103569
-0.00991149, 0.103569
-0.00991161, 0.103569
-0.00991173, 0.103569
-0.00991184, 0.103569
-0.00991196, 0.103569
-0.00991206, 0.103569
-0.00991217, 0.103569
-0.00991227, 0.103569
-0.00991237, 0.103569
-0.00991246, 0.103569
-0.00991256, 0.103569
-0.00991264, 0.103569
-0.00991273, 0.103569
-0.00991281, 0.103569
-0.0099129, 0.103569
-0.00991297, 0.103569
-0.00991305, 0.103569
-0.00991312, 0.103569
-0.00991319, 0.103569
-0.00991326, 0.103569
-0.00991333, 0.103569
-0.00991339, 0.10357
-0.00991345, 0.10357
-0.00991351, 0.10357
-0.00991357, 0.10357
-0.00991363, 0.10357
-0.00991368, 0.10357
-0.00991373, 0.10357
-0.00991378, 0.10357
-0.00991383, 0.10357
-0.00991388, 0.10357
-0.00991393, 0.10357
