-0.000847202, 0.0525504
-0.281364, 0.0527592
-0.561308, 0.052786
-0.839447, 0.0526634
-1.11491, 0.0523907
-1.38685, 0.0519699
-1.65449, 0.0514057
-1.91711, 0.0507053
-2.17407, 0.0498779
-2.42478, 0.0489348
-2.66875, 0.047889
-2.90558, 0.0467542
-3.13494, 0.045545
-3.35656, 0.0442763
-3.57028, 0.0429627
-3.77599, 0.0416185
-3.97364, 0.040257
-4.16325, 0.0388909
-4.34489, 0.0375313
-4.51867, 0.0361884
-4.68474, 0.0348708
-4.84329, 0.0335862
-4.99451, 0.0323404
-5.13864, 0.0311385
-5.27593, 0.0299841
-5.40664, 0.0288798
-5.53101, 0.0278274
-5.64933, 0.0268276
-5.76187, 0.0258807
-5.86888, 0.0249861
-5.97063, 0.0241428
-6.06738, 0.0233495
-6.15939, 0.0226044
-6.24689, 0.0219057
-6.33013, 0.0212511
-6.40933, 0.0206387
-6.4847, 0.020066
-6.55646, 0.019531
-6.6248, 0.0190314
-6.68991, 0.0185652
-6.75198, 0.0181302
-6.81117, 0.0177246
-6.86765, 0.0173465
-6.92156, 0.0169942
-6.97305, 0.016666
-7.02227, 0.0163606
-7.06933, 0.0160766
-7.11436, 0.0158125
-7.15747, 0.0155674
-7.19877, 0.0153402
-7.23836, 0.0151298
-7.27635, 0.0149354
-7.3128, 0.0147563
-7.34783, 0.0145915
-7.38149, 0.0144406
-7.41387, 0.0143028
-7.44503, 0.0141777
-7.47505, 0.0140647
-7.50399, 0.0139634
-7.5319, 0.0138734
-7.55883, 0.0137942
-7.58485, 0.0137256
-7.61, 0.0136671
-7.63433, 0.0136186
-7.65787, 0.0135797
-7.68068, 0.0135502
-7.70278, 0.0135298
-7.72422, 0.0135183
-7.74503, 0.0135154
-7.76524, 0.0135211
-7.78488, 0.013535
-7.80399, 0.013557
-7.82258, 0.0135869
-7.84068, 0.0136245
-7.85832, 0.0136696
-7.87551, 0.0137221
-7.89229, 0.0137818
-7.90867, 0.0138485
-7.92467, 0.0139219
-7.9403, 0.0140021
-7.9556, 0.0140887
-7.97056, 0.0141816
-7.98521, 0.0142806
-7.99956, 0.0143855
-8.01362, 0.0144962
-8.02741, 0.0146125
-8.04094, 0.0147341
-8.05422, 0.014861
-8.06726, 0.0149929
-8.08007, 0.0151297
-8.09266, 0.0152711
-8.10504, 0.015417
-8.11723, 0.0155671
-8.12922, 0.0157214
-8.14102, 0.0158796
-8.15265, 0.0160415
-8.16411, 0.016207
-8.17541, 0.0163758
-8.18654, 0.0165477
-8.19753, 0.0167227
-8.20837, 0.0169005
-8.22437, 0.0171719
-8.24007, 0.0174487
-8.25549, 0.0177301
-8.27063, 0.0180155
-8.28552, 0.0183044
-8.30017, 0.0185962
-8.31458, 0.0188902
-8.32878, 0.019186
-8.34275, 0.0194829
-8.35653, 0.0197804
-8.37011, 0.020078
-8.3835, 0.020375
-8.3967, 0.0206711
-8.40974, 0.0209657
-8.4226, 0.0212583
-8.4353, 0.0215485
-8.44784, 0.0218357
-8.46022, 0.0221195
-8.47245, 0.0223995
-8.48453, 0.0226752
-8.49648, 0.0229463
-8.50828, 0.0232124
-8.51994, 0.0234731
-8.53146, 0.023728
-8.54286, 0.0239768
-8.55412, 0.0242192
-8.56526, 0.0244548
-8.57627, 0.0246834
-8.58715, 0.0249046
-8.59791, 0.0251184
-8.60855, 0.0253243
-8.61906, 0.0255222
-8.62946, 0.0257119
-8.63974, 0.0258931
-8.6499, 0.0260658
-8.65995, 0.0262297
-8.66988, 0.0263848
-8.67969, 0.0265309
-8.68939, 0.0266679
-8.69898, 0.0267957
-8.70845, 0.0269143
-8.71781, 0.0270236
-8.72706, 0.0271235
-8.7362, 0.0272141
-8.74523, 0.0272954
-8.75415, 0.0273672
-8.76295, 0.0274298
-8.77165, 0.027483
-8.78024, 0.027527
-8.78873, 0.0275618
-8.7971, 0.0275875
-8.80537, 0.0276042
-8.81353, 0.0276119
-8.82158, 0.0276109
-8.82953, 0.0276011
-8.83738, 0.0275827
-8.84512, 0.0275559
-8.85275, 0.0275208
-8.86029, 0.0274775
-8.86772, 0.0274263
-8.87504, 0.0273673
-8.88227, 0.0273006
-8.88939, 0.0272264
-8.89642, 0.027145
-8.90334, 0.0270565
-8.91017, 0.0269611
-8.9169, 0.026859
-8.92353, 0.0267504
-8.93006, 0.0266355
-8.93649, 0.0265145
-8.94284, 0.0263877
-8.94908, 0.0262552
-8.95524, 0.0261172
-8.9613, 0.025974
-8.96726, 0.0258258
-8.97314, 0.0256728
-8.97893, 0.0255151
-8.98462, 0.0253531
-8.99023, 0.0251868
-8.99575, 0.0250166
-9.00119, 0.0248426
-9.00653, 0.024665
-9.01179, 0.0244841
-9.01697, 0.0243
-9.02207, 0.0241129
-9.02708, 0.023923
-9.03201, 0.0237305
-9.03686, 0.0235357
-9.04163, 0.0233385
-9.04633, 0.0231394
-9.05094, 0.0229384
-9.05548, 0.0227356
-9.05995, 0.0225314
-9.06434, 0.0223258
-9.06865, 0.0221189
-9.07289, 0.021911
-9.07707, 0.0217022
-9.08117, 0.0214927
-9.0852, 0.0212825
-9.08916, 0.0210719
-9.09562, 0.0207201
-9.10189, 0.0203679
-9.10798, 0.0200159
-9.1139, 0.0196647
-9.11964, 0.0193146
-9.12523, 0.0189662
-9.13064, 0.0186198
-9.13591, 0.0182759
-9.14102, 0.0179349
-9.14598, 0.017597
-9.15079, 0.0172627
-9.15546, 0.0169321
-9.16, 0.0166055
-9.1644, 0.0162831
-9.16868, 0.0159652
-9.17282, 0.0156519
-9.17685, 0.0153434
-9.18076, 0.0150399
-9.18455, 0.0147414
-9.18823, 0.014448
-9.1918, 0.0141599
-9.19526, 0.0138771
-9.19862, 0.0135996
-9.20188, 0.0133275
-9.20505, 0.0130608
-9.20812, 0.0127996
-9.21111, 0.0125438
-9.214, 0.0122934
-9.21681, 0.0120483
-9.21954, 0.0118087
-9.22219, 0.0115744
-9.22476, 0.0113454
-9.22725, 0.0111216
-9.22967, 0.010903
-9.23202, 0.0106895
-9.23431, 0.010481
-9.23652, 0.0102775
-9.23868, 0.0100789
-9.24077, 0.00988512
-9.2428, 0.00969605
-9.24477, 0.00951162
-9.24668, 0.00933173
-9.24855, 0.0091563
-9.25035, 0.00898524
-9.25211, 0.00881845
-9.25382, 0.00865583
-9.25548, 0.0084973
-9.25709, 0.00834276
-9.25865, 0.00819211
-9.26018, 0.00804526
-9.26166, 0.00790211
-9.2631, 0.00776256
-9.2645, 0.00762653
-9.26586, 0.00749392
-9.26718, 0.00736463
-9.26847, 0.00723859
-9.26972, 0.00711569
-9.27094, 0.00699586
-9.27213, 0.006879
-9.27328, 0.00676502
-9.27441, 0.00665386
-9.2755, 0.00654542
-9.27657, 0.00643962
-9.2776, 0.00633639
-9.27861, 0.00623565
-9.2796, 0.00613732
-9.28055, 0.00604134
-9.28149, 0.00594762
-9.2824, 0.00585611
-9.28328, 0.00576673
-9.28415, 0.00567942
-9.28499, 0.00559411
-9.28581, 0.00551075
-9.28661, 0.00542927
-9.28739, 0.00534961
-9.28815, 0.00527173
-9.28889, 0.00519556
-9.28961, 0.00512105
-9.29032, 0.00504816
-9.29101, 0.00497682
-9.29168, 0.004907
-9.29234, 0.00483864
-9.29298, 0.0047717
-9.29361, 0.00470614
-9.29422, 0.00464191
-9.29481, 0.00457897
-9.2954, 0.00451729
-9.29597, 0.00445683
-9.29652, 0.00439755
-9.29707, 0.00433941
-9.2976, 0.00428237
-9.29812, 0.00422642
-9.29863, 0.00417151
-9.29912, 0.00411762
-9.29961, 0.00406471
-9.30008, 0.00401276
-9.30055, 0.00396174
-9.301, 0.00391162
-9.30145, 0.00386238
-9.30188, 0.00381399
-9.30393, 0.00358406
-9.30577, 0.00337225
-9.30744, 0.00317633
-9.30896, 0.00299447
-9.31034, 0.00282512
-9.3116, 0.00266698
-9.31276, 0.00251896
-9.31382, 0.00238013
-9.3148, 0.00224968
-9.31571, 0.00212694
-9.31655, 0.00201131
-9.31732, 0.00190225
-9.31805, 0.00179932
-9.31872, 0.00170209
-9.31935, 0.00161019
-9.31994, 0.0015233
-9.32049, 0.0014411
-9.321, 0.00136333
-9.32148, 0.00128972
-9.32194, 0.00122004
-9.32236, 0.00115408
-9.32276, 0.00109162
-9.32314, 0.00103249
-9.32349, 0.000976503
-9.32382, 0.00092349
-9.32414, 0.000873297
-9.32443, 0.000825776
-9.32471, 0.000780787
-9.32497, 0.000738198
-9.32522, 0.000697883
-9.32545, 0.000659725
-9.32567, 0.000623611
-9.32588, 0.000589435
-9.32608, 0.000557096
-9.32626, 0.000526498
-9.32644, 0.00049755
-9.3266, 0.000470166
-9.32676, 0.000444263
-9.3269, 0.000419763
-9.32704, 0.000396594
-9.32717, 0.000374684
-9.3273, 0.000353966
-9.32741, 0.000334379
-9.32752, 0.000315861
-9.32763, 0.000298355
-9.32772, 0.000281807
-9.32782, 0.000266167
-9.3279, 0.000251385
-9.32799, 0.000237415
-9.32807, 0.000224214
-9.32814, 0.00021174
-9.32821, 0.000199954
-9.32827, 0.000188818
-9.32834, 0.000178297
-9.3284, 0.000168357
-9.32845, 0.000158968
-9.3285, 0.000150098
-9.32855, 0.000141721
-9.3286, 0.000133808
-9.32864, 0.000126333
-9.32868, 0.000119275
-9.32872, 0.000112608
-9.32876, 0.000106312
-9.3288, 0.000100366
-9.32883, 9.4752e-05
-9.32886, 8.94501e-05
-9.32889, 8.44439e-05
-9.32892, 7.97163e-05
-9.32894, 7.52526e-05
-9.32897, 7.10382e-05
-9.32899, 6.70591e-05
-9.32901, 6.33017e-05
-9.32903, 5.97544e-05
-9.32905, 5.64063e-05
-9.32907, 5.32433e-05
-9.32909, 5.02588e-05
-9.32911, 4.74407e-05
-9.32912, 4.47803e-05
-9.32914, 4.22689e-05
-9.32915, 3.98976e-05
-9.32916, 3.7659e-05
-9.32917, 3.5547e-05
-9.32919, 3.35521e-05
-9.3292, 3.16704e-05
-9.32921, 2.98921e-05
-9.32922, 2.82156e-05
-9.32923, 2.66309e-05
-9.32924, 2.51362e-05
-9.32924, 2.37241e-05
-9.32925, 2.23933e-05
-9.32926, 2.11364e-05
-9.32927, 1.9949e-05
-9.32927, 1.88294e-05
-9.32928, 1.7771e-05
-9.32928, 1.67725e-05
-9.32929, 1.58315e-05
-9.3293, 1.49416e-05
-9.3293, 1.4103e-05
-9.3293, 1.33104e-05
-9.32931, 1.25617e-05
-9.32931, 1.18588e-05
-9.32932, 1.11911e-05
-9.32932, 1.05633e-05
-9.32932, 9.96949e-06
-9.32933, 9.40772e-06
-9.32933, 8.87849e-06
-9.32933, 8.38034e-06
-9.32934, 7.90835e-06
-9.32934, 7.46559e-06
-9.32934, 7.04445e-06
-9.32934, 6.65653e-06
-9.32935, 6.27974e-06
-9.32935, 5.92579e-06
-9.32935, 5.59268e-06
-9.32935, 5.27897e-06
-9.32935, 4.97404e-06
-9.32936, 4.70537e-06
-9.32936, 4.43644e-06
-9.32936, 4.18253e-06
-9.32936, 3.95013e-06
-9.32936, 3.72803e-06
-9.32936, 3.51617e-06
-9.32936, 3.32293e-06
-9.32936, 3.14044e-06
-9.32937, 2.9587e-06
-9.32937, 2.79316e-06
-9.32937, 2.63342e-06
-9.32937, 2.48631e-06
-9.32937, 2.34209e-06
-9.32937, 2.21742e-06
-9.32937, 2.08872e-06
-9.32937, 1.97686e-06
-9.32937, 1.87731e-06
-9.32937, 1.77217e-06
-9.32937, 1.65611e-06
-9.32937, 1.56795e-06
-9.32937, 1.47935e-06
-9.32937, 1.40039e-06
-9.32937, 1.32209e-06
-9.32938, 1.23886e-06
-9.32938, 1.16801e-06
-9.32938, 1.11191e-06
-9.32938, 1.05283e-06
-9.32938, 9.83025e-07
-9.32938, 9.07871e-07
-9.32938, 8.76006e-07
-9.32938, 8.08517e-07
-9.32938, 7.72564e-07
-9.32938, 7.72564e-07
-9.32938, 7.15256e-07
-9.32938, 6.41962e-07
-9.32938, 6.1943e-07
-9.32938, 6.0785e-07
-9.32938, 5.46286e-07
-9.32938, 4.91512e-07
-9.32938, 4.91512e-07
-9.32938, 5.19621e-07
-9.32938, 4.91512e-07
-9.32938, 3.57628e-07
-9.32938, 3.57628e-07
-9.32938, 3.76973e-07
-9.32938, 4.12953e-07
-9.32938, 2.92002e-07
-9.32938, 2.92002e-07
-9.32938, 3.15398e-07
-9.32938, 2.38419e-07
-9.32938, 2.6656e-07
-9.32938, 2.92002e-07
-9.32938, -nan
-9.32938, 2.06477e-07
-9.32938, 2.38419e-07
-9.32938, 1.19209e-07
-9.32938, 1.19209e-07
-9.32938, 2.38419e-07
-9.32938, 1.19209e-07
-9.32938, 1.68587e-07
-9.32938, 1.68587e-07
-9.32938, 0
-9.32938, 1.68587e-07
-9.32938, 2.06477e-07
-9.32938, 1.68587e-07
-9.32938, -nan
-9.32938, 2.06477e-07
-9.32938, -nan
-9.32938, 2.06477e-07
-9.32938, 0
-9.32938, 0
-9.32938, 1.68587e-07
-9.32938, 2.38419e-07
-9.32938, 2.38419e-07
-9.32938, 0
-9.32938, 1.19209e-07
-9.32938, -nan
-9.32938, 1.68587e-07
-9.32938, 1.19209e-07
-9.32938, -nan
-9.32938, -nan
-9.32938, 2.38419e-07
-9.32938, -nan
-9.32938, 2.06477e-07
-9.32938, 0
-9.32938, 1.68587e-07
-9.32938, 2.06477e-07
-9.32938, -nan
-9.32938, -nan
-9.32938, 2.06477e-07
-9.32938, -nan
-9.32938, 1.68587e-07
-9.32938, -nan
-9.32938, 1.19209e-07
-9.32938, 0
-9.32938, -nan
-9.32938, 0
-9.32938, 1.19209e-07
-9.32938, 1.68587e-07
-9.32938, 0
-9.32938, 0
-9.32938, -nan
-9.32938, 2.06477e-07
-9.32938, 0
-9.32938, 0
-9.32938, -nan
-9.32938, 1.68587e-07
-9.32938, -nan
-9.32938, 0
-9.32938, -nan
-9.32938, -nan
-9.32938, 2.06477e-07
-9.32938, 1.68587e-07
-9.32938, 0
-9.32938, 0
-9.32938, 1.68587e-07
-9.32938, -nan
-9.32938, -nan
-9.32938, 0
-9.32938, 2.06477e-07
-9.32938, 2.06477e-07
-9.32938, 2.38419e-07
-9.32938, 1.68587e-07
-9.32938, 1.19209e-07
-9.32938, -nan
-9.32938, 0
-9.32938, 1.68587e-07
-9.32938, 2.06477e-07
-9.32938, -nan
-9.32938, 0
-9.32938, 0
-9.32938, 0
-9.32938, 1.19209e-07
-9.32938, -nan
-9.32938, -nan
-9.32938, 0
-9.32938, 0
-9.32938, 0
-9.32938, 0
-9.32938, -nan
-9.32938, -nan
-9.32938, 1.19209e-07
-9.32938, -nan
-9.32938, -nan
-9.32938, 2.6656e-07
-9.32938, 1.68587e-07
-9.32938, -nan
-9.32938, 2.06477e-07
-9.32938, -nan
-9.32938, -nan
-9.32938, 0
-9.32938, 2.06477e-07
-9.32938, -nan
-9.32938, 1.19209e-07
-9.32938, -nan
-9.32938, 0
-9.32938, 0
-9.32938, 1.19209e-07
-9.32938, -nan
-9.32938, 1.68587e-07
-9.32938, 0
-9.32938, -nan
-9.32938, 2.38419e-07
-9.32938, 0
-9.32938, 1.19209e-07
-9.32938, -nan
-9.32938, -nan
-9.32938, 0
-9.32938, 2.38419e-07
-9.32938, -nan
-9.32938, 2.06477e-07
-9.32938, -nan
-9.32938, -nan
-9.32938, -nan
-9.32938, -nan
-9.32938, 1.19209e-07
-9.32938, 2.38419e-07
-9.32938, -nan
-9.32938, -nan
-9.32938, 2.06477e-07
-9.32938, 1.68587e-07
-9.32938, -nan
-9.32938, 0
-9.32938, 0
-9.32938, 2.06477e-07
-9.32938, -nan
-9.32938, -nan
-9.32938, -nan
-9.32938, 1.68587e-07
-9.32938, -nan
-9.32938, 2.38419e-07
-9.32938, 2.06477e-07
-9.32938, 1.19209e-07
-9.32938, 0
-9.32938, 0
-9.32938, 1.19209e-07
-9.32938, 2.06477e-07
-9.32938, -nan
-9.32938, 0
-9.32938, 1.19209e-07
-9.32938, 1.68587e-07
-9.32938, 1.19209e-07
-9.32938, 1.68587e-07
-9.32938, -nan
-9.32938, -nan
-9.32938, -nan
-9.32938, 1.19209e-07
-9.32938, 1.19209e-07
-9.32938, -nan
-9.32938, 1.19209e-07
-9.32938, 1.68587e-07
-9.32938, -nan
-9.32938, 0
-9.32938, -nan
-9.32938, -nan
-9.32938, 1.19209e-07
-9.32938, -nan
-9.32938, 0
-9.32938, 1.68587e-07
-9.32938, 1.68587e-07
-9.32938, -nan
-9.32938, 1.68587e-07
-9.32938, 1.68587e-07
-9.32938, 1.19209e-07
-9.32938, 1.19209e-07
-9.32938, -nan
-9.32938, -nan
-9.32938, 2.06477e-07
-9.32938, -nan
-9.32938, -nan
-9.32938, 0
-9.32938, 1.19209e-07
-9.32938, -nan
-9.32938, 1.19209e-07
-9.32938, 1.19209e-07
-9.32938, -nan
-9.32938, 0
-9.32938, 1.68587e-07
-9.32938, 1.68587e-07
-9.32938, 1.19209e-07
-9.32938, 1.19209e-07
-9.32938, -nan
-9.32938, 1.68587e-07
-9.32938, 0
-9.32938, -nan
-9.32938, 1.19209e-07
-9.32938, 1.19209e-07
-9.32938, -nan
-9.32938, 2.06477e-07
-9.32938, 0
-9.32938, -nan
-9.32938, -nan
-9.32938, 1.68587e-07
-9.32938, 0
-9.32938, 0
-9.32938, 0
-9.32938, 2.06477e-07
-9.32938, 1.68587e-07
-9.32938, 0
-9.32938, 0
-9.32938, -nan
-9.32938, -nan
-9.32938, 0
-9.32938, -nan
-9.32938, -nan
-9.32938, 1.19209e-07
-9.32938, 0
-9.32938, -nan
-9.32938, -nan
-9.32938, 1.19209e-07
-9.32938, -nan
-9.32938, 0
-9.32938, 1.68587e-07
-9.32938, -nan
-9.32938, 1.19209e-07
-9.32938, -nan
-9.32938, 0
-9.32938, 1.68587e-07
-9.32938, -nan
-9.32938, -nan
-9.32938, -nan
-9.32938, 2.06477e-07
-9.32938, -nan
-9.32938, -nan
