-0.00413009, 0.107324
-0.00369465, 0.104596
-0.00326988, 0.101836
-0.0028567, 0.099058
-0.00245583, 0.0962744
-0.0020674, 0.0934992
-0.00169107, 0.0907454
-0.00132618, 0.0880252
-0.000971831, 0.0853492
-0.000626985, 0.0827265
-0.00029054, 0.0801646
3.85937e-05, 0.0776692
0.000361436, 0.0752448
0.000678908, 0.0728948
0.000991808, 0.0706216
0.00130081, 0.0684269
0.00160647, 0.066312
0.00190922, 0.0642778
0.00220939, 0.062325
0.00250725, 0.0604542
0.00280297, 0.0586663
0.00309668, 0.0569618
0.00338846, 0.0553418
0.00367839, 0.0538073
0.00396648, 0.0523594
0.00425279, 0.0509996
0.00453731, 0.0497292
0.00482009, 0.0485498
0.00510114, 0.0474632
0.00538047, 0.0464709
0.00565812, 0.0455747
0.0059341, 0.0447759
0.0062084, 0.0440759
0.00648101, 0.0434756
0.00675191, 0.0429758
0.00702103, 0.0425766
0.0072883, 0.0422776
0.00755363, 0.042078
0.00781691, 0.0419764
0.00807799, 0.0419706
0.00833674, 0.042058
0.00859301, 0.0422355
0.00884663, 0.0424993
0.00909746, 0.0428454
0.00934533, 0.0432692
0.00959009, 0.043766
0.00983158, 0.044331
0.0100696, 0.0449591
0.0103041, 0.0456453
0.0105349, 0.0463847
0.0107618, 0.0471724
0.0109848, 0.0480036
0.0112036, 0.0488739
0.0114183, 0.049779
0.0116286, 0.0507148
0.0118345, 0.0516775
0.012036, 0.0526635
0.012233, 0.0536697
0.0124254, 0.0546928
0.0126133, 0.0557302
0.0127966, 0.0567792
0.0129753, 0.0578376
0.0131495, 0.0589031
0.0133191, 0.0599738
0.0134842, 0.0610479
0.0136448, 0.0621238
0.013801, 0.0632
0.0139529, 0.0642752
0.0141004, 0.0653482
0.0142438, 0.0664178
0.0143829, 0.0674832
0.014518, 0.0685435
0.0146491, 0.0695978
0.0147762, 0.0706455
0.0148996, 0.071686
0.0151908, 0.0742451
0.0154604, 0.0767493
0.01571, 0.0791939
0.0159413, 0.0815763
0.0161557, 0.083895
0.0163546, 0.0861496
0.0165393, 0.0883404
0.0167107, 0.0904685
0.0168698, 0.0925352
0.0170173, 0.0945423
0.0171538, 0.0964918
0.0172799, 0.0983857
0.0173959, 0.100226
0.0175021, 0.102016
0.0175988, 0.103756
0.0176864, 0.10545
0.017765, 0.107099
0.0178351, 0.108705
0.0178968, 0.110271
0.0179503, 0.111799
0.0179961, 0.113291
0.0180341, 0.114748
0.0180648, 0.116172
0.0180883, 0.117565
0.0181047, 0.118929
0.0181144, 0.120265
0.0181175, 0.121574
0.0181141, 0.122859
0.0181044, 0.124119
0.0180886, 0.125357
0.0180669, 0.126574
0.0180394, 0.127771
0.0180062, 0.128948
0.0179674, 0.130107
0.0179232, 0.131248
0.0178737, 0.132373
0.017819, 0.133481
0.0177592, 0.134575
0.0176945, 0.135654
0.0176248, 0.136719
0.0175504, 0.137771
0.0174712, 0.13881
0.0173875, 0.139837
0.0172993, 0.140852
0.0172068, 0.141857
0.01711, 0.14285
0.0170089, 0.143834
0.0169038, 0.144808
0.0167947, 0.145773
0.0166818, 0.146729
0.0164442, 0.1486
0.0161925, 0.15044
0.0159278, 0.152254
0.0156508, 0.154044
0.0153628, 0.155812
0.0150651, 0.157562
0.014759, 0.159295
0.0144458, 0.161013
0.0141269, 0.162718
0.0138031, 0.164412
0.0134742, 0.166096
0.0131405, 0.167771
0.0128022, 0.169439
0.0124596, 0.171102
0.0121132, 0.17276
0.0117633, 0.174417
0.0114104, 0.176072
0.0110549, 0.177729
0.0106975, 0.179385
0.0103384, 0.181041
0.00997651, 0.182695
0.0096105, 0.184346
0.00923962, 0.185993
0.00886449, 0.187638
0.0084864, 0.189283
0.00810589, 0.19093
0.00772099, 0.192578
0.00732761, 0.194224
0.00692259, 0.195865
0.00650552, 0.197499
0.00607709, 0.199123
0.00563809, 0.200735
0.00518917, 0.202332
0.00473115, 0.203911
0.00426554, 0.205469
0.0037943, 0.207002
0.00331787, 0.208505
0.00283203, 0.209971
0.00233176, 0.211395
0.00181786, 0.212772
0.00129643, 0.2141
0.000770588, 0.215376
0.000239813, 0.216597
-0.000295647, 0.217758
-0.000835751, 0.218854
-0.00138127, 0.219881
-0.00193317, 0.220841
-0.00249135, 0.221735
-0.00305432, 0.222567
-0.00361986, 0.22334
-0.00418896, 0.224054
-0.00476306, 0.22471
-0.00534332, 0.225307
-0.0059279, 0.225841
-0.00651213, 0.226309
-0.00708909, 0.226716
-0.0076531, 0.227064
-0.00820482, 0.227356
-0.00874747, 0.227589
-0.00928266, 0.227764
-0.00998597, 0.227896
-0.0106788, 0.227928
-0.0113587, 0.227864
-0.0120196, 0.227705
-0.0126592, 0.227454
-0.0132763, 0.227115
-0.0138687, 0.226691
-0.0144411, 0.226186
-0.014998, 0.225601
-0.0155401, 0.224937
-0.0160682, 0.224196
-0.016579, 0.22338
-0.017071, 0.222497
-0.0175465, 0.221552
-0.0180049, 0.220553
-0.0184487, 0.219502
-0.0188753, 0.218397
-0.0192743, 0.217234
-0.0196388, 0.216016
-0.0199679, 0.21475
-0.020262, 0.21344
-0.0205229, 0.212087
-0.0207551, 0.210691
-0.0209634, 0.209245
-0.0211453, 0.207742
-0.0212969, 0.206188
-0.0214201, 0.204589
-0.021515, 0.202953
-0.0215836, 0.201283
-0.0216259, 0.19958
-0.021639, 0.197841
-0.0216222, 0.196068
-0.0215774, 0.194267
-0.0215104, 0.192444
-0.0214222, 0.1906
-0.0213104, 0.188736
-0.0211765, 0.186857
-0.0210245, 0.184967
-0.0208581, 0.183071
-0.0206789, 0.181172
-0.0204882, 0.179274
-0.0202887, 0.177377
-0.0200851, 0.175485
-0.0198791, 0.173601
-0.0196696, 0.171727
-0.0194561, 0.169865
-0.0192395, 0.168016
-0.0190204, 0.166178
-0.0188009, 0.164345
-0.0185847, 0.1625
-0.0183704, 0.16063
-0.0181545, 0.15874
-0.0179375, 0.156835
-0.0177216, 0.154918
-0.0175073, 0.152993
-0.0172931, 0.151061
-0.0170768, 0.14912
-0.0168568, 0.147167
-0.0166347, 0.145206
-0.0164132, 0.143239
-0.0161931, 0.141273
-0.0159748, 0.13931
-0.0157585, 0.137355
-0.0155442, 0.13541
-0.0153321, 0.133476
-0.0151221, 0.131555
-0.0149142, 0.129647
-0.0147083, 0.127754
-0.0145037, 0.125876
-0.0142987, 0.12401
-0.0140907, 0.122152
-0.0138784, 0.1203
-0.0136626, 0.118458
-0.0134444, 0.116627
-0.0132247, 0.114809
-0.0130036, 0.113007
-0.012782, 0.11122
-0.0125605, 0.109452
-0.01234, 0.107704
-0.0121211, 0.105975
-0.0119042, 0.104268
-0.0116899, 0.102581
-0.0114785, 0.100915
-0.0112706, 0.0992687
-0.011066, 0.0976422
-0.0108648, 0.0960356
-0.0106665, 0.094449
-0.0104711, 0.0928826
-0.0102786, 0.0913372
-0.0100892, 0.0898132
-0.00990269, 0.0883109
-0.00971922, 0.0868305
-0.00953884, 0.0853722
-0.00936163, 0.0839358
-0.00918755, 0.082521
-0.00901667, 0.0811273
-0.00884899, 0.0797546
-0.00868447, 0.0784025
-0.00852303, 0.0770711
-0.00836461, 0.0757601
-0.00820916, 0.0744694
-0.00805666, 0.073199
-0.00790709, 0.0719487
-0.00776042, 0.0707181
-0.00761658, 0.0695072
-0.00747555, 0.0683157
-0.00733734, 0.0671433
-0.00720195, 0.0659898
-0.00706936, 0.0648549
-0.00693949, 0.0637386
-0.00681227, 0.0626407
-0.00668759, 0.0615612
-0.00656537, 0.0604996
-0.00644556, 0.0594559
-0.0063281, 0.0584298
-0.006213, 0.0574211
-0.00610022, 0.0564295
-0.00598971, 0.0554547
-0.00588145, 0.0544966
-0.0057754, 0.053555
-0.00567152, 0.0526298
-0.00556975, 0.0517208
-0.00547009, 0.0508277
-0.00537246, 0.0499502
-0.00527677, 0.0490881
-0.00518295, 0.048241
-0.00509099, 0.0474087
-0.00500089, 0.046591
-0.00491262, 0.0457876
-0.0048262, 0.0449981
-0.00474155, 0.0442224
-0.00465863, 0.0434602
-0.00457739, 0.0427113
-0.00449779, 0.0419756
-0.0044198, 0.0412528
-0.00434338, 0.0405428
-0.00426846, 0.0398454
-0.00419497, 0.0391603
-0.00412293, 0.0384873
-0.00405232, 0.0378263
-0.00398312, 0.0371771
-0.00391536, 0.0365393
-0.003849, 0.0359129
-0.00378399, 0.0352976
-0.00372032, 0.0346932
-0.00365795, 0.0340997
-0.00359683, 0.0335167
-0.00353695, 0.0329442
-0.00347825, 0.0323817
-0.00342069, 0.0318292
-0.00336423, 0.0312863
-0.00330881, 0.030753
-0.00325438, 0.030229
-0.00320092, 0.0297143
-0.00314839, 0.0292087
-0.00309677, 0.0287121
-0.00304606, 0.0282243
-0.00299624, 0.0277451
-0.0029473, 0.0272743
-0.00289919, 0.0268117
-0.00285192, 0.0263573
-0.00280553, 0.0259109
-0.00276001, 0.0254725
-0.00271537, 0.0250419
-0.00267161, 0.024619
-0.00262868, 0.0242034
-0.00258659, 0.0237952
-0.00254532, 0.0233942
-0.00250484, 0.0230001
-0.00246516, 0.0226128
-0.00242632, 0.0222321
-0.00238834, 0.0218578
-0.00235126, 0.0214899
-0.00231506, 0.0211283
-0.00227966, 0.0207727
-0.00224495, 0.0204232
-0.00221087, 0.0200797
-0.00217735, 0.0197421
-0.00214436, 0.0194101
-0.00211186, 0.0190838
-0.00207979, 0.0187628
-0.00204811, 0.018447
-0.00201677, 0.0181362
-0.00198563, 0.0178301
-0.00195464, 0.0175286
-0.00192383, 0.0172315
-0.00189329, 0.0169391
-0.00186309, 0.0166514
-0.00183327, 0.0163684
-0.00180386, 0.0160901
-0.00177484, 0.0158163
-0.00174616, 0.0155469
-0.00171778, 0.0152818
-0.00168968, 0.0150208
-0.00166189, 0.014764
-0.00163442, 0.0145114
-0.00160728, 0.014263
-0.00158053, 0.0140187
-0.00155417, 0.0137786
-0.00152819, 0.0135425
-0.00150258, 0.0133104
-0.00147734, 0.0130823
-0.00145245, 0.012858
-0.00142795, 0.0126375
-0.00140387, 0.0124208
-0.0013802, 0.012208
-0.00135695, 0.0119988
-0.00133411, 0.0117933
-0.00131166, 0.0115914
-0.00128959, 0.011393
-0.00126789, 0.011198
-0.00124657, 0.0110065
-0.00122561, 0.0108183
-0.00120501, 0.0106334
-0.00118478, 0.0104517
-0.00116488, 0.0102732
-0.00114532, 0.0100978
-0.0011261, 0.00992541
-0.00110721, 0.00975607
-0.00108864, 0.00958967
-0.00107038, 0.00942616
-0.00105245, 0.00926551
-0.00103482, 0.00910764
-0.0010175, 0.0089525
-0.00100048, 0.00880006
-0.00098374, 0.00865025
-0.000967286, 0.00850304
-0.000951108, 0.00835838
-0.000935204, 0.00821623
-0.000919562, 0.00807653
-0.000904174, 0.00793925
-0.000889042, 0.00780435
-0.000874162, 0.00767178
-0.000859541, 0.00754152
-0.000845182, 0.00741351
-0.000831075, 0.00728772
-0.000817215, 0.0071641
-0.000803593, 0.00704263
-0.000790203, 0.00692327
-0.000777047, 0.00680599
-0.000764117, 0.00669074
-0.000751392, 0.00657747
-0.000738866, 0.00646613
-0.000726523, 0.00635664
-0.000714344, 0.00624895
-0.000702337, 0.00614305
-0.000690505, 0.00603891
-0.000678853, 0.00593653
-0.000667379, 0.00583585
-0.000656086, 0.00573687
-0.000644976, 0.00563956
-0.000634048, 0.00554392
-0.000623298, 0.00544992
-0.000612719, 0.00535753
-0.000602304, 0.00526673
-0.000592053, 0.00517747
-0.000581965, 0.00508973
-0.000572033, 0.00500347
-0.000562256, 0.00491866
-0.000552635, 0.00483529
-0.000543167, 0.00475332
-0.000533848, 0.00467272
-0.000524672, 0.00459349
-0.000515639, 0.00451559
-0.000506744, 0.00443901
-0.000497982, 0.00436372
-0.000489358, 0.0042897
-0.000480878, 0.00421695
-0.000472546, 0.00414542
-0.00046436, 0.00407512
-0.000456316, 0.00400602
-0.00044841, 0.00393811
-0.000440637, 0.00387136
-0.000432993, 0.00380575
-0.000425484, 0.00374126
-0.000418107, 0.00367788
-0.000410859, 0.00361558
-0.000403731, 0.00355434
-0.000396726, 0.00349415
-0.00038985, 0.003435
-0.000383095, 0.00337687
-0.00037646, 0.00331973
-0.000369945, 0.00326358
-0.000363546, 0.0032084
-0.000357259, 0.00315417
-0.000351076, 0.00310087
-0.000344998, 0.00304848
-0.000339025, 0.002997
-0.000333155, 0.00294639
-0.000327388, 0.00289667
-0.000321717, 0.0028478
-0.000316143, 0.00279977
-0.000310663, 0.00275258
-0.000305274, 0.00270619
-0.00029998, 0.0026606
-0.000294777, 0.0026158
-0.000289662, 0.00257177
-0.000284628, 0.00252849
-0.000279677, 0.00248597
-0.000274801, 0.00244418
-0.000265701, 0.00236732
-0.000256832, 0.00229303
-0.000248197, 0.00222118
-0.000239819, 0.00215163
-0.000231737, 0.00208422
-0.000223959, 0.00201881
-0.000216445, 0.00195531
-0.000209184, 0.00189372
-0.000202148, 0.00183401
-0.000195342, 0.00177616
-0.000188757, 0.00172014
-0.000182379, 0.00166583
-0.000176193, 0.00161322
-0.000170208, 0.0015623
-0.000164414, 0.00151302
-0.000158818, 0.00146533
-0.000153408, 0.00141916
-0.000148181, 0.00137445
-0.000143141, 0.00133115
-0.000138266, 0.00128922
-0.000133556, 0.00124861
-0.000129005, 0.00120928
-0.000124612, 0.00117119
-0.000120369, 0.00113429
-0.000116256, 0.00109854
-0.000112301, 0.00106393
-0.000108476, 0.0010304
-0.000104789, 0.000997939
-0.000101238, 0.000966491
-9.78104e-05, 0.000936016
-9.44926e-05, 0.000906496
-9.12895e-05, 0.000877891
-8.81755e-05, 0.000850133
-8.51341e-05, 0.000823163
-8.21722e-05, 0.000797009
-7.92968e-05, 0.000771687
-7.65093e-05, 0.000747215
-7.38199e-05, 0.000723591
-7.12164e-05, 0.000700788
-6.86908e-05, 0.000678738
-6.62582e-05, 0.000657403
-6.39202e-05, 0.000636772
-6.1684e-05, 0.000616848
-5.9536e-05, 0.000597573
-5.74728e-05, 0.000578904
-5.54822e-05, 0.000560798
-5.35717e-05, 0.000543233
-5.17511e-05, 0.000526192
-5.00024e-05, 0.000509679
-4.83622e-05, 0.000493673
-4.67649e-05, 0.000478194
-4.51664e-05, 0.00046325
-4.35513e-05, 0.000448864
-4.19242e-05, 0.000435037
-4.03241e-05, 0.000421715
-3.87722e-05, 0.000408829
-3.72996e-05, 0.00039632
-3.58892e-05, 0.000384184
-3.45448e-05, 0.000372391
-3.32686e-05, 0.000360919
-3.20627e-05, 0.00034974
-3.09362e-05, 0.000338829
-2.98855e-05, 0.000328172
-2.89118e-05, 0.000317776
-2.79694e-05, 0.000307688
-2.70566e-05, 0.000297916
-2.61736e-05, 0.000288454
-2.53163e-05, 0.000279285
-2.44767e-05, 0.000270394
-2.36676e-05, 0.000261769
-2.28952e-05, 0.000253406
-2.21468e-05, 0.000245324
-2.14204e-05, 0.000237531
-2.07152e-05, 0.000230021
-2.00272e-05, 0.000222784
-1.93708e-05, 0.000215787
-1.87442e-05, 0.000209026
-1.81337e-05, 0.000202517
-1.75411e-05, 0.000196242
-1.69728e-05, 0.000190186
-1.6434e-05, 0.000184339
-1.59227e-05, 0.00017868
-1.54373e-05, 0.000173205
-1.49745e-05, 0.000167923
-1.4539e-05, 0.00016282
-1.41349e-05, 0.000157878
-1.37612e-05, 0.000153066
-1.33934e-05, 0.000148414
-1.30335e-05, 0.000143957
-1.2672e-05, 0.000139693
-1.23e-05, 0.000135624
-1.19341e-05, 0.000131749
-1.15648e-05, 0.000128073
-1.12049e-05, 0.000124581
-1.08549e-05, 0.000121248
-1.05312e-05, 0.000118006
-1.0239e-05, 0.000114853
-9.97407e-06, 0.000111765
-9.74737e-06, 0.000108705
-9.54928e-06, 0.000105684
-9.37536e-06, 0.00010268
-9.23243e-06, 9.97152e-05
-9.1165e-06, 9.67907e-05
-9.02238e-06, 9.39356e-05
-8.94239e-06, 9.11696e-05
-8.86228e-06, 8.85103e-05
-8.77484e-06, 8.59647e-05
-8.68009e-06, 8.35289e-05
-8.58002e-06, 8.1192e-05
-8.47234e-06, 7.89513e-05
-8.35667e-06, 7.68051e-05
-8.24433e-06, 7.47386e-05
-8.1384e-06, 7.27005e-05
-8.04908e-06, 7.06644e-05
-7.97467e-06, 6.86183e-05
-7.906e-06, 6.65991e-05
-7.83877e-06, 6.46592e-05
-7.77596e-06, 6.28065e-05
-7.71774e-06, 6.10476e-05
-7.66022e-06, 5.93891e-05
-7.60289e-06, 5.7831e-05
-7.54286e-06, 5.63711e-05
-7.48686e-06, 5.49953e-05
-7.42676e-06, 5.3691e-05
-7.368e-06, 5.24431e-05
-7.30364e-06, 5.12467e-05
-7.23153e-06, 5.0089e-05
-7.16635e-06, 4.89419e-05
-7.13711e-06, 4.77669e-05
-7.12811e-06, 4.65572e-05
-7.12787e-06, 4.53575e-05
-7.12114e-06, 4.41981e-05
-7.08578e-06, 4.3085e-05
-7.03174e-06, 4.19994e-05
-6.97726e-06, 4.09478e-05
-6.91345e-06, 3.99125e-05
-6.84056e-06, 3.88873e-05
-6.74882e-06, 3.78752e-05
-6.63941e-06, 3.68834e-05
-6.52773e-06, 3.59443e-05
-6.43445e-06, 3.51005e-05
-6.36025e-06, 3.43205e-05
-6.26968e-06, 3.35033e-05
-6.13808e-06, 3.25579e-05
-5.98332e-06, 3.15428e-05
-5.81638e-06, 3.05128e-05
-5.64e-06, 2.95144e-05
-5.46917e-06, 2.85665e-05
-5.30046e-06, 2.76671e-05
-5.13723e-06, 2.68097e-05
-4.98461e-06, 2.59878e-05
-4.84244e-06, 2.52053e-05
-4.70867e-06, 2.44533e-05
-4.5779e-06, 2.37369e-05
-4.45272e-06, 2.30563e-05
-4.32798e-06, 2.24226e-05
-4.20663e-06, 2.18093e-05
-4.08392e-06, 2.12046e-05
-3.95226e-06, 2.06092e-05
-3.81099e-06, 2.00263e-05
-3.68629e-06, 1.94603e-05
-3.59339e-06, 1.89156e-05
-3.51285e-06, 1.83957e-05
-3.45485e-06, 1.78927e-05
-3.43203e-06, 1.7397e-05
-3.44124e-06, 1.69041e-05
-3.46637e-06, 1.6442e-05
-3.48482e-06, 1.60272e-05
-3.50115e-06, 1.56584e-05
-3.49778e-06, 1.53112e-05
-3.49178e-06, 1.49986e-05
-3.48358e-06, 1.47062e-05
-3.47739e-06, 1.44425e-05
-3.47449e-06, 1.41994e-05
-3.44476e-06, 1.39569e-05
-3.38432e-06, 1.37088e-05
-3.31477e-06, 1.34645e-05
-3.24241e-06, 1.32294e-05
-3.16847e-06, 1.29964e-05
-3.08598e-06, 1.27787e-05
-2.98756e-06, 1.258e-05
-2.87801e-06, 1.23995e-05
-2.76796e-06, 1.22302e-05
-2.66577e-06, 1.20691e-05
-2.58873e-06, 1.19147e-05
-2.51342e-06, 1.17648e-05
-2.44573e-06, 1.16236e-05
-2.3769e-06, 1.14826e-05
-2.30077e-06, 1.13496e-05
-2.23317e-06, 1.12436e-05
-2.16482e-06, 1.11532e-05
-2.09481e-06, 1.10671e-05
-2.02407e-06, 1.09921e-05
-1.95643e-06, 1.09263e-05
-1.89452e-06, 1.08717e-05
-1.82804e-06, 1.0833e-05
-1.7628e-06, 1.08035e-05
-1.69809e-06, 1.0787e-05
-1.64154e-06, 1.07688e-05
-1.58548e-06, 1.07446e-05
-1.56627e-06, 1.07418e-05
-1.55515e-06, 1.07398e-05
-1.54776e-06, 1.07311e-05
-1.54086e-06, 1.06997e-05
-1.52185e-06, 1.06852e-05
-1.5523e-06, 1.07366e-05
-1.6116e-06, 1.08705e-05
-1.6609e-06, 1.09682e-05
-1.68724e-06, 1.09731e-05
-1.72901e-06, 1.09233e-05
-1.75588e-06, 1.07786e-05
-1.75892e-06, 1.05924e-05
-1.77388e-06, 1.03923e-05
-1.78618e-06, 1.01922e-05
-1.78573e-06, 1.00101e-05
-1.74194e-06, 9.84649e-06
-1.69277e-06, 9.69299e-06
-1.60752e-06, 9.53682e-06
-1.50627e-06, 9.38062e-06
-1.385e-06, 9.24212e-06
-1.27424e-06, 9.11946e-06
-1.17359e-06, 9.00427e-06
-1.10958e-06, 8.881e-06
-1.04341e-06, 8.7574e-06
-9.98583e-07, 8.63387e-06
-9.60358e-07, 8.5103e-06
-9.45244e-07, 8.38786e-06
-9.2651e-07, 8.28159e-06
-9.23597e-07, 8.16022e-06
-8.95457e-07, 8.05505e-06
-8.69773e-07, 7.95098e-06
-8.23802e-07, 7.86049e-06
-7.92311e-07, 7.7792e-06
-7.58694e-07, 7.71338e-06
-7.42691e-07, 7.65126e-06
-7.1784e-07, 7.6024e-06
-7.1148e-07, 7.54198e-06
-6.7563e-07, 7.47839e-06
-6.48932e-07, 7.41344e-06
-5.98316e-07, 7.3545e-06
-5.70946e-07, 7.30445e-06
-5.39447e-07, 7.26338e-06
-5.19549e-07, 7.22655e-06
-4.97969e-07, 7.18841e-06
-5.16378e-07, 7.14264e-06
-5.06657e-07, 7.10908e-06
-5.03725e-07, 7.09146e-06
-5.00159e-07, 7.07918e-06
-4.96355e-07, 7.07476e-06
-4.86748e-07, 7.07098e-06
-4.97469e-07, 7.06144e-06
-5.05412e-07, 7.04814e-06
-5.35159e-07, 7.03295e-06
-5.52915e-07, 7.02166e-06
-5.87573e-07, 7.01015e-06
-6.10067e-07, 7.00847e-06
-6.39871e-07, 7.03004e-06
-6.12112e-07, 7.04368e-06
-5.70637e-07, 7.05009e-06
-5.37555e-07, 7.06691e-06
-5.25114e-07, 7.06569e-06
-5.15513e-07, 7.06966e-06
-5.13838e-07, 7.06864e-06
-5.17722e-07, 7.05269e-06
-5.47243e-07, 7.03932e-06
-5.75194e-07, 7.02961e-06
-6.14898e-07, 7.02046e-06
-6.56408e-07, 7.0066e-06
-6.91919e-07, 7.01146e-06
-7.37693e-07, 7.0192e-06
-7.78917e-07, 7.04154e-06
-8.23534e-07, 7.06683e-06
-8.61588e-07, 7.09828e-06
-8.65036e-07, 7.12334e-06
-8.72987e-07, 7.14564e-06
-8.53934e-07, 7.14599e-06
-8.49388e-07, 7.13601e-06
-8.39256e-07, 7.10955e-06
-8.39336e-07, 7.06442e-06
-8.36913e-07, 7.00892e-06
-8.44012e-07, 6.96002e-06
-8.50903e-07, 6.92591e-06
-8.49752e-07, 6.90173e-06
-8.30373e-07, 6.88595e-06
-7.99897e-07, 6.87563e-06
-7.4984e-07, 6.87706e-06
-7.23397e-07, 6.8866e-06
-6.84601e-07, 6.88664e-06
-6.61726e-07, 6.87302e-06
-6.27814e-07, 6.85194e-06
-5.953e-07, 6.83113e-06
-5.56617e-07, 6.79327e-06
-5.18985e-07, 6.76031e-06
-4.96006e-07, 6.72262e-06
-4.73645e-07, 6.68083e-06
-4.69594e-07, 6.63591e-06
-5.14433e-07, 6.58454e-06
-6.04861e-07, 6.56069e-06
-6.88129e-07, 6.60914e-06
-7.27929e-07, 6.66883e-06
-7.30839e-07, 6.70705e-06
-7.06302e-07, 6.71903e-06
-6.80537e-07, 6.7065e-06
-6.50922e-07, 6.67692e-06
-6.08912e-07, 6.64097e-06
-5.63199e-07, 6.6053e-06
-5.32454e-07, 6.55292e-06
-5.01633e-07, 6.49829e-06
-4.75511e-07, 6.44388e-06
-4.41423e-07, 6.39742e-06
-4.06889e-07, 6.34166e-06
-3.61328e-07, 6.28675e-06
-3.26848e-07, 6.24651e-06
-2.68536e-07, 6.21163e-06
-2.05955e-07, 6.18471e-06
-1.41176e-07, 6.1614e-06
-8.73108e-08, 6.13406e-06
-3.80005e-08, 6.1218e-06
5.51772e-09, 6.10135e-06
3.19382e-08, 6.08697e-06
4.96115e-08, 6.06507e-06
6.87391e-08, 6.04002e-06
7.6011e-08, 6.00616e-06
9.19973e-08, 5.97686e-06
1.09215e-07, 5.94429e-06
1.3335e-07, 5.9332e-06
1.465e-07, 5.92044e-06
1.63455e-07, 5.91188e-06
1.85841e-07, 5.92386e-06
2.04721e-07, 5.96195e-06
1.71138e-07, 6.02798e-06
1.08335e-07, 6.12447e-06
2.5841e-08, 6.24372e-06
-4.32459e-08, 6.33862e-06
-1.03348e-07, 6.40443e-06
-1.16253e-07, 6.40983e-06
-1.37414e-07, 6.40581e-06
-1.32904e-07, 6.39278e-06
-1.21989e-07, 6.36858e-06
-8.26795e-08, 6.35653e-06
-9.32853e-08, 6.36155e-06
-1.39073e-07, 6.34075e-06
-2.13296e-07, 6.31044e-06
-2.77915e-07, 6.28356e-06
-3.39837e-07, 6.26818e-06
-3.54488e-07, 6.21643e-06
-3.7112e-07, 6.15049e-06
-3.59774e-07, 6.07825e-06
-3.31259e-07, 5.99896e-06
-2.8566e-07, 5.90985e-06
-2.20773e-07, 5.84487e-06
-1.41297e-07, 5.77525e-06
-5.38999e-08, 5.73551e-06
2.77056e-08, 5.69954e-06
1.11636e-07, 5.68768e-06
2.01449e-07, 5.70262e-06
2.60952e-07, 5.71097e-06
3.17105e-07, 5.72984e-06
3.65677e-07, 5.76364e-06
4.09452e-07, 5.79654e-06
4.5678e-07, 5.83162e-06
5.01286e-07, 5.87971e-06
5.3702e-07, 5.9137e-06
5.59892e-07, 5.94282e-06
5.97506e-07, 5.94968e-06
5.95705e-07, 5.93119e-06
5.98684e-07, 5.90952e-06
5.85996e-07, 5.88023e-06
5.78856e-07, 5.8602e-06
5.61818e-07, 5.83861e-06
5.53208e-07, 5.81457e-06
5.32198e-07, 5.7895e-06
5.23051e-07, 5.78112e-06
5.08833e-07, 5.76936e-06
4.93563e-07, 5.76412e-06
4.8355e-07, 5.75613e-06
4.83327e-07, 5.75059e-06
4.79581e-07, 5.74075e-06
4.66701e-07, 5.71243e-06
4.62001e-07, 5.68144e-06
4.54174e-07, 5.66135e-06
4.54284e-07, 5.65226e-06
4.49422e-07, 5.63988e-06
4.54197e-07, 5.63161e-06
4.59682e-07, 5.62416e-06
4.64963e-07, 5.61747e-06
4.59442e-07, 5.60355e-06
4.49708e-07, 5.60619e-06
4.4217e-07, 5.60537e-06
4.20674e-07, 5.60526e-06
4.05699e-07, 5.61682e-06
3.95251e-07, 5.63149e-06
3.88364e-07, 5.6476e-06
3.81042e-07, 5.66198e-06
3.87513e-07, 5.68432e-06
3.8514e-07, 5.71031e-06
3.701e-07, 5.72131e-06
3.61497e-07, 5.73295e-06
3.63198e-07, 5.73171e-06
3.59423e-07, 5.7274e-06
3.60069e-07, 5.72079e-06
3.67368e-07, 5.6973e-06
3.78952e-07, 5.67573e-06
3.74818e-07, 5.65371e-06
3.71639e-07, 5.63059e-06
3.43495e-07, 5.61444e-06
3.11409e-07, 5.60292e-06
2.94008e-07, 5.6119e-06
2.60569e-07, 5.61087e-06
2.40045e-07, 5.61556e-06
2.22122e-07, 5.60554e-06
2.07232e-07, 5.60786e-06
1.83038e-07, 5.59412e-06
1.66496e-07, 5.57753e-06
1.62712e-07, 5.54701e-06
1.66359e-07, 5.49959e-06
1.69143e-07, 5.44903e-06
1.71024e-07, 5.40276e-06
1.71343e-07, 5.34091e-06
1.80923e-07, 5.27696e-06
1.76948e-07, 5.22394e-06
2.03486e-07, 5.18369e-06
2.07153e-07, 5.14109e-06
2.14425e-07, 5.12536e-06
2.11217e-07, 5.11466e-06
2.09387e-07, 5.11736e-06
1.94823e-07, 5.14173e-06
1.96573e-07, 5.17271e-06
1.9239e-07, 5.21598e-06
1.84042e-07, 5.26886e-06
1.48766e-07, 5.30022e-06
1.1769e-07, 5.34001e-06
8.39972e-08, 5.38335e-06
6.37369e-08, 5.4402e-06
3.77898e-08, 5.49225e-06
2.55974e-08, 5.54399e-06
6.18198e-09, 5.59529e-06
-2.39986e-09, 5.64039e-06
-1.87714e-08, 5.68536e-06
-2.57182e-08, 5.72079e-06
-3.47162e-08, 5.75637e-06
-3.92076e-08, 5.77791e-06
-3.87844e-08, 5.80649e-06
-4.14077e-08, 5.83662e-06
-4.95905e-08, 5.86364e-06
-4.14697e-08, 5.88081e-06
-5.35353e-08, 5.87817e-06
-4.88817e-08, 5.87913e-06
-4.94321e-08, 5.90219e-06
-5.74821e-08, 5.91885e-06
-5.95767e-08, 5.93696e-06
-5.84651e-08, 5.95836e-06
-6.36547e-08, 5.98426e-06
-6.60039e-08, 6.00716e-06
-6.94952e-08, 6.04918e-06
-8.3748e-08, 6.11077e-06
-1.12127e-07, 6.17383e-06
-1.23059e-07, 6.21664e-06
-1.42384e-07, 6.24913e-06
-1.42991e-07, 6.26267e-06
-1.50971e-07, 6.28071e-06
-1.47408e-07, 6.29001e-06
-1.49243e-07, 6.30538e-06
-1.44293e-07, 6.31059e-06
-1.57414e-07, 6.32807e-06
-1.62894e-07, 6.34394e-06
-1.60627e-07, 6.35741e-06
-1.43022e-07, 6.35276e-06
-1.18811e-07, 6.34663e-06
-7.91384e-08, 6.33362e-06
-6.57726e-08, 6.32612e-06
-3.93423e-08, 6.31874e-06
-2.56739e-08, 6.30194e-06
-1.04226e-08, 6.28919e-06
-8.8842e-09, 6.26779e-06
8.25562e-10, 6.24957e-06
1.34297e-09, 6.23924e-06
1.0931e-08, 6.22776e-06
1.51754e-08, 6.21759e-06
2.52097e-08, 6.20056e-06
2.91777e-08, 6.1925e-06
3.97373e-08, 6.18156e-06
3.89947e-08, 6.17884e-06
3.63842e-08, 6.15892e-06
2.05267e-08, 6.15058e-06
1.89645e-08, 6.15295e-06
1.56703e-08, 6.15731e-06
4.10706e-09, 6.14554e-06
-5.84566e-09, 6.1437e-06
-8.78311e-09, 6.15533e-06
-1.77618e-08, 6.16183e-06
-2.4589e-08, 6.16245e-06
-3.3284e-08, 6.15563e-06
-3.42926e-08, 6.13788e-06
-4.11408e-08, 6.12599e-06
-3.79373e-08, 6.09635e-06
-3.70318e-08, 6.06318e-06
-2.93913e-08, 6.03199e-06
-1.29452e-08, 6.01365e-06
4.32314e-09, 5.99809e-06
3.73036e-09, 5.97204e-06
1.75541e-08, 5.95079e-06
3.18382e-08, 5.92914e-06
4.75726e-08, 5.88934e-06
5.95506e-08, 5.84037e-06
9.32936e-08, 5.80161e-06
1.13272e-07, 5.7609e-06
1.36145e-07, 5.71082e-06
1.41931e-07, 5.66162e-06
1.52664e-07, 5.61429e-06
1.68788e-07, 5.56418e-06
1.80574e-07, 5.50857e-06
1.84196e-07, 5.45839e-06
1.84853e-07, 5.4068e-06
1.78276e-07, 5.32681e-06
1.67788e-07, 5.25428e-06
1.51004e-07, 5.17227e-06
1.30922e-07, 5.07834e-06
9.61497e-08, 4.98447e-06
7.51342e-08, 4.88294e-06
5.06463e-08, 4.78568e-06
2.91175e-08, 4.68583e-06
-5.78466e-09, 4.61056e-06
-4.98217e-08, 4.51856e-06
-1.00937e-07, 4.43582e-06
-1.44541e-07, 4.34668e-06
-1.80137e-07, 4.25074e-06
-1.94645e-07, 4.14483e-06
-2.26842e-07, 4.05084e-06
-2.51111e-07, 3.96842e-06
-2.94654e-07, 3.88323e-06
-3.29168e-07, 3.80794e-06
-3.67888e-07, 3.728e-06
-4.03099e-07, 3.65599e-06
-4.32031e-07, 3.58535e-06
-4.50093e-07, 3.51561e-06
-4.73003e-07, 3.44615e-06
-4.86384e-07, 3.40008e-06
-5.20323e-07, 3.36675e-06
-5.44071e-07, 3.35011e-06
-5.83034e-07, 3.35091e-06
-6.35079e-07, 3.36659e-06
-6.8991e-07, 3.39657e-06
-7.35282e-07, 3.41708e-06
-7.79231e-07, 3.43042e-06
-8.10115e-07, 3.4458e-06
-8.36587e-07, 3.45739e-06
-8.43867e-07, 3.45806e-06
-8.3507e-07, 3.44728e-06
-8.15866e-07, 3.43199e-06
-8.07165e-07, 3.40956e-06
-7.8613e-07, 3.3924e-06
-7.66153e-07, 3.37777e-06
-7.40779e-07, 3.36503e-06
-7.28337e-07, 3.35726e-06
-7.14718e-07, 3.35166e-06
-7.30032e-07, 3.33285e-06
-7.22262e-07, 3.32247e-06
-7.26012e-07, 3.3058e-06
-7.22772e-07, 3.29654e-06
-7.29417e-07, 3.28458e-06
-7.33907e-07, 3.28125e-06
-7.41083e-07, 3.2832e-06
-7.336e-07, 3.28578e-06
-7.2965e-07, 3.29013e-06
-7.0069e-07, 3.30376e-06
-6.85455e-07, 3.32346e-06
-6.73855e-07, 3.33673e-06
-6.68232e-07, 3.35266e-06
-6.59696e-07, 3.36324e-06
-6.66361e-07, 3.37363e-06
-6.68578e-07, 3.37546e-06
-6.74163e-07, 3.38133e-06
-6.69865e-07, 3.38885e-06
-6.7587e-07, 3.40307e-06
-6.69616e-07, 3.41535e-06
-6.9381e-07, 3.42352e-06
-7.23863e-07, 3.41896e-06
-7.66103e-07, 3.43837e-06
-8.0449e-07, 3.44249e-06
-8.34793e-07, 3.4646e-06
-8.44473e-07, 3.48266e-06
-8.56753e-07, 3.50218e-06
-8.37507e-07, 3.51582e-06
-8.24568e-07, 3.52484e-06
-8.05644e-07, 3.53511e-06
-7.90576e-07, 3.52735e-06
-7.66344e-07, 3.51812e-06
-7.46692e-07, 3.50036e-06
-7.23932e-07, 3.48765e-06
-7.04321e-07, 3.47707e-06
-6.74339e-07, 3.47311e-06
-6.53616e-07, 3.46346e-06
-6.32365e-07, 3.45747e-06
-6.18929e-07, 3.46074e-06
-5.89898e-07, 3.4724e-06
-5.7324e-07, 3.47208e-06
-5.43922e-07, 3.47525e-06
-5.37685e-07, 3.47261e-06
-5.17321e-07, 3.47057e-06
