0, 0
-0.0802917, 0
-0.160351, 0
-0.239902, 0
-0.318697, 0
-0.396497, 0
-0.473074, 0
-0.548217, 0
-0.621736, 0
-0.693459, 0
-0.763243, 0
-0.830951, 0
-0.896472, 0
-0.959722, 0
-1.02064, 0
-1.07917, 0
-1.13531, 0
-1.18903, 0
-1.24035, 0
-1.28928, 0
-1.33586, 0
-1.38014, 0
-1.42217, 0
-1.46202, 0
-1.49976, 0
-1.53547, 0
-1.56923, 0
-1.60112, 0
-1.63124, 0
-1.65965, 0
-1.68645, 0
-1.71172, 0
-1.73554, 0
-1.75798, 0
-1.77913, 0
-1.79906, 0
-1.81783, 0
-1.83551, 0
-1.85217, 0
-1.86788, 0
-1.88269, 0
-1.89665, 0
-1.90982, 0
-1.92224, 0
-1.93396, 0
-1.94503, 0
-1.95551, 0
-1.96542, 0
-1.97479, 0
-1.98367, 0
-1.99208, 0
-2.00009, 0
-2.00798, 0
-2.01547, 0
-2.02264, 0
-2.02952, 0
-2.03648, 0
-2.04377, 0
-2.05144, 0
-2.05911, 0
-2.06669, 0
-2.07424, 0
-2.08153, 0
-2.08844, 0
-2.09499, 0
-2.10122, 0
-2.10716, 0
-2.11281, 0
-2.11821, 0
-2.12336, 0
-2.12836, 0
-2.13628, 0
-2.14385, 0
-2.15098, 0
-2.15768, 0
-2.164, 0
-2.16995, 0
-2.17557, 0
-2.18089, 0
-2.18593, 0
-2.19071, 0
-2.19525, 0
-2.19957, 0
-2.20369, 0
-2.20761, 0
-2.21136, 0
-2.21494, 0
-2.21837, 0
-2.22165, 0
-2.22481, 0
-2.22783, 0
-2.23075, 0
-2.23355, 0
-2.23625, 0
-2.23885, 0
-2.24137, 0
-2.2438, 0
-2.24616, 0
-2.24844, 0
-2.25065, 0
-2.2528, 0
-2.25489, 0
-2.25692, 0
-2.2589, 0
-2.26083, 0
-2.26272, 0
-2.26456, 0
-2.26635, 0
-2.26811, 0
-2.26983, 0
-2.27152, 0
-2.27318, 0
-2.2748, 0
-2.2764, 0
-2.27796, 0
-2.27951, 0
-2.28102, 0
-2.28252, 0
-2.28399, 0
-2.28544, 0
-2.28688, 0
-2.28829, 0
-2.28969, 0
-2.29107, 0
-2.29243, 0
-2.29379, 0
-2.29512, 0
-2.29645, 0
-2.29776, 0
-2.29906, 0
-2.30035, 0
-2.30163, 0
-2.3029, 0
-2.30416, 0
-2.30541, 0
-2.30665, 0
-2.30788, 0
-2.3091, 0
-2.31032, 0
-2.31153, 0
-2.31273, 0
-2.31453, 0
-2.31631, 0
-2.31807, 0
-2.31983, 0
-2.32157, 0
-2.32329, 0
-2.32501, 0
-2.32671, 0
-2.3284, 0
-2.33008, 0
-2.33175, 0
-2.33341, 0
-2.33506, 0
-2.3367, 0
-2.33833, 0
-2.33995, 0
-2.34155, 0
-2.34315, 0
-2.34473, 0
-2.34631, 0
-2.34787, 0
-2.34942, 0
-2.35096, 0
-2.35249, 0
-2.35401, 0
-2.35551, 0
-2.357, 0
-2.35848, 0
-2.35995, 0
-2.3614, 0
-2.36284, 0
-2.36427, 0
-2.36569, 0
-2.36709, 0
-2.36847, 0
-2.36985, 0
-2.37121, 0
-2.37255, 0
-2.37388, 0
-2.3752, 0
-2.3765, 0
-2.37779, 0
-2.37906, 0
-2.38032, 0
-2.38156, 0
-2.38278, 0
-2.384, 0
-2.38519, 0
-2.38637, 0
-2.38754, 0
-2.38869, 0
-2.38983, 0
-2.39095, 0
-2.39205, 0
-2.39314, 0
-2.39421, 0
-2.39527, 0
-2.39631, 0
-2.39734, 0
-2.39835, 0
-2.39934, 0
-2.40032, 0
-2.40129, 0
-2.40224, 0
-2.40317, 0
-2.40409, 0
-2.40499, 0
-2.40588, 0
-2.40676, 0
-2.40762, 0
-2.40867, 0
-2.4097, 0
-2.41071, 0
-2.4117, 0
-2.41266, 0
-2.4136, 0
-2.41453, 0
-2.41543, 0
-2.41631, 0
-2.41717, 0
-2.41801, 0
-2.41883, 0
-2.41963, 0
-2.42041, 0
-2.42117, 0
-2.42192, 0
-2.42264, 0
-2.42335, 0
-2.42404, 0
-2.42472, 0
-2.42537, 0
-2.42601, 0
-2.42664, 0
-2.42725, 0
-2.42784, 0
-2.42842, 0
-2.42898, 0
-2.42953, 0
-2.43007, 0
-2.43059, 0
-2.4311, 0
-2.43159, 0
-2.43208, 0
-2.43255, 0
-2.433, 0
-2.43345, 0
-2.43388, 0
-2.4343, 0
-2.43472, 0
-2.43512, 0
-2.43551, 0
-2.43589, 0
-2.43626, 0
-2.43661, 0
-2.43696, 0
-2.43731, 0
-2.43764, 0
-2.43796, 0
-2.43827, 0
-2.43858, 0
-2.43888, 0
-2.43917, 0
-2.43945, 0
-2.43972, 0
-2.43999, 0
-2.44025, 0
-2.4405, 0
-2.44075, 0
-2.44099, 0
-2.44122, 0
-2.44145, 0
-2.44167, 0
-2.44188, 0
-2.44209, 0
-2.44229, 0
-2.44249, 0
-2.44269, 0
-2.44287, 0
-2.44306, 0
-2.44323, 0
-2.44346, 0
-2.44369, 0
-2.4439, 0
-2.44411, 0
-2.4443, 0
-2.4445, 0
-2.44468, 0
-2.44486, 0
-2.44503, 0
-2.4452, 0
-2.44536, 0
-2.44551, 0
-2.44566, 0
-2.44581, 0
-2.44595, 0
-2.44608, 0
-2.44621, 0
-2.44633, 0
-2.44646, 0
-2.44657, 0
-2.44668, 0
-2.44679, 0
-2.4469, 0
-2.447, 0
-2.4471, 0
-2.44719, 0
-2.44728, 0
-2.44737, 0
-2.44745, 0
-2.44754, 0
-2.44761, 0
-2.44769, 0
-2.44777, 0
-2.44784, 0
-2.44791, 0
-2.44797, 0
-2.44804, 0
-2.4481, 0
-2.44816, 0
-2.44822, 0
-2.44827, 0
-2.44833, 0
-2.44838, 0
-2.44843, 0
-2.44848, 0
-2.44853, 0
-2.44857, 0
-2.44862, 0
-2.44866, 0
-2.4487, 0
-2.44874, 0
-2.44878, 0
-2.44882, 0
-2.44886, 0
-2.44889, 0
-2.44893, 0
-2.44896, 0
-2.44899, 0
-2.44902, 0
-2.44905, 0
-2.44908, 0
-2.44911, 0
-2.44914, 0
-2.44916, 0
-2.44919, 0
-2.44921, 0
-2.44924, 0
-2.44926, 0
-2.44928, 0
-2.4493, 0
