0, 0
0.00913679, 0
0.0358258, 0
0.0784931, 0
0.135016, 0
0.202882, 0
0.279368, 0
0.36171, 0
0.447257, 0
0.533591, 0
0.618609, 0
0.700569, 0
0.778108, 0
0.850227, 0
0.916261, 0
0.975838, 0
1.02883, 0
1.07532, 0
1.11551, 0
1.14975, 0
1.17844, 0
1.20204, 0
1.22103, 0
1.23589, 0
1.2471, 0
1.25511, 0
1.26035, 0
1.26322, 0
1.2641, 0
1.26331, 0
1.26117, 0
1.25793, 0
1.25386, 0
1.24916, 0
1.24402, 0
1.2386, 0
1.23305, 0
1.2275, 0
1.22205, 0
1.21679, 0
1.2118, 0
1.20714, 0
1.20287, 0
1.19903, 0
1.19565, 0
1.19277, 0
1.1904, 0
1.18857, 0
1.18727, 0
1.18653, 0
1.18633, 0
1.18668, 0
1.18758, 0
1.18902, 0
1.19099, 0
1.19348, 0
1.19649, 0
1.19999, 0
1.20398, 0
1.20844, 0
1.21335, 0
1.2187, 0
1.22447, 0
1.23065, 0
1.23721, 0
1.24415, 0
1.25143, 0
1.25906, 0
1.267, 0
1.27524, 0
1.28375, 0
1.29254, 0
1.30157, 0
1.31082, 0
1.32029, 0
1.32995, 0
1.33979, 0
1.34978, 0
1.35992, 0
1.37019, 0
1.38056, 0
1.39103, 0
1.40158, 0
1.4122, 0
1.42286, 0
1.43356, 0
1.44428, 0
1.45501, 0
1.46573, 0
1.47643, 0
1.4871, 0
1.49772, 0
1.50829, 0
1.51879, 0
1.52921, 0
1.53955, 0
1.54978, 0
1.5599, 0
1.5699, 0
1.57977, 0
1.5895, 0
1.63003, 0
1.65274, 0
1.67432, 0
1.69469, 0
1.71375, 0
1.73143, 0
1.74767, 0
1.76243, 0
1.77568, 0
1.78738, 0
1.79753, 0
1.80613, 0
1.81317, 0
1.81868, 0
1.82267, 0
1.82518, 0
1.82622, 0
1.82585, 0
1.82411, 0
1.82104, 0
1.8167, 0
1.81113, 0
1.80439, 0
1.79653, 0
1.78763, 0
1.77772, 0
1.76688, 0
1.75516, 0
1.74262, 0
1.72931, 0
1.7153, 0
1.70063, 0
1.68537, 0
1.66957, 0
1.65327, 0
1.63653, 0
1.6194, 0
1.60191, 0
1.58413, 0
1.56608, 0
1.54781, 0
1.52935, 0
1.51075, 0
1.49203, 0
1.47324, 0
1.45439, 0
1.43553, 0
1.41667, 0
1.39784, 0
1.37906, 0
1.36037, 0
1.34176, 0
1.32328, 0
1.30492, 0
1.28672, 0
1.26867, 0
1.25081, 0
1.23313, 0
1.21564, 0
1.19837, 0
1.18131, 0
1.16448, 0
1.14788, 0
1.13151, 0
1.11539, 0
1.09951, 0
1.08388, 0
1.0685, 0
1.05337, 0
1.0385, 0
1.02389, 0
1.00953, 0
0.995432, 0
0.981588, 0
0.967999, 0
0.954664, 0
0.941581, 0
0.928748, 0
0.916164, 0
0.903825, 0
0.891729, 0
0.879873, 0
0.868255, 0
0.856869, 0
0.845714, 0
0.834785, 0
0.82408, 0
0.813593, 0
0.803322, 0
0.793262, 0
0.783409, 0
0.77376, 0
0.764309, 0
0.755054, 0
0.74599, 0
0.737112, 0
0.728417, 0
0.719901, 0
0.711559, 0
0.703387, 0
0.695382, 0
0.687539, 0
0.679856, 0
0.672329, 0
0.66495, 0
0.657718, 0
0.650629, 0
0.643678, 0
0.63686, 0
0.630173, 0
0.623616, 0
0.617184, 0
0.610874, 0
0.604681, 0
0.598603, 0
0.592637, 0
0.586779, 0
0.581026, 0
0.575376, 0
0.569825, 0
0.56437, 0
0.55901, 0
0.55374, 0
0.548558, 0
0.543462, 0
0.53845, 0
0.533518, 0
0.528664, 0
0.523886, 0
0.519182, 0
0.51455, 0
0.509987, 0
0.505492, 0
0.501061, 0
0.496695, 0
0.492389, 0
0.488144, 0
0.483956, 0
0.479825, 0
0.475748, 0
0.471724, 0
0.467751, 0
0.463828, 0
0.459954, 0
0.456126, 0
0.452345, 0
0.448607, 0
0.444913, 0
0.44126, 0
0.437648, 0
0.434076, 0
0.430542, 0
0.427045, 0
0.423585, 0
0.42016, 0
0.416769, 0
0.413412, 0
0.410087, 0
0.406794, 0
0.403532, 0
0.400301, 0
0.397098, 0
0.393924, 0
0.390779, 0
0.38766, 0
0.384568, 0
0.381503, 0
0.378462, 0
0.375447, 0
0.372456, 0
0.369488, 0
0.366544, 0
0.363623, 0
0.360724, 0
0.357848, 0
0.354992, 0
0.352158, 0
0.349344, 0
0.346551, 0
0.343778, 0
0.341024, 0
0.33829, 0
0.335575, 0
0.332878, 0
0.3302, 0
0.32754, 0
0.324898, 0
0.322274, 0
0.319669, 0
0.317079, 0
0.314509, 0
0.311953, 0
0.309411, 0
0.30689, 0
0.304383, 0
0.301895, 0
0.299419, 0
0.29696, 0
0.294519, 0
0.292093, 0
0.28968, 0
0.287282, 0
0.284899, 0
0.282534, 0
0.28018, 0
0.277841, 0
0.275518, 0
0.273208, 0
0.270911, 0
0.268636, 0
0.266364, 0
0.264118, 0
0.26188, 0
0.259659, 0
0.257442, 0
0.255248, 0
0.253069, 0
0.250897, 0
0.24874, 0
0.246598, 0
0.244469, 0
0.242356, 0
0.240256, 0
0.238164, 0
0.236091, 0
0.234032, 0
0.231985, 0
0.229942, 0
0.227927, 0
0.225916, 0
0.223921, 0
0.221933, 0
0.219969, 0
0.218009, 0
0.216066, 0
0.214136, 0
0.212219, 0
0.210312, 0
0.208421, 0
0.206546, 0
0.204689, 0
0.202823, 0
0.200988, 0
0.199155, 0
0.197335, 0
0.195541, 0
0.193747, 0
0.191974, 0
0.190208, 0
0.18846, 0
0.186719, 0
0.184985, 0
0.183273, 0
0.181569, 0
0.179879, 0
0.178199, 0
0.176537, 0
0.174872, 0
0.173228, 0
0.171593, 0
0.169979, 0
0.168377, 0
0.166781, 0
0.165193, 0
0.163621, 0
0.162051, 0
0.160508, 0
0.158972, 0
0.157442, 0
0.155929, 0
0.154428, 0
0.152938, 0
0.151459, 0
0.149992, 0
0.148537, 0
0.147093, 0
0.14566, 0
0.144238, 0
0.142828, 0
0.141428, 0
0.14004, 0
0.138663, 0
0.137297, 0
0.135942, 0
0.134598, 0
0.133264, 0
0.131942, 0
0.13063, 0
0.129329, 0
0.128039, 0
0.126759, 0
0.12549, 0
0.124232, 0
0.122984, 0
0.121746, 0
0.120518, 0
0.119301, 0
0.118095, 0
0.116898, 0
0.115712, 0
0.114535, 0
0.113369, 0
0.112213, 0
0.111066, 0
0.10993, 0
0.108803, 0
0.107686, 0
0.106579, 0
0.105482, 0
0.104394, 0
0.103315, 0
0.102247, 0
0.101187, 0
0.100137, 0
0.0990963, 0
0.0980649, 0
0.0970427, 0
0.0960296, 0
0.0950256, 0
0.0940306, 0
0.0930446, 0
0.0920675, 0
0.0910994, 0
0.0901399, 0
0.0891894, 0
0.0882476, 0
0.0873142, 0
0.0863895, 0
0.0854734, 0
0.0845655, 0
0.0836663, 0
0.0827754, 0
0.0818928, 0
0.0810183, 0
0.0801521, 0
0.079294, 0
0.0784441, 0
0.0776019, 0
0.0767678, 0
0.0759418, 0
0.0751234, 0
0.0743127, 0
0.0735101, 0
0.0727148, 0
0.0719273, 0
0.0711473, 0
0.0703748, 0
0.0696099, 0
0.0688521, 0
0.0681019, 0
0.0673588, 0
0.0666231, 0
0.0658944, 0
0.0651729, 0
0.0644585, 0
0.0637511, 0
0.0630506, 0
0.0623569, 0
0.0616701, 0
0.0609902, 0
0.0603169, 0
0.0596502, 0
0.0589904, 0
0.058337, 0
0.0576901, 0
0.0570497, 0
0.0564158, 0
0.0557881, 0
0.0551668, 0
0.0545517, 0
0.0539429, 0
0.0533403, 0
0.0527437, 0
0.0521532, 0
0.0515687, 0
0.0509901, 0
0.0504174, 0
0.0498505, 0
0.0492895, 0
0.0487342, 0
0.0481846, 0
0.0476407, 0
0.0471023, 0
0.0465695, 0
0.0460423, 0
0.0455204, 0
0.0450041, 0
0.044493, 0
0.0439873, 0
0.0434867, 0
0.0429916, 0
0.0425015, 0
0.0420166, 0
0.0415367, 0
0.0410619, 0
0.0405921, 0
0.0401272, 0
0.0396672, 0
0.0392121, 0
0.0387618, 0
0.0382376, 0
0.0375355, 0
0.036845, 0
0.0361661, 0
0.035499, 0
0.0348429, 0
0.0341977, 0
0.0335646, 0
0.0329426, 0
0.0323311, 0
0.0317305, 0
0.0311399, 0
0.0305598, 0
0.0299895, 0
0.0294292, 0
0.0288788, 0
0.0283379, 0
0.0278066, 0
0.0272846, 0
0.0267717, 0
0.0262678, 0
0.0257727, 0
0.0252866, 0
0.0248091, 0
0.02434, 0
0.0238791, 0
0.0234266, 0
0.0229821, 0
0.0225453, 0
0.0221166, 0
0.0216955, 0
0.0212819, 0
0.0208758, 0
0.0204771, 0
0.0200853, 0
0.0197008, 0
0.0193233, 0
0.0189526, 0
0.0185887, 0
0.0182312, 0
0.0178803, 0
0.0175358, 0
0.0171977, 0
0.0168656, 0
0.0165398, 0
0.0162198, 0
0.0159057, 0
0.0155973, 0
0.0152948, 0
0.0149978, 0
0.0147063, 0
0.0144201, 0
0.0141393, 0
0.0138637, 0
0.0135931, 0
0.0133276, 0
0.0130671, 0
0.0128114, 0
0.0125605, 0
0.0123142, 0
0.0120727, 0
0.0118356, 0
0.011603, 0
0.0113747, 0
0.0111508, 0
0.010931, 0
0.0107154, 0
0.0105038, 0
0.0102963, 0
0.0100927, 0
0.00989302, 0
0.00969711, 0
0.00950481, 0
0.00931628, 0
0.0091313, 0
0.0089498, 0
0.00877184, 0
0.00859726, 0
0.00842602, 0
0.00825805, 0
0.00809326, 0
0.00793167, 0
0.0077732, 0
0.00761775, 0
0.00746528, 0
0.00731575, 0
0.00716912, 0
0.00702534, 0
0.00688432, 0
0.00674603, 0
0.00661042, 0
0.00647744, 0
0.00634702, 0
0.00621916, 0
0.00609377, 0
0.00597083, 0
0.00585026, 0
0.00573208, 0
0.00561616, 0
0.00550255, 0
0.00538063, 0
0.00524468, 0
0.00511204, 0
0.00498269, 0
0.00485651, 0
0.00473342, 0
0.00461329, 0
0.00449618, 0
0.00438194, 0
0.00427047, 0
0.00416178, 0
0.00405579, 0
0.00395237, 0
0.00385157, 0
0.00375323, 0
0.00365727, 0
0.00356375, 0
0.00347253, 0
0.00338359, 0
0.00329693, 0
0.00321237, 0
0.0031299, 0
0.0030495, 0
0.00297112, 0
0.00289466, 0
0.00282016, 0
0.0027475, 0
0.00267665, 0
0.00260763, 0
0.00254027, 0
0.00247466, 0
0.00241071, 0
0.00234834, 0
0.00228755, 0
0.00222828, 0
0.00217053, 0
0.00211423, 0
0.00205935, 0
0.00200586, 0
0.00195371, 0
0.00190292, 0
0.00185341, 0
0.00180514, 0
0.00175809, 0
0.00171224, 0
0.00166758, 0
0.00162405, 0
0.00158162, 0
0.00154028, 0
0.0015, 0
0.00146074, 0
0.00142249, 0
0.00138523, 0
0.00134891, 0
0.00131353, 0
0.00127904, 0
0.00124544, 0
0.00121272, 0
0.00118083, 0
0.00114976, 0
0.00111949, 0
0.00109, 0
0.00106128, 0
0.00103328, 0
0.00100602, 0
0.000979476, 0
0.000953599, 0
0.000928398, 0
0.000903848, 0
0.000879938, 0
0.000856651, 0
0.000833963, 0
0.000811857, 0
0.00079034, 0
0.000769371, 0
0.000748955, 0
0.000729062, 0
0.000709688, 0
0.000690821, 0
0.000672448, 0
0.000654553, 0
0.000637136, 0
0.000620162, 0
0.000603637, 0
0.000587538, 0
0.00057187, 0
0.000556609, 0
0.000541745, 0
0.000527272, 0
0.000513175, 0
0.000499456, 0
0.000486096, 0
0.000473085, 0
0.000460414, 0
0.000448081, 0
0.000436069, 0
0.000424376, 0
0.000412994, 0
0.000401907, 0
0.000391118, 0
