0, 0
0.000917971, 1.86953e-05
0.00367001, 7.54225e-05
0.0082485, 0.000170958
0.0146394, 0.000305805
0.0228224, 0.000480171
0.0327709, 0.000693945
0.0444523, 0.000946688
0.0578282, 0.00123762
0.0728546, 0.00156563
0.0894823, 0.00192928
0.107657, 0.0023268
0.127319, 0.00275615
0.148407, 0.00321503
0.170852, 0.00370089
0.194585, 0.00421102
0.219532, 0.00474256
0.245617, 0.00529258
0.272761, 0.0058581
0.300886, 0.00643619
0.329909, 0.007024
0.359748, 0.00761884
0.390322, 0.00821823
0.421549, 0.00881994
0.453345, 0.0094221
0.48563, 0.0100232
0.518325, 0.010622
0.55135, 0.0112178
0.584629, 0.0118094
0.618086, 0.0124026
0.651649, 0.0129921
0.685246, 0.0135804
0.71881, 0.0141672
0.752283, 0.0147582
0.785599, 0.015356
0.818701, 0.0159623
0.851533, 0.0165802
0.884043, 0.0172126
0.916183, 0.0178628
0.947907, 0.0185338
0.979174, 0.0192285
1.00995, 0.0199494
1.04019, 0.0206989
1.06986, 0.0214788
1.09895, 0.0222906
1.12742, 0.0231351
1.15525, 0.0240129
1.18242, 0.0249237
1.20891, 0.0258672
1.23471, 0.0268424
1.25981, 0.0278477
1.2842, 0.0288815
1.30787, 0.0299417
1.33081, 0.031026
1.35303, 0.0321318
1.37452, 0.0332563
1.39528, 0.0343968
1.41532, 0.0355503
1.43465, 0.0367138
1.45325, 0.0378843
1.47115, 0.039059
1.48836, 0.040235
1.50487, 0.0414093
1.52071, 0.0425794
1.53588, 0.0437425
1.55039, 0.0448961
1.56426, 0.046038
1.57751, 0.0471658
1.59014, 0.0482775
1.60217, 0.0493712
1.61361, 0.050445
1.62449, 0.0514973
1.63481, 0.0525266
1.6446, 0.0535315
1.65386, 0.0545109
1.66262, 0.0554637
1.67088, 0.0563888
1.67868, 0.0572856
1.68601, 0.0581534
1.69291, 0.0589914
1.69938, 0.0597994
1.70543, 0.0605769
1.7111, 0.0613237
1.71638, 0.0620397
1.7213, 0.0627247
1.72588, 0.0633787
1.73011, 0.0640019
1.73403, 0.0645943
1.73765, 0.0651563
1.74097, 0.065688
1.74402, 0.0661898
1.7468, 0.066662
1.74933, 0.0671051
1.75162, 0.0675194
1.75368, 0.0679055
1.75554, 0.0682639
1.75718, 0.0685951
1.75864, 0.0688996
1.75992, 0.0691779
1.76103, 0.0694308
1.76198, 0.0696586
1.77471, 0.0703866
1.77549, 0.0706549
1.77594, 0.0708591
1.77611, 0.0710042
1.77602, 0.071092
1.77572, 0.0711251
1.77523, 0.0711061
1.7746, 0.0710377
1.77385, 0.0709219
1.77301, 0.070762
1.7721, 0.0705591
1.77116, 0.070317
1.77019, 0.070039
1.76922, 0.0697252
1.76828, 0.0693744
1.76736, 0.0689951
1.7665, 0.0685911
1.76571, 0.0681602
1.765, 0.067697
1.76438, 0.0672113
1.76388, 0.0667139
1.76348, 0.0662012
1.76318, 0.0656631
1.76302, 0.0651041
1.763, 0.0645397
1.76312, 0.0639679
1.7634, 0.0633898
1.76382, 0.0628082
1.76439, 0.062226
1.76512, 0.0616464
1.766, 0.0610726
1.76704, 0.0605082
1.76824, 0.0599567
1.7696, 0.0594221
1.77111, 0.0589085
1.77278, 0.0584201
1.7746, 0.0579614
1.77657, 0.0575369
1.77869, 0.0571515
1.78095, 0.0568101
1.78336, 0.0565175
1.7859, 0.0562787
1.78857, 0.0560988
1.79138, 0.0559825
1.7943, 0.0559346
1.79735, 0.0559596
1.8005, 0.0560618
1.80377, 0.0562449
1.80713, 0.0565126
1.81059, 0.0568677
1.81414, 0.0573127
1.81777, 0.0578497
1.82148, 0.0584799
1.82526, 0.0592042
1.82909, 0.0600227
1.83299, 0.0609351
1.83693, 0.0619406
1.84092, 0.0630377
1.84494, 0.0642248
1.84899, 0.0654994
1.85305, 0.0668592
1.85714, 0.0683014
1.86123, 0.0698227
1.86532, 0.0714201
1.8694, 0.07309
1.87346, 0.0748291
1.87751, 0.0766337
1.88153, 0.0785003
1.88551, 0.0804253
1.88945, 0.082405
1.89334, 0.0844359
1.89718, 0.0865146
1.90096, 0.0886374
1.90467, 0.0908012
1.9083, 0.0930024
1.91186, 0.0952379
1.91533, 0.0975046
1.9187, 0.0997992
1.92198, 0.102119
1.92516, 0.10446
1.92823, 0.106821
1.93119, 0.109199
1.93402, 0.11159
1.93674, 0.113992
1.93932, 0.116402
1.94177, 0.118819
1.94409, 0.121239
1.94626, 0.12366
1.94829, 0.126081
1.95017, 0.128498
1.9519, 0.13091
1.95347, 0.133314
1.95488, 0.135709
1.95612, 0.138093
1.95721, 0.140463
1.95812, 0.142817
1.95886, 0.145155
1.95943, 0.147474
1.95982, 0.149773
1.96003, 0.15205
1.97705, 0.157207
1.97582, 0.162489
1.97352, 0.167599
1.97015, 0.172521
1.96568, 0.177238
1.96012, 0.181739
1.95348, 0.186009
1.94577, 0.19004
1.93699, 0.193822
1.92716, 0.197349
1.91631, 0.200615
1.90445, 0.203616
1.89163, 0.206349
1.87786, 0.208813
1.86317, 0.211009
1.84762, 0.212936
1.83122, 0.214597
1.81403, 0.215995
1.79607, 0.217135
1.77739, 0.218021
1.75804, 0.21866
1.73805, 0.219057
1.71747, 0.219219
1.69634, 0.219155
1.6747, 0.21887
1.65259, 0.218376
1.63006, 0.21768
1.60714, 0.216791
1.58388, 0.215719
1.56032, 0.214471
1.5365, 0.213058
1.51244, 0.211487
1.4882, 0.209769
1.4638, 0.207913
1.43928, 0.205929
1.41467, 0.203825
1.39001, 0.20161
1.36532, 0.199293
1.34063, 0.196882
1.31597, 0.194385
1.29136, 0.19181
1.26684, 0.189165
1.24242, 0.186458
1.21812, 0.183695
1.19397, 0.180883
1.16998, 0.178029
1.14618, 0.175139
1.12258, 0.172219
1.09919, 0.169274
1.07603, 0.166311
1.05312, 0.163334
1.03046, 0.160348
1.00807, 0.157357
0.985956, 0.154367
0.964126, 0.151381
0.942591, 0.148402
0.921357, 0.145434
0.900431, 0.14248
0.87982, 0.139545
0.859528, 0.136629
0.839557, 0.133735
0.819914, 0.130869
0.800598, 0.128028
0.781615, 0.125217
0.762964, 0.122438
0.744648, 0.119691
0.726667, 0.116977
0.709019, 0.1143
0.691708, 0.11166
0.67473, 0.109057
0.658087, 0.106493
0.641774, 0.103971
0.625788, 0.101488
0.61013, 0.0990479
0.594798, 0.0966469
0.579785, 0.0942907
0.565094, 0.091978
0.550718, 0.0897051
0.536654, 0.0874764
0.522897, 0.0852887
0.509444, 0.0831441
0.496294, 0.0810435
0.483439, 0.0789825
0.47088, 0.0769645
0.458607, 0.0749864
0.44662, 0.0730494
0.434911, 0.0711522
0.423479, 0.0692959
0.412318, 0.0674798
0.401425, 0.065705
0.390794, 0.0639684
0.380422, 0.062274
0.370302, 0.0606174
0.36043, 0.0589996
0.350802, 0.0574194
0.341413, 0.0558762
0.332258, 0.0543694
0.323333, 0.0528986
0.314633, 0.0514631
0.306153, 0.0500622
0.295461, 0.0482894
0.27902, 0.0455643
0.263455, 0.042979
0.248726, 0.040528
0.234796, 0.0382054
0.221627, 0.036006
0.209182, 0.0339242
0.197427, 0.0319548
0.186328, 0.0300926
0.175851, 0.0283325
0.165967, 0.0266696
0.156644, 0.025099
0.147853, 0.0236163
0.139568, 0.022217
0.131761, 0.0208968
0.124408, 0.0196514
0.117484, 0.0184772
0.110966, 0.0173699
0.104833, 0.0163264
0.0990635, 0.0153431
0.0936379, 0.0144169
0.0885372, 0.0135447
0.0837435, 0.0127235
0.0792399, 0.0119504
0.07501, 0.0112227
0.0710387, 0.010538
0.0673113, 0.00989382
0.0638142, 0.00928787
0.0605342, 0.00871798
0.0574591, 0.00818211
0.054577, 0.0076783
0.0518771, 0.00720473
0.0493489, 0.00675965
0.0469824, 0.00634143
0.0447683, 0.00594851
0.0426979, 0.00557942
0.0407627, 0.0052328
0.038955, 0.00490733
0.0372672, 0.00460179
0.0356925, 0.00431502
0.0342242, 0.00404593
0.032856, 0.0037935
0.0315821, 0.00355676
0.030397, 0.00333478
0.0292954, 0.00312681
0.0282724, 0.00293195
0.0273233, 0.00274949
0.0264439, 0.00257868
0.02563, 0.00241891
0.0248777, 0.00226967
0.0241833, 0.00213023
0.0235435, 0.00200009
0.0229551, 0.00187882
0.0224148, 0.00176594
0.02192, 0.00166101
0.021468, 0.00156355
0.0210562, 0.00147333
0.0206821, 0.00138984
0.0203438, 0.0013128
0.0200391, 0.00124198
0.019766, 0.00117694
0.0195227, 0.00111748
0.0193075, 0.00106378
0.019119, 0.00101534
0.0189547, 0.000972068
0.0188141, 0.000934033
0.0186948, 0.000900731
0.018596, 0.000871372
0.0185165, 0.000846742
0.0184547, 0.000825735
0.0184095, 0.000807727
0.0183805, 0.000792941
0.0183666, 0.000781043
0.0183668, 0.000772122
0.0183809, 0.00076505
0.0184077, 0.000760961
0.0184468, 0.000758683
0.0184974, 0.000758232
0.0185589, 0.000759983
0.0186307, 0.000763093
0.0187117, 0.000767382
0.0188023, 0.00077274
0.0189009, 0.000779549
0.0190079, 0.000787012
0.0191225, 0.000795318
0.0192443, 0.000804317
0.0193731, 0.000814053
0.0195087, 0.000824558
0.0196499, 0.000835156
0.019797, 0.000846055
0.0199499, 0.000858236
0.0201077, 0.000869862
0.0202708, 0.00088204
0.0204384, 0.000894565
0.020611, 0.000907193
0.0207879, 0.000920429
0.0209683, 0.000933693
0.0211528, 0.000947202
0.0213413, 0.000960808
0.0215335, 0.000974778
0.0217286, 0.000989032
0.0219274, 0.00100339
0.0221293, 0.0010179
0.0223339, 0.0010322
0.0225415, 0.00104721
0.0227519, 0.00106208
0.0229649, 0.00107708
0.0231806, 0.00109234
0.0233985, 0.00110764
0.0236192, 0.00112321
0.023842, 0.00113906
0.0240666, 0.00115442
0.0242937, 0.00117075
0.024523, 0.00118705
0.0247543, 0.00120326
0.0249873, 0.00121966
0.0252225, 0.00123642
0.0254593, 0.001253
0.0256981, 0.00126986
0.0259384, 0.001287
0.0261806, 0.00130435
0.0264243, 0.00132161
0.0266703, 0.00133891
0.0269172, 0.00135667
0.0271659, 0.00137462
0.0274154, 0.00139286
0.0276672, 0.00141129
0.0279201, 0.0014295
0.0281747, 0.00144816
0.0284309, 0.00146695
0.0286881, 0.00148588
0.0289467, 0.00150479
0.0292065, 0.00152388
0.029468, 0.00154369
0.0297307, 0.00156338
0.0299947, 0.00158292
0.0302598, 0.00160288
0.0305261, 0.00162299
0.0307939, 0.00164359
0.031063, 0.00166399
0.0313336, 0.00168493
0.0316046, 0.00170537
0.031877, 0.00172638
0.032151, 0.00174768
0.0324261, 0.00176921
0.0327025, 0.00179068
0.0329795, 0.00181268
0.0332578, 0.00183459
0.0335372, 0.00185711
0.0338179, 0.00187935
0.0340996, 0.00190172
0.0343824, 0.00192458
0.0346667, 0.00194767
0.0349519, 0.0019705
0.0352378, 0.00199405
0.0355251, 0.00201737
0.0358136, 0.00204135
0.0361028, 0.00206501
0.0363938, 0.00208935
0.0366854, 0.00211371
0.036978, 0.00213836
0.0372718, 0.00216298
0.0375663, 0.00218771
0.037862, 0.00221303
0.0381586, 0.0022381
0.0384565, 0.00226401
0.0387558, 0.00228966
0.0390555, 0.00231561
0.0393566, 0.00234239
0.0396583, 0.00236805
0.0399611, 0.00239475
0.0402656, 0.00242189
0.0405703, 0.0024488
0.0408767, 0.00247626
0.0411839, 0.00250318
0.0414916, 0.00253131
0.0418005, 0.00255892
0.0421107, 0.0025874
0.0424217, 0.00261544
0.0427338, 0.00264411
0.0430465, 0.00267268
0.04336, 0.00270154
0.0436752, 0.0027306
0.0439908, 0.00275995
0.044308, 0.00278963
0.0446257, 0.00281977
0.0449443, 0.00284966
0.0452643, 0.00288015
0.0455846, 0.00291067
0.0459069, 0.00294164
0.0462291, 0.00297242
0.0465532, 0.00300297
0.0468774, 0.00303468
0.0472029, 0.00306633
0.0475292, 0.00309848
0.0478568, 0.00313048
0.0481851, 0.00316278
0.0485138, 0.003195
0.048844, 0.00322761
0.0491758, 0.00326121
0.0495066, 0.00329408
0.0498404, 0.00332833
0.0501738, 0.00336138
0.0505087, 0.00339589
0.0508442, 0.00342974
0.0511805, 0.0034639
0.0515186, 0.00349921
0.0518569, 0.00353364
0.0521966, 0.0035693
0.0525356, 0.00360389
0.0528775, 0.00363963
0.0532192, 0.00367575
0.0535623, 0.00371199
0.0539063, 0.00374827
0.0542501, 0.00378405
0.0545958, 0.00382101
0.0549428, 0.00385799
0.05529, 0.0038955
0.0556381, 0.00393261
0.0559875, 0.00397067
0.0563372, 0.00400875
0.0566881, 0.00404693
0.0570394, 0.00408564
0.0573921, 0.00412464
0.0577458, 0.00416328
0.0581006, 0.00420269
0.0584549, 0.004242
0.0588109, 0.00428236
0.0591674, 0.00432159
0.0595252, 0.00436186
0.0598843, 0.00440239
0.0602442, 0.0044438
0.0606042, 0.0044844
0.0609644, 0.00452539
0.0613268, 0.00456696
0.0616898, 0.00460966
0.0620529, 0.00465053
0.0624172, 0.00469309
0.0627828, 0.00473563
0.0631488, 0.00477861
0.063516, 0.00482122
0.0638833, 0.00486431
0.0642513, 0.00490797
0.0646209, 0.00495101
0.064991, 0.00499577
0.0653615, 0.00504028
0.0657338, 0.00508537
0.0661065, 0.00512958
0.0664792, 0.00517469
0.0668539, 0.00522038
0.0672285, 0.00526531
0.0676049, 0.00531249
0.0679807, 0.00535756
0.0683582, 0.00540458
0.0687364, 0.00545141
0.069115, 0.00549833
0.0694945, 0.00554512
0.0698747, 0.00559238
0.0702561, 0.0056406
0.0706379, 0.00568797
0.0710203, 0.00573641
0.071404, 0.00578515
0.0717886, 0.00583389
0.0721738, 0.00588324
0.072559, 0.0059313
0.0729454, 0.00598117
0.0733327, 0.00603086
0.0737203, 0.00608195
0.0741096, 0.00613183
0.074499, 0.00618286
0.0748889, 0.00623356
0.07528, 0.00628477
0.0756718, 0.00633635
0.076064, 0.00638759
0.0764569, 0.0064392
0.0768513, 0.00649208
0.0772464, 0.0065452
0.0776409, 0.00659837
0.0780367, 0.00665037
0.0784332, 0.00670373
0.0788308, 0.00675766
0.0792292, 0.00681185
0.0796271, 0.00686542
0.0800275, 0.00692046
0.0804281, 0.00697582
0.0808284, 0.00703019
0.0812302, 0.00708537
0.081633, 0.0071415
0.0820355, 0.00719684
0.08244, 0.00725329
0.0828442, 0.00730963
0.0832491, 0.0073669
0.0836546, 0.00742324
0.0840609, 0.00748022
0.0844677, 0.00753721
0.0848755, 0.00759544
0.085284, 0.00765418
0.0856935, 0.00771292
0.0861033, 0.00777056
0.0865134, 0.00782988
0.0873587, 0.00793797
0.0881843, 0.00805766
0.0890126, 0.00817846
0.0898433, 0.00830047
0.0906766, 0.00842357
0.0915124, 0.00854776
0.0923507, 0.00867315
0.0931915, 0.00879964
0.0940347, 0.00892728
0.0948802, 0.00905606
0.0957282, 0.00918598
0.0965785, 0.00931709
0.0974312, 0.0094493
0.0982862, 0.00958267
0.0991436, 0.00971723
0.100003, 0.00985284
0.100865, 0.0099897
0.101729, 0.0101277
0.102595, 0.0102668
0.103464, 0.0104071
0.104334, 0.0105485
0.105207, 0.0106911
0.106082, 0.010835
0.106959, 0.0109799
0.107838, 0.011126
0.108719, 0.0112733
0.109602, 0.0114216
0.110487, 0.0115712
0.111374, 0.011722
0.112263, 0.0118739
0.113154, 0.012027
0.114047, 0.0121812
0.114941, 0.0123367
0.115838, 0.0124933
0.116736, 0.012651
0.117636, 0.01281
0.118538, 0.0129701
0.119442, 0.0131313
0.120347, 0.0132938
0.121254, 0.0134574
0.122163, 0.0136222
0.123074, 0.013788
0.123986, 0.0139552
0.1249, 0.0141235
0.125815, 0.0142929
0.126732, 0.0144634
0.12765, 0.0146354
0.12857, 0.0148083
0.129492, 0.0149824
0.130415, 0.0151577
0.131339, 0.0153341
0.132265, 0.0155117
0.133193, 0.0156905
0.134121, 0.0158705
0.135051, 0.0160516
0.135983, 0.0162339
0.136915, 0.0164173
0.137849, 0.0166018
0.138785, 0.0167876
0.139721, 0.0169745
0.140659, 0.0171626
0.141598, 0.0173518
0.142538, 0.017542
0.143479, 0.0177336
0.144421, 0.0179262
0.145365, 0.0181201
0.146309, 0.018315
0.147255, 0.0185111
0.148202, 0.0187083
0.149149, 0.0189067
0.150098, 0.0191063
0.151048, 0.0193069
0.151998, 0.0195087
0.15295, 0.0197117
0.153902, 0.0199157
0.154855, 0.0201208
0.155809, 0.0203272
0.156764, 0.0205346
0.15772, 0.0207432
0.158677, 0.0209529
0.159634, 0.0211636
0.160592, 0.0213756
0.161551, 0.0215887
0.16251, 0.0218028
0.16347, 0.022018
0.164431, 0.0222343
0.165392, 0.0224518
0.166354, 0.0226704
0.167317, 0.02289
0.16828, 0.0231108
0.169244, 0.0233326
0.170208, 0.0235555
0.171173, 0.0237796
0.172138, 0.0240047
0.173103, 0.0242308
0.174069, 0.0244581
0.175036, 0.0246864
0.176002, 0.0249157
0.17697, 0.0251462
0.177937, 0.0253777
0.179014, 0.0256307
0.180079, 0.0258878
0.181144, 0.0261462
0.18221, 0.0264059
0.183276, 0.0266669
0.184342, 0.0269291
0.185408, 0.0271925
0.186475, 0.0274572
0.187541, 0.0277232
0.188608, 0.0279903
0.189675, 0.0282587
0.190742, 0.0285284
0.191809, 0.0287993
0.192876, 0.0290713
0.193943, 0.0293446
0.19501, 0.029619
0.196077, 0.0298947
0.197143, 0.0301716
0.19821, 0.0304496
0.199276, 0.0307288
0.200342, 0.0310093
0.201408, 0.0312908
0.202474, 0.0315735
0.20354, 0.0318574
0.204605, 0.0321424
0.20567, 0.0324286
0.206734, 0.0327158
0.207798, 0.0330043
0.208862, 0.0332938
0.209925, 0.0335845
0.210988, 0.0338762
0.21205, 0.0341692
0.213112, 0.0344631
0.214173, 0.0347582
0.215234, 0.0350544
0.216294, 0.0353516
0.217353, 0.0356498
0.218412, 0.0359492
0.21947, 0.0362496
0.220527, 0.0365511
0.221584, 0.0368534
0.22264, 0.037157
0.223695, 0.0374616
0.224749, 0.0377671
0.225803, 0.0380737
0.226855, 0.0383812
0.227907, 0.0386898
0.228958, 0.0389993
0.230008, 0.0393098
0.231056, 0.0396214
0.232104, 0.0399338
0.233151, 0.0402472
0.234197, 0.0405615
0.235242, 0.0408769
0.236286, 0.0411931
0.237328, 0.0415103
0.23837, 0.0418284
0.23941, 0.0421473
0.240449, 0.0424672
0.241487, 0.042788
0.242524, 0.0431096
0.243559, 0.0434321
0.244593, 0.0437556
0.245626, 0.0440798
0.246658, 0.0444049
0.247688, 0.0447308
0.248717, 0.0450576
0.249744, 0.0453852
0.25077, 0.0457136
0.251794, 0.0460428
0.252818, 0.0463729
0.253839, 0.0467036
0.254859, 0.0470353
0.255878, 0.0473676
0.256895, 0.0477007
0.25791, 0.0480346
0.258924, 0.0483692
0.259936, 0.0487046
0.260947, 0.0490406
0.261956, 0.0493774
0.262963, 0.0497149
0.263968, 0.0500532
0.264972, 0.0503921
0.265974, 0.0507317
0.266975, 0.0510719
0.267973, 0.0514129
0.26897, 0.0517545
0.269964, 0.0520968
0.270957, 0.0524396
0.271948, 0.0527831
0.272938, 0.0531272
0.273925, 0.0534719
0.27491, 0.0538173
0.275894, 0.0541633
0.276875, 0.0545096
0.277855, 0.0548567
0.278832, 0.0552044
0.279807, 0.0555525
0.280781, 0.0559013
0.281752, 0.0562506
0.283177, 0.0567206
0.284495, 0.0571988
0.285809, 0.0576779
0.287119, 0.058158
0.288425, 0.0586389
0.289727, 0.0591207
0.291024, 0.0596032
0.292317, 0.0600868
0.293606, 0.0605708
0.294891, 0.0610558
0.296171, 0.0615415
0.297447, 0.0620279
0.298719, 0.062515
0.299986, 0.0630027
0.301248, 0.063491
0.302506, 0.0639802
0.30376, 0.0644697
0.305008, 0.0649598
0.306252, 0.0654505
0.307492, 0.0659416
0.308726, 0.0664334
0.309956, 0.0669256
0.311181, 0.067418
0.3124, 0.0679109
0.313616, 0.0684046
0.314826, 0.0688981
0.316031, 0.0693923
0.317231, 0.0698866
0.318426, 0.0703813
0.319616, 0.0708763
0.3208, 0.0713714
0.32198, 0.0718669
0.323154, 0.0723624
0.324323, 0.0728581
0.325487, 0.0733541
0.326645, 0.0738501
0.327798, 0.074346
0.328946, 0.0748423
0.330088, 0.0753384
0.331225, 0.0758348
0.332357, 0.0763309
0.333483, 0.0768271
0.334603, 0.0773232
0.335718, 0.0778193
0.336827, 0.0783152
0.33793, 0.078811
0.339029, 0.0793066
0.340121, 0.0798022
0.341207, 0.0802973
0.342288, 0.0807925
0.343363, 0.0812873
0.344433, 0.0817818
0.345496, 0.0822759
0.346554, 0.0827699
0.347605, 0.0832635
0.348651, 0.0837566
0.349691, 0.0842495
0.350725, 0.0847418
0.351753, 0.0852337
0.352776, 0.0857253
0.353792, 0.0862161
0.354802, 0.0867068
0.355806, 0.0871967
0.356804, 0.0876861
0.357796, 0.0881748
0.358782, 0.0886631
0.359761, 0.0891507
0.360735, 0.0896375
0.361702, 0.0901239
0.362663, 0.0906094
0.363618, 0.0910943
0.364567, 0.0915784
0.36551, 0.0920617
0.366446, 0.0925444
0.367376, 0.0930261
0.3683, 0.0935072
0.369217, 0.0939873
0.370128, 0.0944666
0.371033, 0.094945
0.371932, 0.0954222
0.372824, 0.0958989
0.37371, 0.0963744
0.374589, 0.096849
0.375462, 0.0973225
0.376328, 0.0977951
0.377189, 0.0982668
0.378042, 0.0987371
0.378889, 0.0992067
0.37973, 0.0996749
0.380565, 0.100142
0.381393, 0.100608
0.382214, 0.101073
0.383029, 0.101537
0.383837, 0.101999
0.384639, 0.102461
0.385434, 0.102921
0.386223, 0.103379
0.387005, 0.103837
0.387781, 0.104293
0.388551, 0.104748
0.389313, 0.105202
0.390069, 0.105654
0.390819, 0.106105
0.391562, 0.106555
0.392298, 0.107003
0.393028, 0.107449
0.393751, 0.107894
0.394468, 0.108339
0.395178, 0.108781
0.395881, 0.109221
0.396578, 0.109661
0.397268, 0.110099
0.397952, 0.110535
0.398629, 0.11097
0.399299, 0.111403
0.399963, 0.111834
0.40062, 0.112264
0.401271, 0.112692
0.401915, 0.113119
0.402552, 0.113544
0.403183, 0.113967
0.403807, 0.114389
0.404424, 0.114809
0.405035, 0.115227
0.40564, 0.115644
0.406237, 0.116058
0.406828, 0.116471
0.407413, 0.116882
0.407991, 0.117292
0.408562, 0.1177
0.409127, 0.118105
0.409684, 0.118509
0.410236, 0.118911
0.410781, 0.119311
0.411319, 0.11971
0.411851, 0.120107
0.412376, 0.120501
0.412895, 0.120894
0.413407, 0.121284
0.413913, 0.121673
0.414412, 0.12206
0.414904, 0.122445
0.41539, 0.122828
0.41587, 0.123209
0.416343, 0.123588
0.416809, 0.123965
0.417269, 0.124339
0.417722, 0.124712
0.418169, 0.125083
0.41861, 0.125452
0.419044, 0.125819
0.419471, 0.126183
0.419892, 0.126546
0.420307, 0.126906
0.420715, 0.127265
0.421117, 0.127621
0.421512, 0.127975
0.421901, 0.128327
0.422284, 0.128677
0.42266, 0.129024
0.42303, 0.12937
0.423394, 0.129713
0.423751, 0.130054
0.424102, 0.130393
0.424446, 0.13073
0.424784, 0.131064
0.425116, 0.131397
0.425442, 0.131727
0.425762, 0.132055
0.426074, 0.132381
0.426381, 0.132704
0.426682, 0.133025
0.426976, 0.133344
0.427265, 0.133661
0.427547, 0.133975
0.427823, 0.134287
0.428092, 0.134597
0.428356, 0.134904
0.428613, 0.13521
0.428865, 0.135513
0.42911, 0.135813
0.429349, 0.136112
0.429582, 0.136407
0.429809, 0.136701
0.43003, 0.136993
0.430245, 0.137281
0.430454, 0.137568
0.430657, 0.137852
0.430854, 0.138134
0.431045, 0.138414
0.43123, 0.138691
0.431409, 0.138966
0.431583, 0.139238
0.43175, 0.139509
0.431912, 0.139776
0.432067, 0.140041
0.432217, 0.140305
0.432361, 0.140565
0.432499, 0.140823
0.432632, 0.141079
0.432758, 0.141333
0.432879, 0.141584
0.432995, 0.141832
0.433104, 0.142079
0.433208, 0.142322
0.433306, 0.142564
0.433398, 0.142803
0.433485, 0.143039
0.433567, 0.143274
0.433642, 0.143505
0.433712, 0.143735
0.433777, 0.143962
0.433836, 0.144186
0.433889, 0.144408
0.433937, 0.144628
0.43398, 0.144845
0.434017, 0.14506
0.434049, 0.145272
0.434075, 0.145483
0.434096, 0.14569
0.434111, 0.145895
0.434121, 0.146098
0.434126, 0.146298
0.434126, 0.146496
0.43412, 0.146692
0.434109, 0.146885
0.434092, 0.147075
0.434071, 0.147264
0.434044, 0.14745
0.434012, 0.147633
0.433975, 0.147814
0.433933, 0.147993
0.433885, 0.148169
0.433833, 0.148342
0.433776, 0.148514
0.433713, 0.148683
0.433646, 0.148849
0.433573, 0.149013
0.433495, 0.149175
0.433413, 0.149334
0.433325, 0.149492
0.433233, 0.149646
0.433135, 0.149798
0.433033, 0.149948
0.432926, 0.150095
0.432814, 0.15024
0.432698, 0.150383
0.432576, 0.150523
0.43245, 0.150661
0.432319, 0.150796
0.432184, 0.15093
0.432043, 0.15106
0.431898, 0.151189
0.431748, 0.151315
0.431594, 0.151439
0.431435, 0.15156
0.431272, 0.151679
0.431104, 0.151796
0.430931, 0.15191
0.430754, 0.152022
0.430573, 0.152132
0.430386, 0.152239
0.430196, 0.152344
0.430001, 0.152447
0.429802, 0.152547
0.429598, 0.152645
0.42939, 0.152741
0.429178, 0.152835
0.428961, 0.152926
0.42874, 0.153015
0.428515, 0.153101
0.428286, 0.153186
0.428052, 0.153268
0.427814, 0.153348
0.427572, 0.153425
0.427326, 0.1535
0.427076, 0.153574
0.426821, 0.153645
0.426563, 0.153713
0.426301, 0.15378
0.426034, 0.153844
0.425764, 0.153906
0.425489, 0.153966
0.425211, 0.154023
0.424928, 0.154078
0.424642, 0.154132
0.424352, 0.154183
0.424058, 0.154231
0.42376, 0.154278
0.423459, 0.154322
0.423153, 0.154365
0.422844, 0.154405
0.422531, 0.154443
0.422215, 0.154479
0.421894, 0.154513
0.42157, 0.154544
0.421243, 0.154574
0.420911, 0.154601
0.420576, 0.154626
0.420238, 0.154649
0.420085, 0.154765
0.419622, 0.154789
0.419152, 0.15481
0.418677, 0.154827
0.418195, 0.15484
0.417707, 0.154849
0.417214, 0.154856
0.416714, 0.154858
0.416208, 0.154857
0.415697, 0.154852
0.41518, 0.154844
0.414657, 0.154832
0.414129, 0.154817
0.413594, 0.154798
0.413055, 0.154776
0.412509, 0.15475
0.411958, 0.154721
0.411402, 0.154689
0.41084, 0.154653
0.410274, 0.154614
0.409702, 0.154571
0.409124, 0.154525
0.408542, 0.154476
0.407954, 0.154423
0.407362, 0.154368
0.406765, 0.154309
0.406162, 0.154247
0.405555, 0.154182
0.404943, 0.154113
0.404326, 0.154041
0.403704, 0.153966
0.403078, 0.153888
0.402447, 0.153807
0.401811, 0.153723
0.401171, 0.153636
0.400528, 0.153546
0.399878, 0.153452
0.399225, 0.153356
0.398567, 0.153257
0.397905, 0.153154
0.39724, 0.153049
0.396569, 0.152942
0.395895, 0.152831
0.395217, 0.152717
0.394534, 0.1526
0.393847, 0.152481
0.393157, 0.152359
0.392463, 0.152233
0.391765, 0.152106
0.391063, 0.151975
0.390358, 0.151842
0.389648, 0.151706
0.388936, 0.151568
0.388219, 0.151427
0.387499, 0.151282
0.386776, 0.151136
0.386049, 0.150987
0.385318, 0.150836
0.384585, 0.150682
0.383848, 0.150525
0.383108, 0.150366
0.382364, 0.150204
0.381618, 0.15004
0.380868, 0.149873
0.380115, 0.149704
0.379359, 0.149533
0.378601, 0.14936
0.377839, 0.149183
0.377074, 0.149005
0.376306, 0.148825
0.375536, 0.148642
0.374763, 0.148457
0.373987, 0.148269
0.373209, 0.148079
0.372428, 0.147888
0.371644, 0.147694
0.370857, 0.147498
0.370069, 0.147299
0.369278, 0.147099
0.368484, 0.146896
0.367688, 0.146692
0.366889, 0.146485
0.366089, 0.146276
0.365285, 0.146065
0.364481, 0.145853
0.363673, 0.145638
0.362863, 0.145422
0.362052, 0.145203
0.361238, 0.144983
0.360422, 0.144761
0.359605, 0.144537
0.358785, 0.144311
0.357963, 0.144083
0.35714, 0.143853
0.356315, 0.143622
0.355488, 0.143389
0.354658, 0.143154
0.353828, 0.142917
0.352996, 0.142679
0.352162, 0.142439
0.351326, 0.142198
0.350489, 0.141954
0.349651, 0.141709
0.348811, 0.141463
0.347969, 0.141215
0.347126, 0.140965
0.346282, 0.140714
0.345436, 0.140461
0.344589, 0.140207
0.343741, 0.139952
0.342891, 0.139694
0.34204, 0.139436
0.341188, 0.139176
0.340335, 0.138915
0.339481, 0.138652
0.338625, 0.138388
0.337769, 0.138122
0.336912, 0.137855
0.336053, 0.137588
0.335194, 0.137317
0.334333, 0.137047
0.333472, 0.136775
0.332611, 0.136502
0.331748, 0.136227
0.330884, 0.135952
0.33002, 0.135675
0.329154, 0.135397
0.328289, 0.135118
0.327422, 0.134838
0.326555, 0.134556
0.325687, 0.134274
0.324819, 0.133991
0.32395, 0.133706
0.32308, 0.13342
0.32221, 0.133133
0.32134, 0.132846
0.320469, 0.132557
0.319598, 0.132267
0.318726, 0.131977
0.317854, 0.131685
0.316982, 0.131393
0.316109, 0.1311
0.315236, 0.130805
0.314363, 0.13051
0.313489, 0.130213
0.312616, 0.129917
0.311742, 0.12962
0.310868, 0.129321
0.309994, 0.129022
0.30912, 0.128722
0.308246, 0.128421
0.307371, 0.128119
0.306497, 0.127817
0.305623, 0.127513
0.304749, 0.12721
0.303874, 0.126905
0.303, 0.1266
0.302126, 0.126295
0.301253, 0.125989
0.300379, 0.125682
0.299506, 0.125374
0.298632, 0.125065
0.297759, 0.124757
0.296886, 0.124447
0.296013, 0.124138
0.295141, 0.123827
0.294269, 0.123516
0.293397, 0.123204
0.292526, 0.122892
0.291655, 0.122579
0.290784, 0.122267
0.289914, 0.121953
0.289044, 0.121639
0.288175, 0.121325
0.287306, 0.12101
0.286438, 0.120695
0.28557, 0.120379
0.284703, 0.120064
0.283836, 0.119747
0.28297, 0.119431
0.282105, 0.119113
0.28124, 0.118796
0.280375, 0.118479
0.279512, 0.11816
0.278648, 0.117842
0.277787, 0.117524
0.276925, 0.117205
0.276064, 0.116886
0.275204, 0.116567
0.274344, 0.116248
0.273486, 0.115927
0.272628, 0.115607
0.271771, 0.115287
0.270915, 0.114967
0.27006, 0.114646
0.269205, 0.114325
0.268351, 0.114005
0.267499, 0.113684
0.266647, 0.113363
0.265796, 0.113042
0.264946, 0.11272
0.264097, 0.112399
0.263249, 0.112077
0.262402, 0.111757
0.261556, 0.111434
0.260711, 0.111112
0.259867, 0.110791
0.259024, 0.110469
0.258182, 0.110147
0.257341, 0.109825
0.256501, 0.109503
0.255663, 0.109181
0.254825, 0.10886
0.253989, 0.108538
0.253154, 0.108217
0.252319, 0.107895
0.251486, 0.107573
0.250654, 0.107252
0.249824, 0.10693
0.248994, 0.106608
0.248166, 0.106287
0.247339, 0.105966
0.246513, 0.105645
0.245689, 0.105324
0.244866, 0.105003
0.244044, 0.104682
0.243223, 0.104362
0.242403, 0.104041
0.241586, 0.103721
0.240769, 0.103401
0.239953, 0.10308
0.239139, 0.102761
0.238326, 0.102441
0.237515, 0.102122
0.236705, 0.101802
0.235896, 0.101483
0.235089, 0.101165
0.234283, 0.100846
0.233478, 0.100528
0.232676, 0.10021
0.231874, 0.0998921
0.231074, 0.0995748
0.230275, 0.0992567
0.229478, 0.09894
0.228682, 0.0986231
0.227887, 0.0983074
0.227094, 0.0979905
0.226303, 0.0976751
0.225513, 0.0973591
0.224725, 0.097044
0.223938, 0.0967292
0.223152, 0.0964145
0.222369, 0.0961004
0.221586, 0.0957864
0.220806, 0.0954734
0.220026, 0.0951595
0.219249, 0.0948466
0.218473, 0.094535
0.217698, 0.0942226
0.216926, 0.0939109
0.216154, 0.0935992
0.215384, 0.0932882
0.214616, 0.0929775
0.213849, 0.0926674
0.213085, 0.0923578
0.212321, 0.0920482
0.21156, 0.0917392
0.2108, 0.0914312
0.210041, 0.0911231
0.209285, 0.0908155
0.208529, 0.0905079
0.207776, 0.0902011
0.207024, 0.089895
0.206274, 0.0895891
0.205525, 0.0892831
0.204779, 0.0889785
0.204034, 0.0886741
0.20329, 0.0883699
0.202549, 0.0880668
0.201808, 0.0877631
0.20107, 0.0874614
0.200333, 0.0871587
0.199598, 0.0868571
0.198865, 0.0865562
0.198134, 0.0862553
0.197404, 0.0859555
0.196676, 0.0856559
0.19595, 0.085357
0.195225, 0.0850582
0.194502, 0.0847603
0.193781, 0.0844627
0.193062, 0.0841657
0.192345, 0.0838689
0.191629, 0.0835738
0.190915, 0.0832783
0.190202, 0.0829831
0.189492, 0.0826892
0.188783, 0.0823956
0.188076, 0.0821025
0.187371, 0.0818097
0.186667, 0.0815176
0.185966, 0.0812262
0.185266, 0.0809354
0.184568, 0.0806451
0.183872, 0.0803554
0.183177, 0.0800662
0.182484, 0.0797773
0.181794, 0.0794902
0.181104, 0.0792023
0.180417, 0.0789153
0.179731, 0.0786295
0.179047, 0.0783438
0.178366, 0.0780587
0.177686, 0.0777744
0.177007, 0.0774903
0.176331, 0.0772071
0.175656, 0.0769249
0.174983, 0.0766429
0.174312, 0.0763614
0.173643, 0.0760805
0.172975, 0.0758008
0.17231, 0.0755212
0.171646, 0.0752423
0.170984, 0.0749642
0.170324, 0.0746865
0.169666, 0.0744096
0.169009, 0.0741332
0.168355, 0.0738576
0.167702, 0.0735824
0.167051, 0.073308
0.166401, 0.0730342
0.165754, 0.0727612
0.165109, 0.0724889
0.164465, 0.0722168
0.163823, 0.0719457
0.163183, 0.0716752
0.162545, 0.0714051
0.161908, 0.071136
0.161274, 0.0708678
0.160641, 0.0705993
0.16001, 0.0703323
0.159381, 0.070066
0.158754, 0.0697999
0.158128, 0.0695347
0.157505, 0.0692696
0.156883, 0.0690063
0.156263, 0.0687431
0.155645, 0.0684803
0.155029, 0.0682183
0.154415, 0.0679572
0.153802, 0.0676964
0.153192, 0.0674369
0.152582, 0.0671772
0.151975, 0.0669192
0.15137, 0.0666608
0.150767, 0.066404
0.150165, 0.0661474
0.149565, 0.0658918
0.148967, 0.0656362
0.148371, 0.0653822
0.147777, 0.0651283
0.147184, 0.064875
0.146594, 0.064623
0.146005, 0.064371
0.145418, 0.0641203
0.144832, 0.0638695
0.144249, 0.0636202
0.143667, 0.0633712
0.143088, 0.0631231
0.14251, 0.0628754
0.141934, 0.0626285
0.141359, 0.0623821
0.140787, 0.0621369
0.140216, 0.0618919
0.139647, 0.061648
0.13908, 0.0614042
0.138514, 0.0611616
0.137951, 0.0609195
0.137389, 0.0606785
0.136829, 0.0604376
0.136271, 0.0601978
0.135715, 0.0599586
0.13516, 0.0597199
0.134607, 0.0594822
0.134056, 0.0592448
0.133507, 0.0590082
0.13296, 0.0587726
0.132414, 0.0585376
0.13187, 0.0583031
0.131328, 0.0580696
0.130787, 0.0578363
0.130249, 0.0576041
0.129712, 0.0573724
0.129177, 0.0571417
0.128644, 0.0569115
0.128112, 0.0566818
0.127583, 0.0564533
0.127055, 0.0562248
0.126528, 0.0559975
0.126004, 0.0557711
0.125481, 0.0555448
0.12496, 0.0553197
0.124441, 0.0550946
0.123923, 0.054871
0.123408, 0.0546478
0.122894, 0.0544252
0.122381, 0.0542032
0.121871, 0.0539821
0.121362, 0.0537614
0.120855, 0.0535419
0.120349, 0.0533227
0.119845, 0.0531045
0.119344, 0.0528865
0.118843, 0.0526694
0.118345, 0.0524534
0.117848, 0.0522376
0.117353, 0.0520229
0.116859, 0.0518083
0.116368, 0.0515949
0.115878, 0.0513821
0.115389, 0.0511698
0.114903, 0.0509581
0.114418, 0.0507474
0.113935, 0.0505372
0.113453, 0.0503279
0.112973, 0.0501189
0.112495, 0.049911
0.112019, 0.0497034
0.111544, 0.0494968
0.111071, 0.0492907
0.110599, 0.0490851
0.110129, 0.0488806
0.109661, 0.0486765
0.109195, 0.0484732
0.10873, 0.0482708
0.108266, 0.0480686
0.107805, 0.0478672
0.107345, 0.0476665
0.106886, 0.0474668
0.10643, 0.0472672
0.105975, 0.0470689
0.105521, 0.0468706
0.10507, 0.0466736
0.104619, 0.0464767
0.104171, 0.046281
0.103724, 0.0460856
0.103278, 0.0458909
0.102835, 0.045697
0.102393, 0.045504
0.101952, 0.0453112
0.101513, 0.0451191
0.101076, 0.0449279
0.10064, 0.0447373
0.100207, 0.0445472
0.0997736, 0.044358
0.0993429, 0.0441694
0.0989131, 0.0439813
0.0984854, 0.0437941
0.0980591, 0.0436072
0.0976343, 0.0434211
0.0972116, 0.0432358
0.0967899, 0.043051
0.0963699, 0.042867
0.0959513, 0.0426835
0.0955347, 0.0425008
0.0951189, 0.0423186
0.094705, 0.0421371
0.0942928, 0.0419564
0.093882, 0.0417761
0.0934729, 0.0415964
0.0930651, 0.0414177
0.0926591, 0.0412393
0.0922542, 0.0410614
0.0918512, 0.0408848
0.0914495, 0.0407081
0.0910492, 0.0405324
0.0906508, 0.0403572
0.0902535, 0.0401833
0.089858, 0.0400089
0.089464, 0.0398358
0.0890712, 0.0396633
0.0886801, 0.0394911
0.0882901, 0.0393198
0.0879021, 0.0391493
0.0875152, 0.0389792
0.0871298, 0.0388096
0.0867462, 0.0386407
0.0863638, 0.0384725
0.0859829, 0.038305
0.0856034, 0.0381379
0.0852255, 0.0379715
0.084849, 0.0378057
0.084474, 0.0376407
0.0841001, 0.0374762
0.0837279, 0.0373122
0.0833572, 0.037149
0.0829877, 0.036986
0.0826197, 0.036824
0.0822535, 0.0366623
0.0818882, 0.0365017
0.0815246, 0.0363413
0.081162, 0.0361817
0.0808015, 0.0360224
0.080442, 0.0358641
0.080084, 0.0357064
0.0797269, 0.0355488
0.0793716, 0.0353919
0.0790178, 0.0352361
0.0786655, 0.0350804
0.0783142, 0.0349256
0.0779641, 0.0347707
0.077616, 0.0346171
0.0772691, 0.0344639
0.0769232, 0.0343115
0.076579, 0.0341594
0.0762358, 0.0340076
0.0758941, 0.0338571
0.0755537, 0.0337065
0.0752148, 0.0335569
0.0748773, 0.0334077
0.0745411, 0.0332591
0.0742059, 0.0331109
0.073872, 0.0329636
0.0735399, 0.0328168
0.073209, 0.0326705
0.0728791, 0.0325245
0.072551, 0.0323793
0.0722239, 0.0322346
0.071898, 0.0320909
0.0715736, 0.031947
0.0712505, 0.0318043
0.0709283, 0.0316622
0.0706082, 0.0315204
0.0702886, 0.031379
0.0699706, 0.031238
0.0696537, 0.0310979
0.0693383, 0.030958
0.0690241, 0.0308193
0.0687112, 0.0306803
0.0683992, 0.0305424
0.0680889, 0.0304051
0.0677796, 0.030268
0.0674718, 0.0301317
0.0671653, 0.0299963
0.0668599, 0.0298605
0.0665555, 0.029726
0.0662532, 0.0295913
0.0659507, 0.0294582
0.0656506, 0.0293251
0.0653509, 0.0291926
0.0650531, 0.0290604
0.0647563, 0.0289285
0.0644607, 0.0287977
0.0641659, 0.0286669
0.0638731, 0.0285368
0.0635805, 0.0284075
0.0632901, 0.0282786
0.0629999, 0.0281499
0.0627115, 0.0280222
0.0624244, 0.0278948
0.0621383, 0.0277678
0.0618535, 0.0276414
0.0615698, 0.0275151
0.0612869, 0.0273901
0.0610054, 0.0272652
0.0607252, 0.0271407
0.0604461, 0.0270167
0.0601678, 0.0268932
0.0598915, 0.0267704
0.0596157, 0.0266481
0.0593414, 0.026526
0.0590674, 0.0264048
0.0587952, 0.0262837
0.0585244, 0.0261633
0.0582539, 0.0260436
0.0579853, 0.0259241
0.0577171, 0.025805
0.0574509, 0.0256865
0.0571851, 0.0255688
0.0569212, 0.0254508
0.0566573, 0.0253342
0.056395, 0.0252173
0.0561339, 0.0251016
0.0558737, 0.024986
0.0556149, 0.0248708
0.055357, 0.0247561
0.0550998, 0.024642
0.0548444, 0.0245281
0.0545898, 0.024415
0.0543361, 0.0243022
0.0540836, 0.02419
0.0538321, 0.0240781
0.053582, 0.0239666
0.0533324, 0.0238561
0.0530842, 0.0237453
0.0528367, 0.0236355
0.052591, 0.0235257
0.052345, 0.0234172
0.0521009, 0.0233083
0.0518579, 0.0232006
0.051616, 0.0230925
0.0513746, 0.0229855
0.0511352, 0.0228781
0.0508955, 0.0227722
0.0506575, 0.0226662
0.0504206, 0.0225608
0.0501849, 0.0224563
0.0499497, 0.0223515
0.0497155, 0.0222473
0.0494831, 0.0221432
0.0492506, 0.0220404
0.0490198, 0.0219376
0.0487894, 0.0218349
0.0485606, 0.0217329
0.0483325, 0.0216314
0.0481055, 0.0215299
0.0478793, 0.0214298
0.0476544, 0.0213294
0.0474299, 0.02123
0.0472071, 0.0211305
0.0469848, 0.0210317
0.0467633, 0.0209331
0.0465433, 0.0208346
0.046324, 0.0207366
0.0461054, 0.0206398
0.0458878, 0.0205424
0.0456709, 0.0204467
0.045455, 0.0203502
0.0452409, 0.020255
0.0450268, 0.0201595
0.0448143, 0.0200649
0.0446015, 0.0199701
0.0443917, 0.0198764
0.0441816, 0.0197822
0.0439718, 0.0196897
0.0437643, 0.0195963
0.0435564, 0.0195041
0.0433498, 0.0194121
0.0431443, 0.0193202
0.0429396, 0.0192295
0.0427356, 0.0191386
0.0425331, 0.0190481
0.0423317, 0.0189574
0.0421299, 0.018868
0.0419297, 0.0187786
0.0417304, 0.0186899
0.0415318, 0.0186013
0.0413342, 0.0185136
0.0411373, 0.0184255
0.0409418, 0.0183378
0.0407462, 0.0182511
0.040552, 0.0181646
0.0403584, 0.0180782
0.0401661, 0.0179923
0.0399748, 0.0179067
0.0397839, 0.0178216
0.0395939, 0.0177366
0.0394049, 0.0176527
0.0392164, 0.0175683
0.0390289, 0.0174847
0.0388428, 0.0174012
0.0386562, 0.0173189
0.0384714, 0.0172362
0.038287, 0.017154
0.038104, 0.0170721
0.0379214, 0.0169905
0.0377398, 0.0169095
0.0375585, 0.0168284
0.0373784, 0.0167482
0.0371989, 0.0166682
0.0370207, 0.0165882
0.0368432, 0.0165088
0.0366664, 0.0164298
0.0364902, 0.0163515
0.036314, 0.0162739
0.03614, 0.016195
0.035966, 0.0161177
0.0357929, 0.0160407
0.0356204, 0.0159631
0.0354491, 0.0158876
0.0352788, 0.0158107
0.0351086, 0.0157349
0.0349396, 0.0156589
0.0347709, 0.0155842
0.0346032, 0.0155092
0.0344355, 0.0154344
0.03427, 0.0153597
0.0341046, 0.0152861
0.0339395, 0.015212
0.0337758, 0.0151392
0.0336125, 0.0150668
0.03345, 0.0149937
0.0332886, 0.0149213
0.0331267, 0.0148499
0.0329665, 0.0147782
0.0328069, 0.0147066
0.0326483, 0.0146356
0.0324904, 0.0145647
0.0323328, 0.0144946
0.0321759, 0.0144244
0.0320203, 0.0143544
0.0318647, 0.0142852
0.0317098, 0.0142157
0.0315559, 0.0141473
0.0314021, 0.0140789
0.0312503, 0.0140099
0.0310983, 0.0139424
0.0309472, 0.013875
0.0307962, 0.0138078
0.0306469, 0.013741
0.0304985, 0.0136733
0.0303496, 0.0136075
0.030201, 0.0135418
0.0300541, 0.013476
0.0299081, 0.0134101
0.0297623, 0.0133444
0.0296165, 0.0132803
0.0294724, 0.0132155
0.02933, 0.0131504
0.0291856, 0.0130869
0.0290431, 0.0130233
0.0289017, 0.0129596
0.0287599, 0.0128964
0.0286193, 0.012834
0.02848, 0.0127711
0.0283403, 0.0127092
0.0282018, 0.0126468
0.0280638, 0.0125852
0.0279264, 0.0125236
0.0277895, 0.0124624
0.0276543, 0.0124011
0.027518, 0.0123409
0.0273834, 0.0122807
0.0272492, 0.0122202
0.027116, 0.0121606
0.0269835, 0.0121012
0.0268496, 0.012042
0.0267186, 0.0119827
0.0265879, 0.0119239
0.0264566, 0.0118656
0.0263266, 0.0118078
0.0261973, 0.01175
0.0260691, 0.0116914
0.0259398, 0.0116353
0.0258123, 0.0115779
0.0256871, 0.0115208
0.0255597, 0.0114641
0.0254333, 0.0114083
0.0253086, 0.0113523
0.0251844, 0.0112961
0.0250598, 0.0112401
0.0249358, 0.0111858
0.0248129, 0.0111305
0.0246911, 0.0110753
0.0245699, 0.0110206
0.024448, 0.0109668
0.0243276, 0.0109115
0.0242079, 0.0108584
0.0240876, 0.0108054
0.0239703, 0.0107522
0.0238506, 0.0106982
0.0237323, 0.0106455
0.0236147, 0.0105935
0.0234989, 0.0105403
0.0233829, 0.0104883
0.0232665, 0.0104369
0.0231518, 0.0103859
0.0230364, 0.0103341
0.0229222, 0.0102832
0.0228102, 0.0102315
0.0226957, 0.0101809
0.0225835, 0.010131
0.0224714, 0.010081
0.0223598, 0.010031
0.0222492, 0.00998124
0.0221386, 0.00993178
0.0220287, 0.00988243
0.0219192, 0.00983321
0.0218117, 0.00978484
0.0217029, 0.00973554
0.0215947, 0.00968812
0.0214876, 0.00963895
0.02138, 0.00959197
0.0212738, 0.00954461
0.0211691, 0.00949613
0.0210627, 0.0094492
0.0209574, 0.00940246
0.0208531, 0.00935628
0.0207498, 0.00930847
0.0206458, 0.00926291
0.0205431, 0.00921635
0.020441, 0.00917064
0.0203397, 0.00912581
0.020238, 0.0090791
0.0201368, 0.00903485
0.0200365, 0.00898872
0.0199371, 0.00894397
0.0198367, 0.0088995
0.0197374, 0.00885561
0.019639, 0.00881083
0.0195409, 0.00876672
0.0194427, 0.00872313
0.0193467, 0.00867928
0.0192485, 0.00863667
0.0191532, 0.00859292
0.0190576, 0.0085506
0.0189616, 0.00850804
0.018867, 0.00846481
0.0187723, 0.00842259
0.0186785, 0.0083812
0.0185848, 0.00833774
0.0184921, 0.00829643
0.0183982, 0.00825506
0.0183064, 0.0082135
0.0182156, 0.00817242
0.018124, 0.00813266
0.0180334, 0.00809076
0.0179411, 0.00805006
0.0178515, 0.00800951
0.0177634, 0.00796921
0.0176727, 0.00792945
0.0175844, 0.00789057
0.0174967, 0.00785178
0.0174082, 0.00781139
0.0173206, 0.00777099
0.0172343, 0.00773283
0.017147, 0.00769255
0.0170617, 0.0076551
0.0169762, 0.0076176
0.0168892, 0.00757744
0.0168053, 0.00753907
0.0167199, 0.00750151
0.0166349, 0.00746384
0.0165518, 0.00742686
0.0164682, 0.00738856
0.0163847, 0.00735149
0.0163022, 0.00731436
0.0162196, 0.00727771
0.0161388, 0.00724143
0.016056, 0.00720462
0.0159754, 0.00716861
0.0158938, 0.00713187
0.0158137, 0.00709555
0.0157331, 0.00705975
0.0156553, 0.00702421
0.015575, 0.00698929
0.0154959, 0.006954
0.0154178, 0.00691823
0.0153414, 0.00688337
0.0152622, 0.00684918
0.015185, 0.00681437
0.0151089, 0.00678043
0.0150311, 0.00674574
0.0149567, 0.00671211
0.0148806, 0.00667701
0.0148047, 0.0066424
0.01473, 0.00660929
0.0146549, 0.00657796
0.0145805, 0.00654328
0.0145051, 0.0065103
0.0144336, 0.00647643
0.0143596, 0.00644407
0.0142871, 0.00641134
0.0142134, 0.00637873
0.0141418, 0.00634618
0.0140701, 0.00631562
0.0139973, 0.00628182
0.0139269, 0.00625099
0.0138562, 0.00621795
0.0137877, 0.00618809
0.0137156, 0.00615536
0.0136453, 0.00612442
0.0135768, 0.00609323
0.0135081, 0.0060624
0.0134389, 0.00603257
0.0133698, 0.0060018
0.0133013, 0.0059704
0.0132339, 0.00594012
0.0131679, 0.00590962
0.0131002, 0.00587898
0.0130327, 0.00585046
0.0129667, 0.00581999
0.0129013, 0.00579056
0.0128351, 0.00576151
0.012769, 0.00573062
0.0127046, 0.00570214
0.0126387, 0.00567366
0.0125731, 0.00564405
0.0125103, 0.00561607
0.012446, 0.00558653
0.0123825, 0.00555826
0.0123197, 0.00553017
0.0122548, 0.00550202
0.0121919, 0.0054734
0.0121295, 0.00544585
0.0120694, 0.00541704
0.0120079, 0.00539137
0.0119454, 0.0053623
0.0118843, 0.00533518
0.0118233, 0.00530737
0.0117625, 0.00528001
0.0117023, 0.00525332
0.0116431, 0.0052264
0.0115827, 0.00519935
0.011524, 0.00517392
0.0114631, 0.00514673
0.011406, 0.00512047
0.0113473, 0.00509495
0.0112884, 0.00506802
0.0112303, 0.00504274
0.0111734, 0.00501636
0.0111151, 0.00499065
0.0110584, 0.00496456
0.0110012, 0.0049393
0.0109453, 0.00491309
0.0108884, 0.00488907
0.0108317, 0.00486551
0.0107763, 0.00484025
0.0107209, 0.00481421
0.0106678, 0.00479082
0.0106111, 0.00476403
0.0105562, 0.00473972
0.0105024, 0.00471536
0.0104486, 0.00469275
0.0103937, 0.00466758
0.0103403, 0.00464506
0.0102876, 0.00462025
0.0102345, 0.00459542
0.0101812, 0.00457275
0.0101294, 0.0045505
0.0100761, 0.00452497
0.010025, 0.00450184
0.00997213, 0.00447853
0.00992148, 0.00445608
0.00986978, 0.00443251
0.00982003, 0.00441048
0.00976838, 0.004388
0.00971901, 0.00436508
0.00966693, 0.00434083
0.00961794, 0.00431855
0.00956882, 0.00429817
0.00951947, 0.0042751
0.00946907, 0.00425406
0.00941948, 0.00423095
0.00937173, 0.00421067
0.00932237, 0.00418787
0.00927416, 0.00416565
0.00922702, 0.00414373
0.00917897, 0.00412371
0.00913133, 0.00410314
0.00908326, 0.00408025
0.00903716, 0.00406003
0.00898942, 0.0040381
0.00894302, 0.00401696
0.00889671, 0.00399821
0.00884938, 0.00397525
0.00880522, 0.00395653
0.00875963, 0.00393524
0.00871416, 0.00391563
0.00867008, 0.0038955
0.00862276, 0.00387422
0.00857935, 0.00385343
0.00853274, 0.0038332
0.0084891, 0.00381469
0.00844567, 0.00379594
0.00840124, 0.00377442
0.0083581, 0.00375608
0.0083148, 0.00373683
0.00827079, 0.00371548
0.00822746, 0.0036959
0.00818555, 0.00367771
0.00814249, 0.00365825
0.00810026, 0.0036407
0.00805842, 0.00362133
0.00801632, 0.00360323
0.00797444, 0.00358313
0.00793273, 0.00356503
0.00789217, 0.00354684
0.00785133, 0.00352882
0.00780922, 0.00351025
0.00776891, 0.00349045
0.0077285, 0.00347292
0.00768834, 0.0034558
0.00764841, 0.00343669
0.00760786, 0.00341877
0.00756824, 0.00340038
0.00752809, 0.00338317
0.0074881, 0.00336604
0.00744986, 0.00334891
0.00741124, 0.00333006
0.00737268, 0.00331334
0.00733327, 0.00329614
0.00729517, 0.00327897
0.0072581, 0.00326198
0.00721907, 0.00324493
0.0071823, 0.0032281
0.00714535, 0.00321168
0.0071073, 0.00319487
0.00706935, 0.00317786
0.00703217, 0.00315998
