5.63149, 0.279477
5.63103, 0.279478
5.62965, 0.27948
5.62736, 0.279483
5.62415, 0.279488
5.62004, 0.279494
5.61503, 0.279502
5.60912, 0.279512
5.60233, 0.279524
5.59467, 0.279538
5.58615, 0.279555
5.57678, 0.279574
5.56658, 0.279595
5.55557, 0.279619
5.54376, 0.279646
5.53117, 0.279676
5.51783, 0.279709
5.50374, 0.279745
5.48894, 0.279783
5.47345, 0.279825
5.45728, 0.27987
5.44047, 0.279918
5.42303, 0.279968
5.405, 0.280022
5.38639, 0.280078
5.36723, 0.280137
5.34755, 0.280198
5.32737, 0.280262
5.30672, 0.280328
5.28562, 0.280395
5.26411, 0.280465
5.24219, 0.280536
5.21991, 0.280609
5.19728, 0.280683
5.17433, 0.280757
5.15108, 0.280833
5.12756, 0.280909
5.10378, 0.280986
5.07978, 0.281062
5.05558, 0.281139
5.03118, 0.281215
5.00663, 0.281291
4.98193, 0.281366
4.9571, 0.281441
4.93218, 0.281515
4.90716, 0.281587
4.88208, 0.281659
4.85694, 0.281729
4.83177, 0.281798
4.80658, 0.281865
4.78138, 0.281931
4.75619, 0.281996
4.73103, 0.282059
4.7059, 0.28212
4.68081, 0.282179
4.65579, 0.282237
4.63083, 0.282294
4.60596, 0.282348
4.58118, 0.282401
4.5565, 0.282452
4.53192, 0.282502
4.50746, 0.282551
4.48313, 0.282597
4.45892, 0.282643
4.43485, 0.282687
4.41093, 0.28273
4.38715, 0.282771
4.36353, 0.282812
4.34006, 0.282851
4.31676, 0.282889
4.29363, 0.282927
4.27066, 0.282963
4.24787, 0.282998
4.22525, 0.283033
4.20281, 0.283067
4.18055, 0.2831
4.15847, 0.283133
4.13658, 0.283165
4.11487, 0.283197
4.09335, 0.283228
4.07202, 0.283259
4.05087, 0.283289
4.02991, 0.283319
4.00913, 0.283349
3.98855, 0.283378
3.96815, 0.283407
3.94794, 0.283436
3.92791, 0.283465
3.90807, 0.283493
3.88842, 0.283521
3.86895, 0.283549
3.84966, 0.283577
3.83056, 0.283605
3.81163, 0.283632
3.79289, 0.28366
3.77432, 0.283687
3.75593, 0.283714
3.73771, 0.283741
3.71967, 0.283767
3.7018, 0.283793
3.68409, 0.283819
3.65486, 0.283863
3.626, 0.283906
3.59758, 0.283948
3.56961, 0.283988
3.54207, 0.284028
3.51496, 0.284066
3.48826, 0.284102
3.46196, 0.284137
3.43606, 0.284169
3.41054, 0.284199
3.3854, 0.284227
3.36062, 0.284252
3.33619, 0.284274
3.31212, 0.284294
3.28837, 0.284309
3.26496, 0.284322
3.24186, 0.28433
3.21907, 0.284334
3.19658, 0.284334
3.17438, 0.28433
3.15247, 0.284321
3.13083, 0.284307
3.10945, 0.284288
3.08834, 0.284263
3.06747, 0.284232
3.04685, 0.284196
3.02646, 0.284154
3.00631, 0.284105
2.98637, 0.284049
2.96666, 0.283987
2.94715, 0.283918
2.92784, 0.283842
2.90873, 0.283758
2.88981, 0.283666
2.87108, 0.283567
2.85252, 0.283459
2.83414, 0.283344
2.81593, 0.28322
2.79788, 0.283087
2.77999, 0.282946
2.76226, 0.282796
2.74468, 0.282637
2.72724, 0.282468
2.70994, 0.28229
2.69279, 0.282103
2.67577, 0.281906
2.65887, 0.2817
2.64211, 0.281483
2.62547, 0.281257
2.60895, 0.281021
2.59255, 0.280774
2.57626, 0.280518
2.56009, 0.280251
2.54402, 0.279974
2.52806, 0.279687
2.51221, 0.279389
2.49646, 0.279081
2.48081, 0.278762
2.46526, 0.278434
2.4498, 0.278094
2.43444, 0.277745
2.41917, 0.277385
2.40399, 0.277014
2.38891, 0.276633
2.37391, 0.276243
2.35899, 0.275841
2.34417, 0.27543
2.32943, 0.275009
2.31477, 0.274578
2.30019, 0.274137
2.2857, 0.273686
2.27129, 0.273225
2.25695, 0.272755
2.2427, 0.272276
2.22853, 0.271787
2.21443, 0.271289
2.20041, 0.270783
2.18647, 0.270267
2.1726, 0.269743
2.15881, 0.26921
2.1451, 0.268669
2.13146, 0.26812
2.1179, 0.267564
2.10441, 0.266999
2.091, 0.266427
2.07766, 0.265848
2.0644, 0.265261
2.05121, 0.264668
2.0381, 0.264069
2.02506, 0.263462
2.0121, 0.26285
1.99921, 0.262232
1.9864, 0.261608
1.97366, 0.260979
1.96099, 0.260345
1.9484, 0.259705
1.93589, 0.259061
1.92345, 0.258413
1.91108, 0.257761
1.8988, 0.257104
1.86949, 0.255516
1.84049, 0.25391
1.81194, 0.252291
1.78384, 0.25066
1.75618, 0.249022
1.72898, 0.24738
1.70224, 0.245738
1.67595, 0.244099
1.65012, 0.242467
1.62475, 0.240844
1.59984, 0.239233
1.5754, 0.237637
1.55143, 0.23606
1.52792, 0.234502
1.50487, 0.232968
1.48229, 0.231459
1.46017, 0.229976
1.43851, 0.228523
1.41732, 0.2271
1.39658, 0.225708
1.3763, 0.22435
1.35647, 0.223026
1.33709, 0.221737
1.31816, 0.220485
1.29967, 0.219268
1.28162, 0.218089
1.264, 0.216946
1.24681, 0.215841
1.23004, 0.214774
1.2137, 0.213743
1.19776, 0.21275
1.18223, 0.211794
1.1671, 0.210874
1.15236, 0.20999
1.13801, 0.209141
1.12404, 0.208327
1.11045, 0.207546
1.09722, 0.206799
1.08436, 0.206085
1.07185, 0.205402
1.05968, 0.204749
1.04785, 0.204127
1.03636, 0.203533
1.02519, 0.202968
1.01434, 0.202429
1.0038, 0.201916
0.99357, 0.201429
0.983634, 0.200966
0.973987, 0.200525
0.964624, 0.200108
0.955537, 0.199712
0.946721, 0.199336
0.938167, 0.19898
0.929869, 0.198642
0.921822, 0.198323
0.914017, 0.198021
0.90645, 0.197735
0.899114, 0.197465
0.892002, 0.19721
0.885108, 0.196969
0.878427, 0.196741
0.871953, 0.196526
0.86568, 0.196323
0.859602, 0.196132
0.853713, 0.195952
0.84801, 0.195782
0.842485, 0.195622
0.837134, 0.195471
0.831952, 0.195329
0.826935, 0.195196
0.822076, 0.19507
0.817372, 0.194952
0.812817, 0.194841
0.808408, 0.194736
0.80414, 0.194638
0.800009, 0.194546
0.79601, 0.19446
0.79214, 0.194378
0.788395, 0.194302
0.78477, 0.194231
0.781263, 0.194163
0.777869, 0.194101
0.774584, 0.194042
0.771407, 0.193986
0.768332, 0.193935
0.765357, 0.193886
0.76248, 0.193841
0.759696, 0.193798
0.757002, 0.193758
0.754397, 0.193721
0.751876, 0.193687
0.749438, 0.193654
0.74708, 0.193624
0.744798, 0.193596
0.742592, 0.193569
0.740457, 0.193544
0.738393, 0.193521
0.736396, 0.1935
0.734465, 0.19348
0.732597, 0.193462
0.728859, 0.193426
0.725334, 0.193396
0.722046, 0.19337
0.718978, 0.193347
0.716117, 0.193328
0.713447, 0.193312
0.710956, 0.193299
0.708632, 0.193287
0.706464, 0.193278
0.70444, 0.19327
0.702551, 0.193264
0.700788, 0.193258
0.699142, 0.193254
0.697604, 0.193251
0.696168, 0.193249
0.694827, 0.193247
0.693573, 0.193246
0.692402, 0.193245
0.691306, 0.193244
0.690281, 0.193244
0.689322, 0.193244
0.688425, 0.193245
0.687584, 0.193245
0.686797, 0.193246
0.686059, 0.193247
0.685366, 0.193247
0.684717, 0.193248
0.684107, 0.193249
0.683534, 0.19325
0.682995, 0.193251
0.682488, 0.193252
0.68201, 0.193253
0.68156, 0.193254
0.681136, 0.193255
0.680735, 0.193255
0.680357, 0.193256
0.679998, 0.193257
0.679659, 0.193257
0.679337, 0.193258
0.679032, 0.193258
0.678742, 0.193259
0.678466, 0.193259
0.678203, 0.193259
0.677952, 0.19326
0.677712, 0.19326
0.677483, 0.19326
0.677263, 0.19326
0.677052, 0.19326
0.67685, 0.19326
0.676655, 0.19326
0.676467, 0.19326
0.676285, 0.193259
0.67611, 0.193259
0.67594, 0.193259
0.675775, 0.193258
0.675615, 0.193258
0.675459, 0.193257
0.675307, 0.193257
0.675159, 0.193256
0.675014, 0.193256
0.674873, 0.193255
0.674734, 0.193254
0.674598, 0.193253
0.674464, 0.193252
0.674332, 0.193251
0.674202, 0.19325
0.674074, 0.193249
0.673948, 0.193248
0.673823, 0.193247
0.673699, 0.193246
0.673577, 0.193245
0.673455, 0.193244
0.673335, 0.193242
0.673215, 0.193241
0.673096, 0.19324
0.672978, 0.193238
0.67286, 0.193237
0.672743, 0.193235
0.672626, 0.193234
0.672509, 0.193232
0.672393, 0.19323
0.672277, 0.193229
0.672161, 0.193227
0.672045, 0.193225
0.671929, 0.193223
0.671813, 0.193221
0.671697, 0.19322
0.671581, 0.193218
0.671465, 0.193216
0.671348, 0.193214
0.671232, 0.193211
0.671115, 0.193209
0.670998, 0.193207
0.670881, 0.193205
0.670763, 0.193203
0.670645, 0.1932
0.670527, 0.193198
0.670408, 0.193195
0.670289, 0.193193
0.67017, 0.19319
0.67005, 0.193188
0.66993, 0.193185
0.669809, 0.193183
0.669688, 0.19318
0.669566, 0.193177
0.669444, 0.193174
0.669322, 0.193171
0.669199, 0.193169
0.669075, 0.193166
0.668951, 0.193163
0.668826, 0.19316
0.668701, 0.193156
0.668576, 0.193153
0.66845, 0.19315
0.668323, 0.193147
0.668196, 0.193143
0.668068, 0.19314
0.66794, 0.193137
0.667811, 0.193133
0.667681, 0.19313
0.667551, 0.193126
0.667421, 0.193123
0.66729, 0.193119
0.667158, 0.193115
0.667026, 0.193111
0.666893, 0.193107
0.66676, 0.193104
0.666626, 0.1931
0.666491, 0.193096
0.666356, 0.193092
0.66622, 0.193087
0.666084, 0.193083
0.665947, 0.193079
0.66581, 0.193075
0.665672, 0.19307
0.665533, 0.193066
0.665394, 0.193061
0.665254, 0.193057
0.665114, 0.193052
0.664973, 0.193048
0.664832, 0.193043
0.66469, 0.193038
0.664547, 0.193033
0.664404, 0.193029
0.66426, 0.193024
0.664116, 0.193019
0.663971, 0.193014
0.663825, 0.193008
0.663679, 0.193003
0.663532, 0.192998
0.663385, 0.192993
0.663237, 0.192987
0.663088, 0.192982
0.662939, 0.192976
0.66279, 0.192971
0.662639, 0.192965
0.662489, 0.192959
0.662337, 0.192954
0.662185, 0.192948
0.662033, 0.192942
0.661879, 0.192936
0.661726, 0.19293
0.661571, 0.192924
0.661417, 0.192918
0.661261, 0.192911
0.661105, 0.192905
0.660948, 0.192899
0.660791, 0.192892
0.660633, 0.192886
0.660475, 0.192879
0.660316, 0.192873
0.660157, 0.192866
0.659997, 0.192859
0.659836, 0.192852
0.659675, 0.192845
0.659513, 0.192838
0.659351, 0.192831
0.659188, 0.192824
0.659024, 0.192817
0.65886, 0.19281
0.658695, 0.192802
0.65853, 0.192795
0.658364, 0.192787
0.658198, 0.19278
0.658031, 0.192772
0.657864, 0.192764
0.657696, 0.192757
0.657527, 0.192749
0.657358, 0.192741
0.657188, 0.192733
0.657018, 0.192725
0.656847, 0.192717
0.656676, 0.192708
0.656504, 0.1927
0.656331, 0.192692
0.656158, 0.192683
0.655984, 0.192675
0.65581, 0.192666
0.655635, 0.192657
0.65546, 0.192649
0.655284, 0.19264
0.655107, 0.192631
0.65493, 0.192622
0.654753, 0.192613
0.654575, 0.192603
0.654396, 0.192594
0.654217, 0.192585
0.654037, 0.192575
0.653857, 0.192566
0.653676, 0.192556
0.653494, 0.192547
0.653312, 0.192537
0.65313, 0.192527
0.652947, 0.192517
0.652763, 0.192507
0.652579, 0.192497
0.652394, 0.192487
0.652209, 0.192477
0.652023, 0.192467
0.651837, 0.192456
0.65165, 0.192446
0.651463, 0.192435
0.651275, 0.192424
0.651086, 0.192414
0.650897, 0.192403
0.650707, 0.192392
0.650517, 0.192381
0.650327, 0.19237
0.650135, 0.192359
0.649944, 0.192348
0.649751, 0.192336
0.649558, 0.192325
0.649365, 0.192313
0.649171, 0.192302
0.648977, 0.19229
0.648782, 0.192278
0.648586, 0.192266
0.64839, 0.192255
0.648194, 0.192242
0.647997, 0.19223
0.647799, 0.192218
0.647601, 0.192206
0.647402, 0.192193
0.647203, 0.192181
0.647003, 0.192168
0.646803, 0.192156
0.646602, 0.192143
0.646401, 0.19213
0.646199, 0.192117
0.645997, 0.192104
0.645794, 0.192091
0.645591, 0.192078
0.645387, 0.192065
0.645183, 0.192051
0.644978, 0.192038
0.644772, 0.192024
0.644566, 0.19201
0.64436, 0.191997
0.644153, 0.191983
0.643945, 0.191969
0.643737, 0.191955
0.643529, 0.191941
0.64332, 0.191926
0.64311, 0.191912
0.6429, 0.191898
0.642689, 0.191883
0.642478, 0.191869
0.642267, 0.191854
0.642055, 0.191839
0.641842, 0.191824
0.641629, 0.191809
0.641415, 0.191794
0.641201, 0.191779
0.640987, 0.191764
0.640772, 0.191748
0.640556, 0.191733
0.64034, 0.191717
0.640123, 0.191701
0.639906, 0.191686
0.639688, 0.19167
0.63947, 0.191654
0.639252, 0.191638
0.639033, 0.191622
0.638813, 0.191605
0.638593, 0.191589
0.638372, 0.191572
0.638151, 0.191556
0.63793, 0.191539
0.637708, 0.191522
0.637485, 0.191505
0.637262, 0.191489
0.637038, 0.191471
0.636814, 0.191454
0.63659, 0.191437
0.636365, 0.19142
0.636139, 0.191402
0.635913, 0.191384
0.635687, 0.191367
0.63546, 0.191349
0.635233, 0.191331
0.634776, 0.191295
0.634318, 0.191259
0.633858, 0.191222
0.633395, 0.191184
0.632931, 0.191147
0.632465, 0.191108
0.631998, 0.19107
0.631528, 0.191031
0.631056, 0.190992
0.630583, 0.190952
0.630107, 0.190911
0.62963, 0.190871
0.629151, 0.19083
0.62867, 0.190788
0.628188, 0.190746
0.627703, 0.190704
0.627217, 0.190661
0.626729, 0.190617
0.626239, 0.190574
0.625747, 0.190529
0.625253, 0.190485
0.624758, 0.19044
0.624261, 0.190394
0.623762, 0.190348
0.623261, 0.190302
0.622759, 0.190255
0.622254, 0.190207
0.621748, 0.19016
0.621241, 0.190111
0.620731, 0.190063
0.62022, 0.190013
0.619707, 0.189964
0.619193, 0.189914
0.618677, 0.189863
0.618159, 0.189812
0.617639, 0.189761
0.617118, 0.189709
0.616594, 0.189656
0.61607, 0.189603
0.615543, 0.18955
0.615015, 0.189496
0.614486, 0.189442
0.613954, 0.189387
0.613421, 0.189332
0.612887, 0.189276
0.612351, 0.18922
0.611813, 0.189163
0.611273, 0.189106
0.610732, 0.189048
0.61019, 0.18899
0.609646, 0.188932
0.6091, 0.188873
0.608553, 0.188813
0.608004, 0.188753
0.607453, 0.188693
0.606901, 0.188632
0.606348, 0.18857
0.605793, 0.188508
0.605236, 0.188446
0.604678, 0.188383
0.604118, 0.188319
0.603557, 0.188255
0.602994, 0.188191
0.60243, 0.188126
0.601865, 0.188061
0.601298, 0.187995
0.600729, 0.187928
0.600159, 0.187861
0.599588, 0.187794
0.599015, 0.187726
0.59844, 0.187658
0.597864, 0.187589
0.597287, 0.187519
0.596709, 0.18745
0.596129, 0.187379
0.595547, 0.187308
0.594964, 0.187237
0.59438, 0.187165
0.593794, 0.187093
0.593207, 0.18702
0.592619, 0.186946
0.592029, 0.186872
0.591438, 0.186798
0.590846, 0.186723
0.590252, 0.186648
0.589657, 0.186572
0.58906, 0.186495
0.588463, 0.186419
0.587864, 0.186341
0.587263, 0.186263
0.586662, 0.186185
0.586059, 0.186106
0.585454, 0.186026
0.584849, 0.185946
0.584242, 0.185866
0.583634, 0.185785
0.583025, 0.185703
0.582414, 0.185621
0.581803, 0.185539
0.58119, 0.185456
0.580514, 0.185364
0.579837, 0.185271
0.579158, 0.185178
0.578478, 0.185084
0.577797, 0.18499
0.577114, 0.184895
0.576429, 0.184799
0.575744, 0.184703
0.575056, 0.184606
0.574368, 0.184509
0.573678, 0.184411
0.572986, 0.184312
0.572294, 0.184212
0.5716, 0.184112
0.570904, 0.184012
0.570208, 0.183911
0.56951, 0.183809
0.56881, 0.183706
0.56811, 0.183603
0.567408, 0.1835
0.566705, 0.183395
0.566, 0.18329
0.565294, 0.183185
0.564587, 0.183079
0.563879, 0.182972
0.56317, 0.182864
0.562459, 0.182756
0.561747, 0.182648
0.561034, 0.182538
0.560319, 0.182429
0.559604, 0.182318
0.558887, 0.182207
0.558169, 0.182095
0.55745, 0.181983
0.55673, 0.18187
0.556009, 0.181756
0.555287, 0.181642
0.554563, 0.181527
0.553838, 0.181412
0.553113, 0.181296
0.552386, 0.181179
0.551658, 0.181062
0.550929, 0.180944
0.550199, 0.180825
0.549468, 0.180706
0.548736, 0.180586
0.548003, 0.180466
0.547268, 0.180345
0.546533, 0.180224
0.545797, 0.180101
0.54506, 0.179979
0.544322, 0.179855
0.543582, 0.179731
0.542842, 0.179607
0.542101, 0.179482
0.541359, 0.179356
0.540616, 0.179229
0.539872, 0.179102
0.539128, 0.178975
0.538382, 0.178847
0.537635, 0.178718
0.536888, 0.178588
0.536139, 0.178458
0.53539, 0.178328
0.53464, 0.178197
0.533889, 0.178065
0.533137, 0.177932
0.532384, 0.177799
0.531631, 0.177666
0.530877, 0.177532
0.530122, 0.177397
0.529366, 0.177262
0.528609, 0.177126
0.527852, 0.176989
0.527093, 0.176852
0.526334, 0.176714
0.525575, 0.176576
0.524814, 0.176437
0.524053, 0.176298
0.523291, 0.176158
0.522528, 0.176017
0.521765, 0.175876
0.521001, 0.175734
0.520236, 0.175592
0.519471, 0.175449
0.518705, 0.175306
0.517938, 0.175162
0.51717, 0.175017
0.516402, 0.174872
0.515634, 0.174726
0.514864, 0.17458
0.514094, 0.174433
0.513324, 0.174286
0.512553, 0.174138
0.511781, 0.173989
0.511009, 0.17384
0.510236, 0.17369
0.509462, 0.17354
0.508688, 0.173389
0.507914, 0.173238
0.506857, 0.173031
0.505798, 0.172823
0.504739, 0.172614
0.503678, 0.172403
0.502617, 0.172192
0.501555, 0.17198
0.500492, 0.171767
0.499428, 0.171552
0.498364, 0.171337
0.497298, 0.171121
0.496232, 0.170904
0.495165, 0.170685
0.494097, 0.170466
0.493029, 0.170246
0.491959, 0.170025
0.49089, 0.169803
0.489819, 0.16958
0.488748, 0.169356
0.487676, 0.169131
0.486604, 0.168905
0.485531, 0.168678
0.484457, 0.168451
0.483383, 0.168222
0.482309, 0.167992
0.481234, 0.167762
0.480158, 0.167531
0.479082, 0.167298
0.478006, 0.167065
0.476929, 0.166831
0.475852, 0.166596
0.474775, 0.16636
0.473697, 0.166123
0.472618, 0.165885
0.47154, 0.165647
0.470461, 0.165408
0.469382, 0.165167
0.468303, 0.164926
0.467223, 0.164684
0.466143, 0.164441
0.465063, 0.164198
0.463983, 0.163953
0.462903, 0.163708
0.461822, 0.163462
0.460742, 0.163215
0.459661, 0.162967
0.45858, 0.162718
0.457499, 0.162469
0.456419, 0.162219
0.455338, 0.161968
0.454257, 0.161716
0.453176, 0.161463
0.452095, 0.16121
0.451014, 0.160956
0.449933, 0.160701
0.448853, 0.160445
0.447772, 0.160189
0.446692, 0.159932
0.445611, 0.159674
0.444531, 0.159416
0.443451, 0.159156
0.442371, 0.158896
0.441292, 0.158635
0.440212, 0.158374
0.439133, 0.158112
0.438054, 0.157849
0.436976, 0.157585
0.435897, 0.157321
0.434819, 0.157056
0.433741, 0.156791
0.432664, 0.156524
0.431587, 0.156257
0.43051, 0.15599
0.429434, 0.155722
0.428358, 0.155453
0.427283, 0.155183
0.426208, 0.154913
0.425133, 0.154642
0.424059, 0.154371
0.422985, 0.154099
0.421912, 0.153826
0.42084, 0.153553
0.419768, 0.153279
0.418696, 0.153005
0.417625, 0.15273
0.416555, 0.152454
0.415485, 0.152178
0.414416, 0.151901
0.413347, 0.151624
0.412279, 0.151346
0.411212, 0.151068
0.410145, 0.150789
0.409079, 0.15051
0.408014, 0.15023
0.406949, 0.149949
0.405885, 0.149668
0.404822, 0.149387
0.40376, 0.149105
0.402698, 0.148822
0.401637, 0.148539
0.400577, 0.148256
0.399518, 0.147972
0.398459, 0.147687
0.397402, 0.147403
0.396345, 0.147117
0.395289, 0.146831
0.394234, 0.146545
0.39318, 0.146258
0.392126, 0.145971
0.391074, 0.145684
0.390022, 0.145396
0.388972, 0.145107
0.387922, 0.144819
0.386874, 0.14453
0.385826, 0.14424
0.384779, 0.14395
0.383734, 0.14366
0.382689, 0.143369
0.381645, 0.143078
0.380603, 0.142786
0.379561, 0.142495
0.37852, 0.142202
0.377481, 0.14191
0.376443, 0.141617
0.375405, 0.141324
0.374369, 0.14103
0.373334, 0.140736
0.3723, 0.140442
0.371267, 0.140148
0.370235, 0.139853
0.369205, 0.139558
0.368175, 0.139263
0.367147, 0.138967
0.36612, 0.138671
0.365094, 0.138375
0.36407, 0.138078
0.363046, 0.137782
0.362024, 0.137485
0.361003, 0.137187
0.359983, 0.13689
0.358965, 0.136592
0.357948, 0.136294
0.356932, 0.135996
0.355917, 0.135698
0.354904, 0.135399
0.353892, 0.1351
0.352881, 0.134801
0.351872, 0.134502
0.350864, 0.134203
0.349857, 0.133903
0.348852, 0.133603
0.347848, 0.133303
0.346845, 0.133003
0.345844, 0.132703
0.344844, 0.132403
0.343846, 0.132102
0.342849, 0.131801
0.341853, 0.1315
0.340859, 0.1312
0.339866, 0.130898
0.338875, 0.130597
0.337885, 0.130296
0.336896, 0.129994
0.335909, 0.129693
0.334924, 0.129391
0.33394, 0.12909
0.332957, 0.128788
0.331976, 0.128486
0.330997, 0.128184
0.330019, 0.127882
0.329042, 0.12758
0.328067, 0.127277
0.327094, 0.126975
0.326122, 0.126673
0.325151, 0.126371
0.324183, 0.126068
0.323215, 0.125766
0.32225, 0.125464
0.321286, 0.125161
0.320323, 0.124859
0.319362, 0.124556
0.318403, 0.124254
0.317445, 0.123951
0.316489, 0.123649
0.315534, 0.123346
0.314582, 0.123044
0.31363, 0.122741
0.312681, 0.122439
0.311733, 0.122137
0.310786, 0.121834
0.309841, 0.121532
0.308898, 0.12123
0.307957, 0.120928
0.307017, 0.120626
0.306079, 0.120323
0.305143, 0.120021
0.304208, 0.11972
0.303275, 0.119418
0.302344, 0.119116
0.301414, 0.118814
0.300486, 0.118513
0.29956, 0.118211
0.298636, 0.11791
0.297713, 0.117608
0.296792, 0.117307
0.295872, 0.117006
0.294955, 0.116705
0.294039, 0.116404
0.293125, 0.116103
0.292212, 0.115803
0.291302, 0.115502
0.290393, 0.115202
0.289486, 0.114902
0.28858, 0.114602
0.287677, 0.114302
0.286775, 0.114002
0.285875, 0.113703
0.284977, 0.113403
0.28408, 0.113104
0.283186, 0.112805
0.282293, 0.112506
0.281402, 0.112208
0.280513, 0.111909
0.279625, 0.111611
0.278739, 0.111313
0.277856, 0.111015
0.276973, 0.110717
0.276093, 0.11042
0.275215, 0.110123
0.274338, 0.109826
0.273463, 0.109529
0.272591, 0.109232
0.271719, 0.108936
0.27085, 0.10864
0.269983, 0.108344
0.269117, 0.108048
0.268253, 0.107753
0.267391, 0.107458
0.266531, 0.107163
0.265673, 0.106868
0.264817, 0.106574
0.263962, 0.10628
0.26311, 0.105986
0.262259, 0.105692
0.26141, 0.105399
0.260563, 0.105106
0.259718, 0.104813
0.258875, 0.104521
0.258033, 0.104228
0.257194, 0.103937
0.256356, 0.103645
0.25552, 0.103354
0.254686, 0.103063
0.253854, 0.102772
0.253024, 0.102482
0.252196, 0.102192
0.251369, 0.101902
0.250545, 0.101613
0.249722, 0.101323
0.248901, 0.101035
0.248083, 0.100746
0.247266, 0.100458
0.246451, 0.10017
0.245637, 0.099883
0.244826, 0.0995959
0.244017, 0.0993092
0.243209, 0.0990228
0.242404, 0.0987368
0.2416, 0.0984511
0.240798, 0.0981658
0.239999, 0.0978808
0.239201, 0.0975962
0.238405, 0.097312
0.23761, 0.0970282
0.236818, 0.0967447
0.236028, 0.0964616
0.23524, 0.0961789
0.234453, 0.0958965
0.233668, 0.0956145
0.232886, 0.095333
0.232105, 0.0950518
0.231326, 0.094771
0.230549, 0.0944906
0.229774, 0.0942106
0.229001, 0.093931
0.22823, 0.0936518
0.22746, 0.093373
0.226693, 0.0930946
0.225928, 0.0928166
0.225164, 0.092539
0.224402, 0.0922619
0.223643, 0.0919851
0.222885, 0.0917088
0.222129, 0.0914329
0.221375, 0.0911574
0.220623, 0.0908824
0.219873, 0.0906078
0.219124, 0.0903336
0.218378, 0.0900598
0.217633, 0.0897865
0.216891, 0.0895136
0.215903, 0.0891503
0.214919, 0.0887878
0.213938, 0.088426
0.21296, 0.088065
0.211986, 0.0877048
0.211015, 0.0873454
0.210048, 0.0869868
0.209084, 0.0866291
0.208123, 0.0862721
0.207166, 0.085916
0.206212, 0.0855607
0.205261, 0.0852063
0.204314, 0.0848527
0.20337, 0.0844999
0.20243, 0.084148
0.201493, 0.0837969
0.200559, 0.0834467
0.199629, 0.0830973
0.198702, 0.0827488
0.197778, 0.0824012
0.196858, 0.0820544
0.195941, 0.0817085
0.195027, 0.0813635
0.194117, 0.0810193
0.19321, 0.0806761
0.192306, 0.0803337
0.191406, 0.0799922
0.190509, 0.0796516
0.189616, 0.0793119
0.188725, 0.0789731
0.187838, 0.0786352
0.186955, 0.0782983
0.186074, 0.0779622
0.185197, 0.077627
0.184323, 0.0772927
0.183453, 0.0769594
0.182586, 0.076627
0.181722, 0.0762955
0.180861, 0.0759649
0.180004, 0.0756352
0.17915, 0.0753065
0.178299, 0.0749787
0.177452, 0.0746519
0.176607, 0.0743259
0.175766, 0.0740009
0.174928, 0.0736769
0.174094, 0.0733538
0.173262, 0.0730316
0.172434, 0.0727104
0.171609, 0.0723901
0.170788, 0.0720708
0.169969, 0.0717524
0.169154, 0.071435
0.168342, 0.0711185
0.167533, 0.070803
0.166727, 0.0704885
0.165925, 0.0701749
0.165125, 0.0698622
0.164329, 0.0695505
0.163536, 0.0692398
0.162746, 0.0689301
0.16196, 0.0686213
0.161176, 0.0683135
0.160396, 0.0680066
0.159618, 0.0677007
0.158844, 0.0673958
0.158073, 0.0670918
0.157305, 0.0667889
0.15654, 0.0664869
0.155779, 0.0661858
0.15502, 0.0658858
0.154264, 0.0655867
0.153512, 0.0652885
0.152762, 0.0649914
0.152016, 0.0646952
0.151273, 0.0644001
0.150532, 0.0641058
0.149795, 0.0638126
0.149061, 0.0635203
0.14833, 0.0632291
0.147602, 0.0629388
0.146876, 0.0626494
0.146154, 0.0623611
0.145435, 0.0620737
0.144719, 0.0617873
0.144006, 0.0615019
0.143296, 0.0612175
0.142588, 0.060934
0.141884, 0.0606515
0.141183, 0.06037
0.140484, 0.0600895
0.139789, 0.05981
0.139096, 0.0595314
0.138407, 0.0592538
0.13772, 0.0589772
0.137036, 0.0587015
0.136355, 0.0584269
0.135677, 0.0581532
0.135002, 0.0578805
0.13433, 0.0576087
0.133661, 0.057338
0.132994, 0.0570682
0.132331, 0.0567994
0.13167, 0.0565315
0.131012, 0.0562647
0.130357, 0.0559988
0.129704, 0.0557338
0.129055, 0.0554699
0.128408, 0.0552069
0.127764, 0.0549449
0.127123, 0.0546838
0.126485, 0.0544237
0.125849, 0.0541646
0.125217, 0.0539065
0.124587, 0.0536493
0.123959, 0.053393
0.123335, 0.0531378
0.122713, 0.0528834
0.122094, 0.0526301
0.121477, 0.0523777
0.120864, 0.0521263
0.120253, 0.0518758
0.119644, 0.0516263
0.119039, 0.0513777
0.118436, 0.0511301
0.117836, 0.0508834
0.117238, 0.0506377
0.116643, 0.0503929
0.116051, 0.0501491
0.115461, 0.0499062
0.114874, 0.0496643
0.114289, 0.0494233
0.113708, 0.0491832
0.113128, 0.0489441
0.112552, 0.048706
0.111978, 0.0484687
0.111406, 0.0482324
0.110837, 0.047997
0.110271, 0.0477626
0.109707, 0.0475291
0.109145, 0.0472965
0.108587, 0.0470649
0.10803, 0.0468342
0.107477, 0.0466044
0.106925, 0.0463755
0.106377, 0.0461475
0.105831, 0.0459205
0.105287, 0.0456944
0.104745, 0.0454692
0.104207, 0.0452449
0.10367, 0.0450215
0.103136, 0.044799
0.102605, 0.0445775
0.102076, 0.0443568
0.101549, 0.044137
0.101025, 0.0439182
0.100503, 0.0437002
0.0999837, 0.0434832
0.0994666, 0.043267
0.098952, 0.0430518
0.0984397, 0.0428374
0.0979298, 0.0426239
0.0974222, 0.0424113
0.096917, 0.0421996
0.0964141, 0.0419888
0.0959136, 0.0417788
0.0954153, 0.0415698
0.0949194, 0.0413616
0.0944258, 0.0411543
0.0939345, 0.0409479
0.0934454, 0.0407423
0.0929587, 0.0405376
0.0924742, 0.0403338
0.091992, 0.0401308
0.091512, 0.0399287
0.0910343, 0.0397275
0.0905588, 0.0395271
0.0900855, 0.0393276
0.0896145, 0.0391289
0.0891457, 0.0389311
0.088679, 0.0387341
0.0882146, 0.038538
0.0877524, 0.0383427
0.0872923, 0.0381483
0.0868344, 0.0379547
0.0863787, 0.037762
0.0859252, 0.0375701
0.0854737, 0.037379
0.0850245, 0.0371887
0.0845773, 0.0369993
0.0841323, 0.0368107
0.0836894, 0.0366229
0.0832485, 0.036436
0.0828098, 0.0362499
0.0823732, 0.0360646
0.0819387, 0.0358801
0.0815062, 0.0356964
0.0810758, 0.0355135
0.0806475, 0.0353315
0.0802212, 0.0351502
0.0797969, 0.0349697
0.0793747, 0.0347901
0.0789545, 0.0346112
0.0785363, 0.0344332
0.0781201, 0.0342559
0.077706, 0.0340794
0.0772938, 0.0339037
0.0768836, 0.0337288
0.0764754, 0.0335547
0.0760691, 0.0333814
0.0756649, 0.0332088
0.0752625, 0.0330371
0.0748621, 0.0328661
0.0744637, 0.0326958
0.0740672, 0.0325264
0.0736726, 0.0323577
0.0732799, 0.0321897
0.0728891, 0.0320226
0.0725003, 0.0318562
0.0721133, 0.0316905
0.0717282, 0.0315256
0.071345, 0.0313614
0.0709636, 0.031198
0.0705841, 0.0310354
0.0702065, 0.0308735
0.0698307, 0.0307123
0.0694567, 0.0305519
0.0690846, 0.0303922
0.0687143, 0.0302333
0.0683458, 0.030075
0.0679791, 0.0299175
0.0676142, 0.0297608
0.0672511, 0.0296047
0.0668898, 0.0294494
0.0665303, 0.0292948
0.0661725, 0.0291409
0.0658165, 0.0289878
0.0654623, 0.0288353
0.0651098, 0.0286836
0.064759, 0.0285325
0.06441, 0.0283822
0.0640627, 0.0282326
0.0637171, 0.0280836
0.0633733, 0.0279354
0.0630311, 0.0277878
0.0626906, 0.027641
0.0623519, 0.0274948
0.0620148, 0.0273494
0.0616793, 0.0272046
0.0613456, 0.0270605
0.0610135, 0.0269171
0.060683, 0.0267743
0.0603542, 0.0266322
0.0600271, 0.0264908
0.0597015, 0.0263501
0.0593776, 0.02621
0.0590554, 0.0260706
0.0587347, 0.0259319
0.0584156, 0.0257938
0.0580981, 0.0256564
0.0577822, 0.0255196
0.0574679, 0.0253835
0.0571552, 0.0252481
0.0568441, 0.0251132
0.0565345, 0.0249791
0.0562264, 0.0248455
0.0559199, 0.0247127
0.055615, 0.0245804
0.0553116, 0.0244488
0.0550097, 0.0243178
0.0547093, 0.0241875
0.0544104, 0.0240577
0.0541131, 0.0239286
0.0538172, 0.0238002
0.0535229, 0.0236723
0.05323, 0.0235451
0.0529386, 0.0234184
0.0526487, 0.0232924
0.0523603, 0.023167
0.0520733, 0.0230423
0.0517878, 0.0229181
0.0515037, 0.0227945
0.0512211, 0.0226715
0.0509399, 0.0225491
0.0506601, 0.0224274
0.0503817, 0.0223062
0.0501048, 0.0221856
0.0498293, 0.0220656
0.0495551, 0.0219461
0.0492824, 0.0218273
0.0490111, 0.0217091
0.0487411, 0.0215914
0.0484725, 0.0214743
0.0482053, 0.0213578
0.0479395, 0.0212418
0.047675, 0.0211264
0.0474119, 0.0210116
0.0471501, 0.0208974
0.0468897, 0.0207837
0.0466306, 0.0206706
0.0463728, 0.020558
0.0461163, 0.020446
0.0458612, 0.0203346
0.0456073, 0.0202237
0.0453548, 0.0201133
0.0451036, 0.0200035
0.0448536, 0.0198943
0.044605, 0.0197856
0.0443576, 0.0196774
0.0441115, 0.0195698
0.0438667, 0.0194627
0.0436231, 0.0193561
0.0433808, 0.0192501
0.0431397, 0.0191445
0.0428999, 0.0190396
0.0426613, 0.0189351
0.042424, 0.0188312
0.0421879, 0.0187278
0.041953, 0.0186249
0.0417193, 0.0185225
0.0414868, 0.0184206
0.0412555, 0.0183193
0.0410255, 0.0182184
0.0407966, 0.0181181
0.0405689, 0.0180183
0.0403424, 0.0179189
0.040117, 0.0178201
0.0398929, 0.0177218
0.0396699, 0.0176239
0.0394481, 0.0175266
0.0392274, 0.0174297
0.0390078, 0.0173334
0.0387894, 0.0172375
0.0385722, 0.0171421
0.0383561, 0.0170472
0.0381411, 0.0169528
0.0379272, 0.0168588
0.0377144, 0.0167654
0.0375028, 0.0166724
0.0372923, 0.0165799
0.0370828, 0.0164878
0.0368745, 0.0163962
0.0366672, 0.0163051
0.0364611, 0.0162145
0.036256, 0.0161243
0.0360519, 0.0160345
0.035849, 0.0159453
0.0356471, 0.0158564
0.0354463, 0.0157681
0.0352465, 0.0156802
0.0350478, 0.0155927
0.0348501, 0.0155057
0.0346535, 0.0154191
0.0344579, 0.015333
0.0342633, 0.0152473
0.0340697, 0.0151621
0.0338772, 0.0150773
0.0336857, 0.0149929
0.0334952, 0.014909
0.0333057, 0.0148255
0.0331172, 0.0147424
0.0329296, 0.0146597
0.0327431, 0.0145775
0.0325576, 0.0144957
0.032373, 0.0144144
0.0321894, 0.0143334
0.0320068, 0.0142529
0.0318252, 0.0141727
0.0316445, 0.014093
0.0314647, 0.0140137
0.0312859, 0.0139349
0.0311081, 0.0138564
0.0309312, 0.0137783
0.0307553, 0.0137007
0.0305802, 0.0136234
0.0304061, 0.0135465
0.030233, 0.0134701
0.0300607, 0.013394
0.0298894, 0.0133183
0.029719, 0.0132431
0.0295494, 0.0131682
0.0293808, 0.0130937
0.0292131, 0.0130196
0.0290463, 0.0129459
0.0288803, 0.0128725
0.0287152, 0.0127996
0.0285511, 0.012727
0.0283878, 0.0126548
0.0282253, 0.012583
0.0280637, 0.0125116
0.027903, 0.0124405
0.0277432, 0.0123698
0.0275842, 0.0122995
0.027426, 0.0122295
0.0272687, 0.01216
0.0271123, 0.0120907
0.0269566, 0.0120219
0.0268019, 0.0119534
0.0266479, 0.0118852
0.0264947, 0.0118175
0.0263424, 0.01175
0.0261909, 0.011683
0.0260402, 0.0116163
0.0258903, 0.0115499
0.0257412, 0.0114839
0.025593, 0.0114182
0.0254455, 0.0113529
0.0252988, 0.0112879
0.0251529, 0.0112233
0.0250077, 0.011159
0.0248634, 0.011095
0.0247198, 0.0110314
0.024577, 0.0109681
0.024435, 0.0109052
0.0242937, 0.0108426
0.0241532, 0.0107803
0.0240135, 0.0107184
0.0238745, 0.0106567
0.0237362, 0.0105954
0.0235987, 0.0105345
0.0234619, 0.0104738
0.0233259, 0.0104135
0.0231906, 0.0103535
0.0230561, 0.0102938
0.0229222, 0.0102345
0.0227891, 0.0101754
0.0226567, 0.0101167
0.022525, 0.0100582
0.0223941, 0.0100001
0.0222638, 0.00994232
0.0221342, 0.00988483
0.0220054, 0.00982764
0.0218772, 0.00977075
0.0217498, 0.00971417
0.021623, 0.00965789
0.0214969, 0.00960191
0.0213715, 0.00954623
0.0212468, 0.00949085
0.0211227, 0.00943577
0.0209994, 0.00938098
0.0208767, 0.00932648
0.0207546, 0.00927227
0.0206332, 0.00921836
0.0205125, 0.00916473
0.0203924, 0.00911139
0.020273, 0.00905834
0.0201543, 0.00900557
0.0200362, 0.00895308
0.0199187, 0.00890088
0.0198018, 0.00884895
0.0196856, 0.00879731
0.0195701, 0.00874594
0.0194551, 0.00869485
0.0193408, 0.00864403
0.0192271, 0.00859349
0.0191141, 0.00854322
0.0190016, 0.00849322
0.0188898, 0.00844349
0.0187785, 0.00839402
0.0186679, 0.00834483
0.0185579, 0.0082959
0.0184485, 0.00824723
0.0183397, 0.00819883
0.0182314, 0.00815068
0.0181238, 0.0081028
0.0180167, 0.00805517
0.0179103, 0.00800781
0.0178044, 0.0079607
0.0176991, 0.00791384
0.0175944, 0.00786724
0.0174902, 0.00782089
0.0173866, 0.00777479
0.0172836, 0.00772894
0.0171812, 0.00768333
0.0170793, 0.00763798
0.0169779, 0.00759287
0.0168772, 0.00754801
0.0167769, 0.00750339
0.0166773, 0.00745901
0.0165781, 0.00741487
0.0164796, 0.00737097
0.0163815, 0.00732731
0.016284, 0.00728389
0.016187, 0.0072407
0.0160906, 0.00719775
0.0159947, 0.00715504
0.0158993, 0.00711255
0.0158045, 0.0070703
0.0157101, 0.00702827
0.0156163, 0.00698648
0.015523, 0.00694491
0.0154302, 0.00690357
0.015338, 0.00686246
0.0152462, 0.00682156
0.0151549, 0.0067809
0.0150642, 0.00674045
0.0149739, 0.00670022
0.0148842, 0.00666022
0.0147949, 0.00662043
0.0147061, 0.00658086
0.0146178, 0.00654151
0.01453, 0.00650237
0.0144427, 0.00646345
0.0143559, 0.00642474
0.0142695, 0.00638624
0.0141837, 0.00634795
0.0140983, 0.00630987
0.0140133, 0.006272
0.0139289, 0.00623434
0.0138449, 0.00619688
0.0137614, 0.00615963
0.0136783, 0.00612258
0.0135957, 0.00608574
0.0135135, 0.0060491
0.0134319, 0.00601266
0.0133506, 0.00597642
0.0132698, 0.00594038
0.0131895, 0.00590453
0.0131096, 0.00586889
0.0130301, 0.00583344
0.0129511, 0.00579818
0.0128725, 0.00576312
0.0127944, 0.00572826
0.0127167, 0.00569358
0.0126394, 0.00565909
0.0125626, 0.0056248
0.0124861, 0.00559069
0.0124101, 0.00555678
0.0123346, 0.00552304
0.0122594, 0.0054895
0.0121847, 0.00545614
0.0121103, 0.00542296
0.0120364, 0.00538997
0.0119629, 0.00535716
0.0118898, 0.00532453
0.0118172, 0.00529208
0.0117449, 0.00525981
0.011673, 0.00522771
0.0116015, 0.0051958
0.0115305, 0.00516406
0.0114598, 0.0051325
0.0113895, 0.00510111
0.0113196, 0.0050699
0.0112501, 0.00503886
0.011181, 0.00500799
0.0111122, 0.00497729
0.0110439, 0.00494676
0.0109759, 0.0049164
0.0109083, 0.00488621
0.0108411, 0.00485618
0.0107742, 0.00482632
0.0107078, 0.00479663
0.0106417, 0.0047671
0.010576, 0.00473774
0.0105106, 0.00470854
0.0104456, 0.0046795
0.010381, 0.00465062
0.0103167, 0.00462191
0.0102528, 0.00459335
0.0101892, 0.00456495
0.010126, 0.00453671
0.0100632, 0.00450863
0.0100007, 0.0044807
0.00993856, 0.00445293
0.00987677, 0.00442531
0.00981532, 0.00439785
0.00975422, 0.00437053
0.00969345, 0.00434338
0.00963303, 0.00431637
0.00957295, 0.00428951
0.0095132, 0.0042628
0.00945379, 0.00423625
0.00939471, 0.00420984
0.00933596, 0.00418357
0.00927754, 0.00415746
0.00921945, 0.00413149
0.00916168, 0.00410566
0.00910424, 0.00407998
0.00904713, 0.00405444
0.00899033, 0.00402904
0.00893385, 0.00400379
0.00887769, 0.00397868
0.00882184, 0.00395371
0.00876631, 0.00392887
0.00871109, 0.00390418
0.00865618, 0.00387962
0.00860158, 0.00385521
0.00854729, 0.00383092
0.0084933, 0.00380678
0.00843961, 0.00378277
0.00838623, 0.00375889
0.00833315, 0.00373515
0.00828037, 0.00371154
0.00822788, 0.00368806
0.00817569, 0.00366472
0.00812379, 0.0036415
0.00807219, 0.00361842
0.00802088, 0.00359546
0.00796985, 0.00357264
0.00791911, 0.00354994
0.00786866, 0.00352737
0.0078185, 0.00350492
0.00776862, 0.00348261
0.00771901, 0.00346041
0.00766969, 0.00343834
0.00762065, 0.0034164
0.00757188, 0.00339458
0.00752339, 0.00337288
0.00747517, 0.0033513
0.00742723, 0.00332985
0.00737955, 0.00330851
0.00733215, 0.0032873
0.00728501, 0.0032662
0.00723814, 0.00324523
0.00719153, 0.00322437
0.00714519, 0.00320363
0.00709911, 0.00318301
0.00705329, 0.0031625
0.00700773, 0.0031421
0.00696243, 0.00312183
0.00691738, 0.00310166
0.00687259, 0.00308161
0.00682805, 0.00306168
0.00678377, 0.00304185
0.00673973, 0.00302214
0.00669595, 0.00300254
0.00665241, 0.00298305
0.00660912, 0.00296367
0.00656608, 0.00294439
0.00652327, 0.00292523
0.00648072, 0.00290618
0.0064384, 0.00288723
0.00639632, 0.00286839
0.00635448, 0.00284966
0.00631288, 0.00283103
0.00627152, 0.00281251
0.00623038, 0.00279409
0.00618949, 0.00277578
0.00614882, 0.00275757
0.00610839, 0.00273946
0.00606818, 0.00272145
0.00602821, 0.00270355
0.00598846, 0.00268575
0.00594894, 0.00266805
0.00590964, 0.00265045
0.00587056, 0.00263295
0.00583171, 0.00261555
0.00579308, 0.00259824
0.00575466, 0.00258104
0.00571647, 0.00256393
0.00567849, 0.00254692
0.00564073, 0.00253001
0.00560319, 0.00251319
0.00556585, 0.00249647
0.00552874, 0.00247984
0.00549183, 0.00246331
0.00545513, 0.00244687
0.00541864, 0.00243052
0.00538236, 0.00241427
0.00534628, 0.00239811
0.00531042, 0.00238204
0.00527475, 0.00236606
0.00523929, 0.00235017
0.00520403, 0.00233438
0.00516897, 0.00231867
0.00513411, 0.00230305
0.00509946, 0.00228752
0.00506499, 0.00227208
0.00503073, 0.00225673
0.00499666, 0.00224146
0.00496279, 0.00222628
0.0049291, 0.00221119
0.00489561, 0.00219619
0.00486232, 0.00218126
0.00482921, 0.00216643
0.00479629, 0.00215168
0.00476356, 0.00213701
0.00473101, 0.00212242
0.00469866, 0.00210792
0.00466648, 0.0020935
0.00463449, 0.00207917
0.00460269, 0.00206491
0.00457106, 0.00205074
0.00453962, 0.00203665
0.00450836, 0.00202263
0.00447727, 0.0020087
0.00444637, 0.00199485
0.00441563, 0.00198108
0.00438508, 0.00196738
0.0043547, 0.00195377
0.0043245, 0.00194023
0.00429446, 0.00192676
0.0042646, 0.00191338
0.00423491, 0.00190007
0.00420539, 0.00188684
0.00417604, 0.00187368
0.00414686, 0.0018606
0.00411785, 0.00184759
0.004089, 0.00183466
0.00406031, 0.0018218
0.0040318, 0.00180902
0.00400344, 0.0017963
0.00397525, 0.00178367
0.00394722, 0.0017711
0.00391935, 0.0017586
0.00389164, 0.00174618
0.00386409, 0.00173383
0.00383669, 0.00172155
0.00380946, 0.00170934
0.00378238, 0.00169719
0.00375545, 0.00168512
0.00372868, 0.00167312
0.00370207, 0.00166119
0.0036756, 0.00164932
0.00364929, 0.00163752
0.00362313, 0.0016258
0.00359712, 0.00161413
0.00357127, 0.00160254
0.00354555, 0.00159101
0.00351999, 0.00157955
0.00349457, 0.00156815
0.0034693, 0.00155682
0.00344418, 0.00154555
0.0034192, 0.00153435
0.00339436, 0.00152321
0.00336967, 0.00151214
0.00334512, 0.00150113
0.00332071, 0.00149018
0.00329644, 0.0014793
0.00327231, 0.00146848
0.00324831, 0.00145772
0.00322446, 0.00144702
0.00320075, 0.00143639
0.00317717, 0.00142581
0.00315372, 0.0014153
0.00313041, 0.00140485
0.00310724, 0.00139445
0.0030842, 0.00138412
0.00306129, 0.00137385
0.00303852, 0.00136363
0.00301587, 0.00135347
0.00299336, 0.00134338
0.00297098, 0.00133334
0.00294872, 0.00132336
0.0029266, 0.00131343
0.0029046, 0.00130356
0.00288272, 0.00129375
0.00286098, 0.001284
0.00283936, 0.0012743
0.00281786, 0.00126466
0.00279649, 0.00125508
0.00277524, 0.00124555
0.00275412, 0.00123607
0.00273312, 0.00122665
0.00271223, 0.00121728
0.00269147, 0.00120797
0.00267083, 0.00119871
0.00265031, 0.0011895
0.00262991, 0.00118035
0.00260962, 0.00117125
0.00258945, 0.00116221
0.0025694, 0.00115321
0.00254946, 0.00114427
0.00252964, 0.00113538
0.00250994, 0.00112654
0.00249034, 0.00111775
0.00247086, 0.00110901
0.0024515, 0.00110032
0.00243224, 0.00109169
0.0024131, 0.0010831
0.00239407, 0.00107456
0.00237515, 0.00106607
0.00235634, 0.00105763
0.00233763, 0.00104924
0.00231904, 0.0010409
0.00230055, 0.00103261
0.00228217, 0.00102436
0.0022639, 0.00101617
0.00224573, 0.00100801
0.00222767, 0.000999912
0.00220971, 0.000991855
0.00219185, 0.000983846
0.0021741, 0.000975883
0.00215645, 0.000967965
0.00213891, 0.000960094
0.00212146, 0.000952268
0.00210412, 0.000944488
0.00208688, 0.000936753
0.00206974, 0.000929062
0.0020527, 0.000921416
0.00203575, 0.000913815
0.00201891, 0.000906258
0.00200216, 0.000898744
0.00198551, 0.000891273
0.00196896, 0.000883847
0.0019525, 0.000876463
0.00193614, 0.000869122
0.00191987, 0.000861825
0.0019037, 0.000854569
0.00188762, 0.000847355
0.00187163, 0.000840183
0.00185574, 0.000833053
0.00183994, 0.000825965
0.00182423, 0.000818917
0.00180862, 0.00081191
0.00179309, 0.000804944
0.00177765, 0.000798018
0.00176231, 0.000791133
0.00174705, 0.000784287
0.00173188, 0.000777482
0.0017168, 0.000770715
0.00170181, 0.000763989
0.0016869, 0.000757302
0.00167208, 0.000750653
0.00165735, 0.000744043
0.0016427, 0.000737471
0.00162814, 0.000730937
0.00161367, 0.000724442
0.00159927, 0.000717985
0.00158496, 0.000711565
0.00157074, 0.000705182
0.0015566, 0.000698837
0.00154254, 0.000692527
0.00152856, 0.000686254
0.00151466, 0.000680019
0.00150084, 0.00067382
0.00148711, 0.000667657
0.00147345, 0.00066153
0.00145987, 0.000655438
0.00144638, 0.000649382
0.00143296, 0.000643362
0.00141962, 0.000637377
0.00140636, 0.000631426
0.00139317, 0.00062551
0.00138006, 0.000619629
0.00136703, 0.000613782
0.00135407, 0.000607969
0.00134119, 0.00060219
0.00132839, 0.000596444
0.00131566, 0.000590732
0.001303, 0.000585053
0.00129042, 0.000579408
0.00127791, 0.000573795
0.00126548, 0.000568216
0.00125312, 0.000562669
0.00124083, 0.000557154
0.00122861, 0.000551671
0.00121646, 0.00054622
0.00120438, 0.000540801
0.00119238, 0.000535414
0.00118044, 0.000530058
0.00116858, 0.000524732
0.00115678, 0.000519438
0.00114505, 0.000514175
0.00113339, 0.000508943
0.0011218, 0.000503742
0.00111028, 0.000498572
0.00109882, 0.000493431
0.00108743, 0.000488319
0.00107611, 0.000483238
0.00106486, 0.000478187
0.00105367, 0.000473165
0.00104254, 0.000468173
0.00103148, 0.00046321
0.00102049, 0.000458276
0.00100956, 0.00045337
0.000998689, 0.000448493
0.000987887, 0.000443644
0.000977147, 0.000438825
0.00096647, 0.000434033
0.000955855, 0.000429269
0.000945303, 0.000424533
0.000934813, 0.000419825
0.000924384, 0.000415144
0.000914015, 0.00041049
0.000903708, 0.000405864
0.000893462, 0.000401264
0.000883276, 0.000396692
0.000873148, 0.000392147
0.00086308, 0.000387628
0.000853071, 0.000383136
0.000843121, 0.00037867
0.000833229, 0.00037423
0.000823395, 0.000369815
0.000813619, 0.000365427
0.0008039, 0.000361065
0.000794238, 0.000356729
0.000784633, 0.000352417
0.000775085, 0.000348131
0.000765592, 0.00034387
0.000756155, 0.000339634
0.000746773, 0.000335422
0.000737447, 0.000331235
0.000728177, 0.000327073
0.00071896, 0.000322936
0.000709798, 0.000318823
0.000700688, 0.000314733
0.000691632, 0.000310667
0.000682629, 0.000306626
0.000673679, 0.000302608
0.000664782, 0.000298615
0.000655938, 0.000294644
0.000647145, 0.000290697
0.000638403, 0.000286773
0.000629713, 0.000282872
0.000621075, 0.000278994
0.000612487, 0.000275138
0.000603949, 0.000271305
0.000595462, 0.000267494
0.000587025, 0.000263706
0.000578637, 0.00025994
0.000570299, 0.000256196
0.00056201, 0.000252475
0.000553769, 0.000248775
0.000545577, 0.000245097
0.000537433, 0.000241441
0.000529338, 0.000237806
0.00052129, 0.000234191
0.00051329, 0.000230598
0.000505335, 0.000227026
0.000497428, 0.000223475
0.000489568, 0.000219946
0.000481754, 0.000216438
0.000473986, 0.000212949
0.000466263, 0.000209481
0.000458587, 0.000206033
0.000450955, 0.000202606
0.000443369, 0.000199199
0.000435827, 0.000195812
0.000428329, 0.000192444
0.000420876, 0.000189096
0.000413467, 0.000185769
0.000406102, 0.000182462
0.00039878, 0.000179173
0.000391501, 0.000175904
0.000384265, 0.000172654
0.000377071, 0.000169423
0.00036992, 0.000166211
0.000362811, 0.000163018
0.000355744, 0.000159845
0.000348719, 0.00015669
0.000341734, 0.000153553
0.000334791, 0.000150435
0.00032789, 0.000147334
0.00032103, 0.000144252
0.000314209, 0.000141188
0.00030743, 0.000138143
0.00030069, 0.000135116
0.000293989, 0.000132106
0.000287329, 0.000129114
0.000280708, 0.000126139
0.000274125, 0.000123182
0.000267582, 0.000120243
0.000261078, 0.000117321
0.000254612, 0.000114416
0.000248184, 0.000111528
0.000241795, 0.000108657
0.000235442, 0.000105803
0.000229127, 0.000102966
0.000222849, 0.000100145
0.000216608, 9.73409e-05
0.000210405, 9.45541e-05
0.000204238, 9.17842e-05
0.000198109, 8.90301e-05
0.000192015, 8.62915e-05
0.000185957, 8.35693e-05
0.000179935, 8.08634e-05
0.000173948, 7.8173e-05
0.000167997, 7.5499e-05
0.000162082, 7.28417e-05
0.000156201, 7.01997e-05
0.000150355, 6.75732e-05
0.000144544, 6.49617e-05
0.000138766, 6.23654e-05
0.000133023, 5.97842e-05
0.000127314, 5.72186e-05
0.000121639, 5.46684e-05
0.000115998, 5.2133e-05
0.000110389, 4.96123e-05
0.000104814, 4.71064e-05
9.92721e-05, 4.46159e-05
9.37629e-05, 4.21405e-05
8.82862e-05, 3.96791e-05
8.28418e-05, 3.72324e-05
7.74299e-05, 3.48005e-05
7.20502e-05, 3.23832e-05
6.67026e-05, 2.99802e-05
6.13871e-05, 2.75911e-05
5.61031e-05, 2.52158e-05
5.08499e-05, 2.28549e-05
4.56278e-05, 2.05083e-05
4.04368e-05, 1.81753e-05
3.52768e-05, 1.5856e-05
3.0147e-05, 1.35504e-05
2.50476e-05, 1.12584e-05
1.99785e-05, 8.97999e-06
1.49389e-05, 6.71486e-06
9.92916e-06, 4.46299e-06
4.94964e-06, 2.22459e-06
0, 0
