0, 0
0.000788826, 1.81814e-05
0.00316412, 7.28131e-05
0.0071352, 0.000163899
0.0127061, 0.00029127
0.0198754, 0.000454591
0.0286366, 0.000653359
0.0389776, 0.000886904
0.0508813, 0.00115438
0.0643252, 0.00145493
0.0792822, 0.00178741
0.0957201, 0.00215062
0.113602, 0.00254335
0.132887, 0.00296411
0.153529, 0.00341184
0.17548, 0.00388503
0.198686, 0.00438218
0.223092, 0.00490217
0.248636, 0.00544312
0.275261, 0.00600484
0.302899, 0.00658512
0.331487, 0.00718458
0.360956, 0.0078011
0.391238, 0.00843451
0.422264, 0.00908583
0.453962, 0.00975202
0.486263, 0.0104367
0.519096, 0.0111372
0.552393, 0.0118564
0.586084, 0.0125943
0.6201, 0.013352
0.654376, 0.0141306
0.688845, 0.0149315
0.723443, 0.0157562
0.75811, 0.0166065
0.792785, 0.0174839
0.82741, 0.0183901
0.861931, 0.019327
0.896294, 0.0202961
0.93045, 0.0212991
0.964351, 0.0223373
0.997953, 0.0234122
1.03121, 0.0245249
1.06409, 0.0256763
1.09655, 0.0268672
1.12856, 0.0280982
1.16008, 0.0293695
1.1911, 0.0306812
1.22157, 0.0320332
1.25149, 0.0334252
1.28083, 0.0348565
1.30957, 0.0363263
1.33769, 0.0378338
1.36519, 0.0393777
1.39205, 0.0409568
1.41826, 0.0425695
1.44382, 0.0442143
1.46872, 0.0458895
1.49296, 0.0475933
1.51653, 0.0493238
1.53945, 0.0510791
1.5617, 0.052857
1.58329, 0.0546557
1.60424, 0.0564729
1.62453, 0.0583065
1.64419, 0.0601545
1.66322, 0.0620147
1.68163, 0.063885
1.69942, 0.0657634
1.71662, 0.0676476
1.73322, 0.0695358
1.74926, 0.0714258
1.76472, 0.0733157
1.77964, 0.0752037
1.79403, 0.0770877
1.80789, 0.0789661
1.82125, 0.080837
1.83411, 0.0826986
1.8465, 0.0845495
1.85843, 0.0863879
1.86991, 0.0882123
1.88096, 0.0900212
1.8916, 0.0918133
1.90184, 0.0935871
1.91169, 0.0953413
1.92117, 0.0970748
1.93031, 0.0987862
1.9391, 0.100475
1.94757, 0.102139
1.95573, 0.103778
1.9636, 0.10539
1.97119, 0.106976
1.97851, 0.108533
1.98557, 0.110062
1.9924, 0.111561
1.99901, 0.11303
2.0054, 0.114467
2.01159, 0.115873
2.01759, 0.117246
2.02341, 0.118587
2.02907, 0.119894
2.04988, 0.122382
2.05851, 0.124406
2.0668, 0.126333
2.0748, 0.128156
2.08256, 0.129878
2.0901, 0.131495
2.09748, 0.133004
2.10472, 0.134406
2.11185, 0.135701
2.11891, 0.136886
2.12592, 0.13796
2.13292, 0.138921
2.13991, 0.139771
2.14693, 0.140508
2.15398, 0.141129
2.1611, 0.141637
2.16828, 0.142032
2.17555, 0.142307
2.18292, 0.142467
2.1904, 0.142509
2.19799, 0.142434
2.2057, 0.142242
2.21353, 0.141933
2.2215, 0.14151
2.2296, 0.14097
2.23783, 0.140316
2.2462, 0.139548
2.2547, 0.138668
2.26332, 0.137677
2.27207, 0.136576
2.28095, 0.135369
2.28994, 0.134059
2.29904, 0.132647
2.30825, 0.131133
2.31756, 0.129526
2.32694, 0.127845
2.33641, 0.126086
2.34594, 0.124236
2.35553, 0.122315
2.36518, 0.120341
2.37488, 0.118318
2.3846, 0.116256
2.39434, 0.114168
2.40409, 0.112067
2.41384, 0.109969
2.42357, 0.107891
2.43327, 0.105852
2.44293, 0.103873
2.45254, 0.101978
2.46208, 0.100189
2.47155, 0.0985358
2.48093, 0.0970449
2.4902, 0.095746
2.49937, 0.0946692
2.5084, 0.0938444
2.5173, 0.0933006
2.52605, 0.0930647
2.53464, 0.093161
2.54306, 0.0936098
2.55129, 0.0944267
2.55933, 0.0956221
2.56716, 0.0972009
2.57478, 0.0991624
2.58217, 0.101501
2.58932, 0.104207
2.59623, 0.107266
2.60288, 0.110661
2.60927, 0.114374
2.61538, 0.118385
2.62122, 0.122672
2.62676, 0.127215
2.63201, 0.131994
2.63695, 0.136988
2.64159, 0.142177
2.6459, 0.147544
2.64989, 0.153071
2.65356, 0.158742
2.65689, 0.16454
2.65988, 0.170451
2.66253, 0.176461
2.66483, 0.182558
2.66678, 0.188728
2.66838, 0.19496
2.66962, 0.201243
2.6705, 0.207567
2.67102, 0.213921
2.67117, 0.220296
2.67096, 0.226684
2.67039, 0.233075
2.66945, 0.239462
2.66814, 0.245836
2.66647, 0.252191
2.66443, 0.258518
2.66203, 0.264813
2.65926, 0.271066
2.65613, 0.277274
2.65264, 0.283429
2.64879, 0.289526
2.64458, 0.29556
2.64002, 0.301524
2.65438, 0.314161
2.64016, 0.327906
2.62399, 0.341117
2.60595, 0.353743
2.58609, 0.36574
2.56448, 0.37707
2.54121, 0.387702
2.51636, 0.397611
2.49, 0.406776
2.46223, 0.415185
2.43314, 0.422828
2.40281, 0.4297
2.37133, 0.435804
2.3388, 0.441141
2.30532, 0.445723
2.27096, 0.44956
2.23581, 0.452668
2.19997, 0.455064
2.16352, 0.456769
2.12654, 0.457805
2.08911, 0.458197
2.05131, 0.457971
2.01322, 0.457154
1.9749, 0.455773
1.93642, 0.453858
1.89786, 0.451438
1.85926, 0.448542
1.82069, 0.445199
1.7822, 0.44144
1.74385, 0.437294
1.70569, 0.432789
1.66775, 0.427953
1.63009, 0.422814
1.59273, 0.417399
1.55571, 0.411736
1.51908, 0.405846
1.48285, 0.399756
1.44706, 0.393487
1.41173, 0.387063
1.37688, 0.380504
1.34254, 0.37383
1.30871, 0.367061
1.27542, 0.360216
1.24268, 0.353308
1.21049, 0.346356
1.17888, 0.339374
1.14784, 0.332378
1.11739, 0.325378
1.08752, 0.318388
1.05825, 0.311421
1.02957, 0.304481
1.00149, 0.297583
0.974, 0.290732
0.947106, 0.283938
0.920804, 0.277211
0.895087, 0.270555
0.869957, 0.263976
0.845407, 0.257479
0.821431, 0.251071
0.798026, 0.244752
0.775181, 0.23853
0.752895, 0.232407
0.731156, 0.226384
0.709956, 0.220464
0.68929, 0.214649
0.66915, 0.208945
0.649525, 0.203344
0.630409, 0.197854
0.611793, 0.192476
0.593665, 0.187209
0.576018, 0.182051
0.558842, 0.177006
0.542126, 0.172071
0.525863, 0.167245
0.510043, 0.162531
0.494657, 0.157925
0.479698, 0.153428
0.465153, 0.149038
0.451013, 0.144752
0.437269, 0.140569
0.423913, 0.136492
0.410934, 0.132514
0.398324, 0.128638
0.386076, 0.124861
0.374179, 0.121182
0.362625, 0.117599
0.351406, 0.11411
0.340512, 0.110712
0.329936, 0.107406
0.31967, 0.104188
0.309704, 0.101057
0.300032, 0.0980111
0.290646, 0.0950474
0.281538, 0.0921659
0.272701, 0.0893654
0.264128, 0.0866427
0.255811, 0.0839969
0.247744, 0.0814256
0.239919, 0.0789273
0.23233, 0.0765001
0.222566, 0.0733835
0.208072, 0.0687252
0.194484, 0.0643448
0.18175, 0.060228
0.16982, 0.0563606
0.158646, 0.0527291
0.148182, 0.0493202
0.138386, 0.0461217
0.129217, 0.0431219
0.120637, 0.0403091
0.11261, 0.0376726
0.105103, 0.0352021
0.0980815, 0.0328878
0.0915166, 0.0307206
0.0853796, 0.0286912
0.0796437, 0.0267916
0.0742835, 0.0250139
0.0692756, 0.0233503
0.0645971, 0.0217945
0.0602274, 0.0203394
0.0561464, 0.018979
0.0523357, 0.017707
0.0487783, 0.0165181
0.0454573, 0.0154072
0.0423578, 0.0143692
0.0394652, 0.0133992
0.0367661, 0.0124936
0.0342484, 0.0116477
0.0318991, 0.0108575
0.0297082, 0.0101199
0.0276648, 0.00943165
0.0257594, 0.00878909
0.023983, 0.00818928
0.0223268, 0.00762932
0.0207831, 0.00710741
0.0193442, 0.00662045
0.0180026, 0.00616593
0.016753, 0.00574235
0.0155885, 0.00534711
0.0145038, 0.00497861
0.0134934, 0.00463494
0.0125522, 0.00431461
0.0116757, 0.00401591
0.0108596, 0.00373779
0.0100996, 0.00347838
0.00939204, 0.00323679
0.00873324, 0.00301146
0.00812009, 0.00280182
0.00754935, 0.00260645
0.00701822, 0.00242462
0.00652393, 0.00225529
0.00606399, 0.0020976
0.00563603, 0.00195078
0.00523788, 0.00181409
0.00486749, 0.00168683
0.00452295, 0.00156838
0.00420249, 0.00145813
0.00390444, 0.00135552
0.00362728, 0.00126004
0.00336955, 0.00117119
0.00312991, 0.00108853
0.00290711, 0.00101162
0.00269998, 0.000940078
0.00250744, 0.000873529
0.00232847, 0.000811634
0.00216213, 0.00075407
0.00200755, 0.000700539
0.00186389, 0.000650762
0.0017304, 0.000604479
0.00160636, 0.00056145
0.00149113, 0.000521448
0.00138407, 0.000484263
0.00128462, 0.000449701
0.00119224, 0.000417577
0.00110644, 0.000387722
0.00102675, 0.000359979
0.000952748, 0.000334199
0.000884024, 0.000310247
0.000820209, 0.000287992
0.000760958, 0.000267318
0.000705946, 0.000248111
0.000654874, 0.000230272
0.000607463, 0.000213702
0.000563453, 0.000198312
0.000522603, 0.00018402
0.000484689, 0.000170749
0.000449501, 0.000158424
0.000416845, 0.000146981
0.000386542, 0.000136357
0.000358423, 0.000126494
0.000332332, 0.000117337
0.000308125, 0.000108838
0.000285666, 0.000100948
0.000264831, 9.36257e-05
0.000245504, 8.68297e-05
0.000227576, 8.05227e-05
0.000210947, 7.46698e-05
0.000195524, 6.92387e-05
0.000181219, 6.41993e-05
0.000167954, 5.95238e-05
0.000155652, 5.51859e-05
0.000144244, 5.11617e-05
0.000133667, 4.74284e-05
0.000123859, 4.39656e-05
0.000114766, 4.07535e-05
0.000106336, 3.77742e-05
9.85204e-05, 3.50111e-05
9.12754e-05, 3.24485e-05
8.45596e-05, 3.00721e-05
7.83346e-05, 2.78686e-05
7.25647e-05, 2.58252e-05
6.72169e-05, 2.39305e-05
6.22608e-05, 2.21739e-05
5.76676e-05, 2.05453e-05
5.34111e-05, 1.90354e-05
4.94669e-05, 1.76358e-05
4.5812e-05, 1.63384e-05
4.24254e-05, 1.51357e-05
3.92877e-05, 1.4021e-05
3.63806e-05, 1.29878e-05
3.36873e-05, 1.20303e-05
3.11922e-05, 1.11428e-05
2.88808e-05, 1.03204e-05
2.67397e-05, 9.55835e-06
2.47563e-05, 8.85217e-06
2.29193e-05, 8.19786e-06
2.12177e-05, 7.59159e-06
1.96418e-05, 7.02987e-06
1.81823e-05, 6.50947e-06
1.68306e-05, 6.02736e-06
1.55788e-05, 5.58075e-06
1.44197e-05, 5.16701e-06
1.33463e-05, 4.7838e-06
1.23524e-05, 4.4288e-06
1.14321e-05, 4.10002e-06
1.058e-05, 3.79549e-06
9.79115e-06, 3.51345e-06
9.06075e-06, 3.25229e-06
8.38462e-06, 3.01039e-06
7.7586e-06, 2.78641e-06
7.17914e-06, 2.57894e-06
6.64272e-06, 2.38692e-06
6.1462e-06, 2.20908e-06
5.6866e-06, 2.04442e-06
5.26121e-06, 1.89198e-06
4.8675e-06, 1.75082e-06
4.50309e-06, 1.62015e-06
4.16582e-06, 1.4992e-06
3.85374e-06, 1.38722e-06
3.56487e-06, 1.28356e-06
3.29761e-06, 1.18759e-06
3.05026e-06, 1.09879e-06
2.82139e-06, 1.01659e-06
2.60962e-06, 9.40488e-07
2.41368e-06, 8.70083e-07
2.23236e-06, 8.04911e-07
2.06462e-06, 7.44578e-07
1.90946e-06, 6.88797e-07
1.76585e-06, 6.3715e-07
1.63302e-06, 5.89337e-07
1.51016e-06, 5.45091e-07
1.39648e-06, 5.04191e-07
1.29134e-06, 4.66312e-07
1.19406e-06, 4.31284e-07
1.10408e-06, 3.98885e-07
1.02089e-06, 3.68892e-07
9.4392e-07, 3.41119e-07
8.72707e-07, 3.15489e-07
8.06862e-07, 2.91751e-07
7.45963e-07, 2.69761e-07
6.89689e-07, 2.49434e-07
6.37565e-07, 2.3067e-07
5.89391e-07, 2.13277e-07
5.44868e-07, 1.97193e-07
5.03729e-07, 1.82325e-07
4.65602e-07, 1.68575e-07
4.30381e-07, 1.55846e-07
3.9782e-07, 1.44085e-07
3.67725e-07, 1.33175e-07
3.39868e-07, 1.23158e-07
3.14154e-07, 1.13846e-07
2.90358e-07, 1.05227e-07
2.68324e-07, 9.72679e-08
2.48019e-07, 8.9915e-08
2.292e-07, 8.31181e-08
2.11817e-07, 7.68204e-08
1.9575e-07, 7.09982e-08
1.80903e-07, 6.56317e-08
1.67182e-07, 6.06495e-08
1.5444e-07, 5.60917e-08
1.42767e-07, 5.17879e-08
1.31895e-07, 4.7903e-08
1.21912e-07, 4.42443e-08
1.12614e-07, 4.08944e-08
1.04051e-07, 3.77983e-08
9.61365e-08, 3.49126e-08
8.88419e-08, 3.22735e-08
8.20606e-08, 2.98324e-08
7.58277e-08, 2.75645e-08
7.00368e-08, 2.54321e-08
6.47477e-08, 2.35342e-08
5.9776e-08, 2.17396e-08
5.5219e-08, 2.00606e-08
5.10118e-08, 1.85917e-08
4.71594e-08, 1.71396e-08
4.35098e-08, 1.58213e-08
4.0263e-08, 1.46532e-08
3.71535e-08, 1.35082e-08
3.43065e-08, 1.24741e-08
3.17171e-08, 1.15739e-08
2.92439e-08, 1.06302e-08
2.7038e-08, 9.86482e-09
2.49977e-08, 9.095e-09
2.30715e-08, 8.3912e-09
2.12851e-08, 7.73943e-09
1.96972e-08, 7.18446e-09
1.8197e-08, 6.60804e-09
1.67426e-08, 6.13501e-09
1.55132e-08, 5.63131e-09
1.43245e-08, 5.23526e-09
1.32229e-08, 4.82453e-09
1.22139e-08, 4.45794e-09
1.12719e-08, 4.0937e-09
1.04056e-08, 3.80425e-09
9.58734e-09, 3.48883e-09
8.91014e-09, 3.23251e-09
8.17079e-09, 3.00032e-09
7.59745e-09, 2.74912e-09
6.98928e-09, 2.57803e-09
6.43711e-09, 2.3277e-09
5.94037e-09, 2.19321e-09
5.49086e-09, 2.01275e-09
5.09032e-09, 1.84666e-09
4.70584e-09, 1.69253e-09
4.32165e-09, 1.56744e-09
4.00916e-09, 1.52441e-09
3.68091e-09, 1.32836e-09
3.3973e-09, 1.28154e-09
3.15508e-09, 1.11037e-09
2.87779e-09, 1.09887e-09
2.7265e-09, 9.51661e-10
2.44268e-09, 9.25231e-10
2.31078e-09, 8.91035e-10
2.10561e-09, 7.67708e-10
1.94546e-09, 6.9317e-10
1.80367e-09, 6.32899e-10
1.64776e-09, 6.60269e-10
1.50497e-09, 5.69695e-10
1.44166e-09, 4.97628e-10
1.31623e-09, 5.2824e-10
1.22448e-09, 4.01321e-10
1.09728e-09, 4.28962e-10
1.04193e-09, 3.95064e-10
9.41688e-10, 4.02643e-10
9.05389e-10, 3.46071e-10
8.2014e-10, 2.94832e-10
7.3971e-10, 2.9268e-10
6.65045e-10, 2.94316e-10
6.46446e-10, 2.60341e-10
5.99784e-10, 2.85041e-10
5.65449e-10, 2.06782e-10
5.17693e-10, 2.22726e-10
4.38872e-10, 2.08431e-10
4.75155e-10, 2.40394e-10
3.66921e-10, 2.0265e-10
3.59304e-10, 2.25597e-10
3.42669e-10, 1.87391e-10
3.01173e-10, 2.07702e-10
2.4521e-10, 1.70719e-10
2.68831e-10, 1.59019e-10
2.58971e-10, 1.71892e-10
2.30644e-10, 1.87295e-10
1.84458e-10, 1.67517e-10
1.54433e-10, 1.7735e-10
2.21067e-10, 2.04596e-10
1.35077e-10, 1.83191e-10
1.68381e-10, 1.95939e-10
1.52725e-10, 1.66504e-10
7.10664e-11, 1.53465e-10
9.2566e-11, 1.45539e-10
9.11518e-11, 2.10736e-10
5.09208e-11, 1.90723e-10
2.48698e-11, 1.57524e-10
3.13814e-11, 1.92798e-10
2.07073e-11, 1.65218e-10
4.7095e-11, 1.46226e-10
1.79442e-11, 1.5183e-10
-2.00468e-12, 1.51486e-10
4.18234e-11, 1.35698e-10
-1.36791e-11, 1.88138e-10
1.93562e-11, 1.94055e-10
-8.61646e-28, 1.40419e-10
-4.37649e-11, 1.51137e-10
9.21408e-11, 1.46884e-10
-7.07767e-11, 1.49301e-10
2.98222e-11, 2.31547e-10
1.63055e-11, 1.82683e-10
-1.48058e-11, 1.71975e-10
-2.55158e-11, 1.29596e-10
7.48142e-12, 1.55418e-10
-3.60207e-12, 8.48528e-11
1.50873e-11, 7.35914e-11
-1.28859e-11, 6.96017e-11
2.65845e-12, 7.47114e-11
2.41855e-12, 7.52863e-11
-1.9557e-11, 7.43758e-11
6.86347e-12, 8.4371e-11
1.99777e-11, 8.97196e-11
-2.72e-11, 6.61209e-11
3.99556e-11, 6.00784e-11
-2.86349e-11, 8.85091e-11
-1.76497e-11, 9.2176e-11
2.89423e-11, 8.4765e-11
-1.00426e-11, 9.12514e-11
1.4622e-11, 9.73691e-11
3.61753e-12, 1.03422e-10
-7.30871e-12, 1.28605e-10
1.23046e-12, 1.12615e-10
-6.21429e-13, 1.16224e-10
-3.67181e-11, 1.22475e-10
3.83523e-11, 9.47226e-11
-1.28043e-12, 9.70429e-11
3.07107e-11, 8.67455e-11
-2.57894e-11, 9.79176e-11
-2.5712e-11, 1.22605e-10
-1.96382e-11, 1.18865e-10
5.51163e-11, 1.36706e-10
-2.03589e-11, 1.26488e-10
-3.49422e-11, 1.36821e-10
4.11551e-11, 8.18914e-11
-2.79303e-12, 8.75024e-11
1.76215e-12, 9.44125e-11
-2.13449e-12, 1.44674e-10
-9.6952e-12, 1.27745e-10
-6.88617e-12, 1.40157e-10
1.53634e-11, 1.52627e-10
1.58745e-11, 1.14051e-10
-5.21598e-12, 1.27984e-10
-1.80471e-11, 1.32138e-10
1.13822e-11, 1.16114e-10
4.51762e-11, 1.14122e-10
-4.55842e-11, 1.24314e-10
9.7445e-12, 1.43757e-10
-3.77538e-11, 1.30967e-10
1.46806e-11, 1.30562e-10
3.12228e-11, 1.25014e-10
-3.63445e-12, 1.29659e-10
-8.55496e-12, 1.31861e-10
-3.61632e-11, 1.05762e-10
5.38886e-12, 1.09862e-10
7.10812e-12, 1.33957e-10
-8.43476e-13, 1.22403e-10
-6.80586e-12, 1.51698e-10
2.74567e-11, 1.51073e-10
1.77395e-11, 1.34997e-10
-2.61807e-11, 1.40785e-10
-8.80072e-12, 1.50065e-10
3.1062e-11, 1.83926e-10
-4.11667e-11, 1.71208e-10
1.75969e-11, 1.65382e-10
6.36936e-12, 1.37155e-10
7.33957e-12, 1.67106e-10
-1.52627e-11, 1.54481e-10
5.59568e-12, 1.56804e-10
-1.45738e-11, 1.98405e-10
1.70623e-11, 1.73575e-10
-5.25578e-12, 1.66607e-10
-7.2249e-12, 1.47253e-10
-9.71075e-13, 1.38796e-10
-2.88764e-11, 1.45179e-10
5.47606e-11, 1.43501e-10
-5.37044e-11, 1.58373e-10
2.25541e-11, 1.55716e-10
7.12271e-11, 1.46416e-10
-5.85497e-11, 1.9061e-10
4.61802e-12, 1.85026e-10
-1.39621e-11, 1.83835e-10
2.08453e-11, 1.76432e-10
-4.09282e-27, 1.76615e-10
3.91618e-11, 1.93785e-10
-5.01281e-11, 1.61191e-10
-1.82701e-11, 1.75102e-10
5.63109e-11, 2.1078e-10
-5.40106e-11, 1.81032e-10
2.91334e-11, 1.7621e-10
1.32919e-11, 2.21271e-10
-3.57111e-11, 1.73087e-10
-1.29297e-11, 1.63839e-10
1.3026e-11, 2.22727e-10
2.56748e-11, 1.87437e-10
-3.16123e-11, 1.6053e-10
-3.47403e-12, 1.97154e-10
-3.14958e-11, 1.93816e-10
8.10779e-11, 1.77404e-10
-2.95901e-12, 1.68123e-10
-1.37103e-11, 1.81003e-10
-3.60247e-12, 1.79847e-10
-1.99564e-11, 1.89372e-10
7.91808e-12, 1.72039e-10
-4.72351e-11, 1.82967e-10
8.52587e-11, 1.70181e-10
7.46649e-12, 1.79079e-10
-3.25839e-11, 2.25316e-10
1.83e-11, 2.05206e-10
-3.74928e-11, 2.04232e-10
4.03152e-11, 2.52912e-10
-2.12649e-11, 2.43424e-10
-5.83987e-12, 1.73614e-10
3.72423e-11, 2.05539e-10
-6.38152e-11, 2.41921e-10
1.78853e-11, 2.2805e-10
5.33571e-12, 2.1661e-10
-1.20875e-11, 1.91868e-10
2.02831e-11, 1.95392e-10
-4.62872e-11, 1.80501e-10
3.97475e-11, 2.32716e-10
-2.27675e-11, 2.79399e-10
2.15315e-11, 1.90707e-10
3.56601e-11, 2.16113e-10
-2.04128e-11, 2.40055e-10
1.20458e-11, 2.43713e-10
2.35381e-11, 1.80673e-10
-9.33389e-12, 1.70938e-10
-5.99861e-11, 2.19595e-10
-2.18241e-11, 2.90242e-10
5.12564e-11, 2.69896e-10
-5.15909e-12, 2.40091e-10
-1.85452e-11, 2.58321e-10
6.71956e-11, 2.89742e-10
-4.50866e-11, 2.63348e-10
-5.52087e-11, 2.37575e-10
6.24135e-11, 2.13467e-10
-5.51529e-11, 2.751e-10
2.3127e-11, 2.89165e-10
2.40499e-11, 2.11225e-10
2.42024e-11, 2.7304e-10
-9.42787e-12, 2.40102e-10
-2.84618e-11, 2.53196e-10
6.1259e-11, 2.58433e-10
-4.32298e-11, 2.42745e-10
-8.05548e-12, 2.21343e-10
-3.24224e-12, 2.63904e-10
-5.30132e-11, 2.43866e-10
1.00938e-10, 2.7586e-10
-3.7156e-11, 2.69894e-10
-8.30763e-13, 2.60797e-10
-3.59417e-11, 2.52976e-10
-4.20479e-11, 3.46797e-10
8.71461e-11, 2.87817e-10
-5.19241e-11, 2.8394e-10
-1.45582e-11, 3.54603e-10
7.15073e-11, 3.66351e-10
-4.50693e-11, 3.24824e-10
4.62115e-11, 3.43496e-10
-7.28017e-11, 3.23042e-10
5.11768e-11, 2.73639e-10
-1.77521e-11, 3.38735e-10
4.37504e-11, 2.74255e-10
6.28699e-12, 2.96769e-10
-5.78197e-11, 2.89696e-10
2.4536e-11, 2.85091e-10
-9.78047e-11, 2.72263e-10
1.28716e-11, 2.55163e-10
6.93566e-11, 2.1113e-10
7.44099e-11, 2.83863e-10
-5.3324e-11, 3.29879e-10
-5.55137e-11, 2.87169e-10
1.41949e-11, 2.5485e-10
5.13949e-11, 2.44777e-10
-1.24437e-11, 2.90841e-10
-3.7544e-11, 3.34987e-10
3.48532e-11, 3.14377e-10
6.52338e-11, 3.57951e-10
-1.19456e-10, 3.04696e-10
2.95402e-12, 2.92567e-10
4.95107e-11, 3.35418e-10
2.589e-11, 3.33522e-10
2.20295e-11, 3.44083e-10
-2.61801e-11, 3.53637e-10
-7.49273e-11, 3.77341e-10
5.09074e-12, 3.09398e-10
2.96897e-11, 2.88061e-10
2.16181e-11, 2.90929e-10
-3.93337e-11, 3.24789e-10
4.26718e-11, 4.28756e-10
3.34871e-11, 3.42368e-10
-1.1574e-11, 2.87862e-10
2.3274e-11, 2.68917e-10
-1.62739e-10, 3.23884e-10
4.38458e-11, 3.08445e-10
1.75255e-10, 3.60405e-10
-1.14583e-10, 4.33124e-10
7.17274e-11, 3.47946e-10
-8.41301e-11, 3.14017e-10
5.60201e-11, 3.13216e-10
-9.93857e-12, 2.9385e-10
1.55421e-11, 4.05508e-10
-1.21648e-10, 3.90307e-10
7.62914e-11, 2.87171e-10
-6.65429e-11, 3.0533e-10
5.96568e-11, 2.83538e-10
-6.73158e-11, 2.98952e-10
6.37811e-11, 2.96475e-10
-1.70804e-11, 2.95919e-10
1.80263e-11, 2.2394e-10
-2.22863e-11, 2.53285e-10
3.57538e-11, 2.54115e-10
-2.84774e-11, 2.41337e-10
-1.01242e-11, 2.52395e-10
4.92892e-11, 2.80511e-10
-5.82059e-11, 2.43155e-10
-3.44858e-12, 2.84016e-10
3.47337e-11, 3.26917e-10
-4.37282e-11, 2.71002e-10
7.3107e-11, 3.27325e-10
8.87073e-12, 2.56209e-10
1.34004e-11, 2.2249e-10
-5.21809e-11, 2.36523e-10
2.62741e-11, 2.88799e-10
-3.55819e-11, 3.27394e-10
8.2686e-12, 3.50818e-10
3.60801e-11, 3.33829e-10
1.30417e-11, 2.58737e-10
-2.81399e-11, 2.7686e-10
1.03891e-11, 3.07652e-10
-3.23322e-11, 3.15084e-10
-2.39364e-11, 2.92652e-10
-8.6759e-12, 2.79505e-10
2.62047e-11, 1.94644e-10
2.4428e-11, 2.93339e-10
1.86906e-11, 3.20168e-10
2.27778e-11, 3.13737e-10
-1.12659e-10, 2.71247e-10
8.531e-11, 3.75671e-10
5.85994e-11, 3.55798e-10
-1.28147e-10, 3.00955e-10
5.42601e-11, 3.28759e-10
-9.27476e-12, 2.9091e-10
1.0373e-11, 2.92513e-10
-1.12763e-10, 3.17236e-10
4.20369e-11, 2.89338e-10
-2.22131e-11, 2.99385e-10
2.76804e-11, 3.3424e-10
-3.21455e-12, 3.13245e-10
9.49016e-11, 3.2738e-10
-1.62804e-10, 4.20694e-10
9.17543e-11, 3.60999e-10
-1.09929e-11, 3.64891e-10
-4.53578e-11, 3.70414e-10
5.67787e-11, 3.07097e-10
-3.36105e-12, 3.34122e-10
9.2448e-11, 2.99213e-10
-4.65145e-11, 2.50334e-10
2.39738e-11, 2.65308e-10
-5.62883e-11, 3.30967e-10
-1.04031e-11, 4.07376e-10
7.67627e-11, 3.62094e-10
7.02161e-12, 3.64899e-10
-4.12121e-11, 3.39201e-10
-6.1606e-11, 4.47973e-10
-1.66879e-11, 3.58519e-10
1.5111e-10, 3.13157e-10
-1.79782e-10, 3.90364e-10
2.30645e-11, 4.23916e-10
4.64085e-11, 4.54663e-10
-1.22865e-10, 3.70597e-10
1.08772e-10, 2.68072e-10
7.08778e-11, 3.24546e-10
2.25164e-11, 4.01455e-10
-5.0335e-12, 3.21475e-10
-8.98763e-11, 4.13744e-10
4.4568e-11, 3.86705e-10
6.02024e-11, 3.38607e-10
-5.41151e-11, 4.01775e-10
-1.16643e-11, 3.99567e-10
1.08201e-10, 3.71113e-10
-1.82264e-10, 3.93176e-10
1.51672e-10, 3.04618e-10
3.97966e-12, 4.575e-10
-6.67121e-11, 3.66759e-10
-7.64912e-11, 4.44348e-10
-4.45395e-11, 5.08027e-10
9.50204e-11, 3.98355e-10
3.00346e-11, 3.31203e-10
-4.11902e-11, 3.67802e-10
-3.31398e-11, 4.49912e-10
3.88827e-11, 4.42452e-10
-1.53619e-11, 5.38216e-10
2.6684e-11, 4.76239e-10
4.37821e-11, 4.54034e-10
-2.13039e-11, 4.46433e-10
1.71385e-11, 4.81915e-10
-9.76606e-11, 4.3811e-10
2.02186e-11, 4.17626e-10
9.2941e-11, 3.53706e-10
-8.76147e-11, 4.85452e-10
3.52394e-11, 4.90828e-10
3.10043e-11, 4.15675e-10
-1.15791e-10, 4.12617e-10
1.01499e-10, 5.39822e-10
-5.55291e-11, 4.26289e-10
-5.43226e-11, 4.22466e-10
1.45647e-10, 5.19666e-10
1.2203e-11, 5.00305e-10
-1.47227e-10, 5.02372e-10
-3.08377e-12, 4.5179e-10
2.17024e-10, 3.17539e-10
-2.57149e-10, 4.93142e-10
1.00276e-10, 5.49867e-10
3.15032e-12, 5.96227e-10
-3.95884e-11, 4.65152e-10
-8.27804e-11, 5.05112e-10
4.96109e-11, 5.46067e-10
4.50462e-11, 4.18892e-10
1.35849e-10, 4.61029e-10
-5.36495e-11, 4.83698e-10
8.17125e-12, 5.08104e-10
-1.8892e-10, 4.74604e-10
1.79995e-10, 5.30253e-10
-8.29953e-11, 5.21063e-10
2.16905e-11, 5.70377e-10
2.85111e-11, 5.24114e-10
-3.87726e-11, 5.86832e-10
8.30269e-11, 4.86596e-10
-1.36249e-11, 4.19035e-10
1.02709e-11, 4.14543e-10
-8.94686e-11, 3.95562e-10
-5.18791e-12, 5.6297e-10
5.90946e-11, 5.84015e-10
-3.31906e-11, 5.57165e-10
5.09151e-11, 5.10569e-10
-4.05843e-11, 5.56992e-10
6.56157e-11, 5.608e-10
-1.03372e-10, 6.2384e-10
3.04502e-11, 4.84553e-10
-1.17008e-10, 4.82234e-10
1.73671e-10, 5.22518e-10
1.81805e-12, 6.40946e-10
-6.94277e-11, 6.2156e-10
-1.65246e-11, 4.53805e-10
-1.25467e-10, 5.51115e-10
1.5575e-10, 6.20977e-10
2.32906e-10, 5.45411e-10
-2.6962e-10, 3.1288e-10
8.0904e-11, 5.84356e-10
7.56256e-12, 5.96808e-10
-7.40928e-11, 6.65828e-10
-6.87244e-11, 5.88595e-10
1.66886e-10, 5.95891e-10
-8.09538e-11, 5.43383e-10
5.8102e-11, 6.24518e-10
-1.40113e-10, 6.15557e-10
1.32962e-10, 6.15217e-10
-1.15915e-10, 5.60698e-10
6.11942e-11, 5.39193e-10
-1.58671e-11, 6.14515e-10
-7.97111e-12, 5.48734e-10
1.06116e-10, 5.30869e-10
-9.45469e-11, 4.4366e-10
8.28651e-11, 6.11659e-10
-1.78691e-10, 6.88653e-10
1.10165e-10, 5.60799e-10
9.83818e-11, 4.97412e-10
6.17752e-12, 5.94531e-10
-2.68937e-11, 4.67376e-10
4.98802e-11, 5.90937e-10
-8.35184e-12, 6.55912e-10
-7.97088e-11, 6.84525e-10
-6.11106e-11, 6.33964e-10
4.2339e-11, 6.34732e-10
1.70132e-10, 5.95388e-10
-2.82003e-10, 5.72679e-10
4.7215e-11, 5.82295e-10
1.59537e-10, 7.60838e-10
-1.0612e-10, 7.78839e-10
2.04499e-10, 6.25265e-10
-2.38205e-10, 8.53213e-10
1.51471e-10, 7.46083e-10
9.923e-11, 6.9082e-10
-2.19287e-10, 4.63934e-10
4.44989e-11, 5.88077e-10
7.59866e-11, 6.70633e-10
1.12244e-11, 8.02726e-10
-2.45781e-10, 6.59675e-10
-2.0384e-11, 7.35614e-10
1.11471e-10, 6.15614e-10
2.05649e-11, 8.04137e-10
8.03275e-11, 7.43494e-10
-1.26785e-10, 6.50228e-10
4.39909e-11, 7.24174e-10
-4.41837e-11, 7.44979e-10
-2.80276e-11, 7.60843e-10
5.62999e-11, 7.48845e-10
4.47649e-11, 6.90482e-10
5.91572e-11, 8.52471e-10
8.31792e-11, 6.22388e-10
-8.35391e-11, 7.25789e-10
-1.22254e-10, 7.02934e-10
-9.62987e-12, 6.86378e-10
-1.59576e-10, 9.25946e-10
1.45692e-11, 7.648e-10
3.51157e-10, 7.67609e-10
-1.9592e-10, 7.50531e-10
4.67295e-11, 5.59485e-10
-6.66875e-11, 6.19159e-10
1.48823e-11, 7.21551e-10
7.2236e-11, 8.04483e-10
-2.2763e-10, 7.68345e-10
1.50719e-10, 8.30093e-10
-1.23605e-10, 6.22968e-10
1.74787e-10, 8.27176e-10
9.6663e-11, 8.18586e-10
-1.94135e-10, 7.07823e-10
2.30856e-10, 8.8478e-10
-1.3909e-10, 7.74885e-10
1.88811e-10, 9.66175e-10
-2.41538e-10, 7.9289e-10
-5.21587e-11, 6.45905e-10
2.12115e-10, 8.08875e-10
-2.55062e-10, 9.27066e-10
9.24112e-11, 9.17164e-10
-7.95347e-12, 8.78094e-10
9.05087e-11, 8.95183e-10
-5.88039e-11, 7.51348e-10
2.65697e-10, 8.50344e-10
-2.29053e-10, 7.39778e-10
6.49365e-11, 8.58365e-10
-1.16816e-10, 1.10666e-09
8.45573e-11, 1.13219e-09
-1.6432e-11, 8.67792e-10
-5.49943e-11, 9.6491e-10
-5.24547e-11, 9.39593e-10
2.02346e-10, 9.88046e-10
-1.36365e-10, 7.66246e-10
2.06763e-10, 8.10017e-10
-2.27225e-10, 8.49433e-10
1.57719e-10, 1.03797e-09
-1.69657e-11, 8.90872e-10
1.47619e-10, 9.13538e-10
-2.33705e-10, 7.21782e-10
-3.49082e-10, 9.64297e-10
1.80974e-10, 8.30284e-10
7.78657e-11, 1.00632e-09
1.41867e-10, 8.06257e-10
5.23187e-11, 8.4199e-10
-7.00312e-11, 8.66415e-10
-7.3234e-11, 8.36203e-10
-8.52826e-11, 9.99817e-10
2.42082e-10, 9.53324e-10
-3.11186e-10, 9.83857e-10
6.09908e-10, 7.33515e-10
-4.032e-10, 7.01613e-10
-1.37917e-10, 9.33224e-10
1.2039e-11, 1.03127e-09
-8.15756e-11, 1.10177e-09
2.72962e-10, 9.0226e-10
-2.43562e-11, 8.74135e-10
-6.11234e-11, 8.28667e-10
1.8407e-11, 1.09708e-09
-6.15902e-11, 1.10279e-09
-1.54561e-11, 9.49084e-10
1.17912e-10, 9.28066e-10
1.43276e-10, 1.12511e-09
-3.43911e-10, 1.07634e-09
1.06701e-10, 1.07969e-09
3.08708e-10, 9.43426e-10
-3.35163e-10, 9.81132e-10
1.39646e-10, 1.1632e-09
-2.80338e-10, 9.90715e-10
3.51732e-11, 1.22333e-09
3.20949e-11, 9.87982e-10
3.54359e-11, 1.02718e-09
5.17346e-11, 1.17522e-09
-1.72007e-10, 1.08613e-09
3.4203e-10, 1.0208e-09
-1.43856e-10, 9.45118e-10
-1.34543e-10, 1.08126e-09
-1.11983e-10, 9.75731e-10
1.68591e-10, 1.09633e-09
-1.6921e-10, 1.05343e-09
9.65697e-11, 1.19671e-09
3.77664e-10, 9.76466e-10
-2.01261e-10, 1.01897e-09
-1.00997e-10, 9.69081e-10
6.75762e-11, 1.25581e-09
-1.15296e-10, 9.37458e-10
8.50838e-11, 1.10284e-09
1.70783e-11, 1.04736e-09
3.08519e-11, 9.96058e-10
3.0619e-10, 1.1108e-09
-5.62791e-10, 1.09217e-09
1.97511e-10, 1.00977e-09
6.60728e-11, 8.41738e-10
5.23493e-11, 7.74935e-10
-1.08575e-10, 1.08738e-09
2.81192e-11, 1.24288e-09
1.7637e-11, 1.15861e-09
1.02658e-10, 1.2498e-09
-1.31442e-10, 1.19334e-09
1.14082e-10, 1.11145e-09
-2.46857e-10, 1.12607e-09
3.30304e-10, 1.17855e-09
-1.08087e-10, 1.03673e-09
5.78489e-11, 1.29578e-09
-1.08847e-11, 1.39742e-09
-1.96611e-10, 1.02597e-09
2.52103e-10, 1.10815e-09
1.39324e-10, 9.30693e-10
-5.482e-10, 1.21463e-09
3.10127e-10, 1.27105e-09
1.55602e-10, 1.25765e-09
4.83293e-11, 1.15929e-09
-2.38752e-10, 1.38151e-09
-7.48676e-12, 1.13342e-09
-3.75629e-11, 1.09617e-09
2.26153e-11, 1.34759e-09
-7.18611e-11, 1.05853e-09
2.77045e-10, 1.12927e-09
-2.28488e-11, 1.07793e-09
-4.58537e-11, 1.17338e-09
3.06734e-11, 1.38347e-09
-1.8082e-10, 8.07196e-10
-3.86032e-12, 1.19588e-09
-1.20076e-10, 9.83949e-10
1.71008e-10, 1.13354e-09
-1.44289e-10, 1.53363e-09
9.78218e-11, 1.08736e-09
2.12007e-10, 1.14007e-09
5.51499e-11, 1.49726e-09
-2.37151e-11, 1.61175e-09
7.93155e-12, 1.36791e-09
-2.82513e-10, 1.43129e-09
8.7832e-11, 1.2214e-09
1.88267e-10, 1.14622e-09
4.01904e-12, 1.27998e-09
-1.57264e-10, 1.23926e-09
-6.0687e-11, 1.14879e-09
2.80086e-10, 1.35391e-09
1.79197e-10, 1.04425e-09
-3.02372e-10, 8.36047e-10
-5.73943e-11, 1.03472e-09
-2.09768e-10, 1.34988e-09
2.72357e-10, 1.46982e-09
-2.4841e-11, 1.44968e-09
-1.41227e-10, 1.25594e-09
-2.12534e-10, 1.40192e-09
2.21591e-10, 1.14256e-09
7.96972e-11, 1.09389e-09
-2.06204e-10, 1.41242e-09
2.65982e-10, 1.26123e-09
6.35345e-11, 1.18238e-09
-3.52697e-10, 1.12284e-09
-9.37884e-11, 1.40719e-09
9.40914e-11, 1.23198e-09
3.77579e-10, 1.48035e-09
-2.19529e-10, 1.60846e-09
-6.90932e-11, 1.47586e-09
1.81952e-10, 1.27852e-09
8.69213e-12, 1.36245e-09
6.10396e-11, 1.26667e-09
-1.44339e-10, 1.25692e-09
-1.31635e-11, 1.03669e-09
3.65351e-10, 1.20774e-09
-4.37165e-10, 1.3106e-09
1.99342e-10, 1.28193e-09
-2.533e-10, 1.59881e-09
-8.02425e-11, 1.36718e-09
-1.118e-10, 1.11231e-09
1.74958e-10, 1.19223e-09
3.01515e-10, 1.40679e-09
-5.0561e-10, 1.43239e-09
8.15138e-11, 1.44016e-09
2.08966e-10, 1.45243e-09
3.7367e-10, 1.56746e-09
-7.81673e-10, 1.40172e-09
2.56785e-10, 1.44222e-09
4.59973e-12, 1.7431e-09
2.8607e-10, 1.54136e-09
3.05472e-10, 1.45204e-09
-2.50706e-10, 1.50415e-09
9.77986e-11, 1.42166e-09
-1.16787e-10, 1.42004e-09
2.76467e-10, 1.6875e-09
-9.40064e-11, 1.10332e-09
-1.74447e-10, 1.15238e-09
6.14804e-11, 1.3348e-09
-2.46676e-10, 1.29806e-09
6.18577e-11, 1.53687e-09
8.11382e-11, 1.45725e-09
-5.26615e-11, 1.63312e-09
-1.9208e-11, 1.49745e-09
-2.26381e-10, 1.65877e-09
1.546e-10, 1.52193e-09
-5.81509e-11, 1.3805e-09
-1.79842e-10, 1.50161e-09
7.31294e-10, 1.85812e-09
-6.16142e-10, 1.74994e-09
3.43333e-10, 1.74406e-09
-9.83907e-12, 1.66231e-09
-3.05928e-10, 1.59384e-09
2.11787e-10, 1.02175e-09
-2.87241e-10, 1.07252e-09
1.19849e-10, 1.14434e-09
1.69209e-10, 9.919e-10
-1.05704e-10, 1.09255e-09
-1.55394e-10, 1.19451e-09
4.87051e-10, 1.18994e-09
-3.78191e-10, 1.07473e-09
-2.3011e-11, 1.28718e-09
4.23528e-10, 1.12161e-09
-6.18459e-11, 9.73766e-10
-2.32831e-11, 1.18355e-09
-4.16838e-10, 1.10983e-09
3.0896e-10, 1.01584e-09
-1.29562e-10, 1.17049e-09
-2.286e-10, 1.32372e-09
-1.85964e-10, 1.45464e-09
1.70796e-10, 9.53618e-10
2.87089e-10, 9.52767e-10
-8.80599e-11, 1.52365e-09
1.20544e-10, 1.02095e-09
-1.04873e-10, 1.30394e-09
-9.3128e-11, 1.61201e-09
-1.21936e-10, 1.56155e-09
4.12087e-10, 1.24485e-09
-9.41994e-11, 1.51007e-09
-4.52234e-10, 1.33573e-09
4.58078e-10, 1.2447e-09
-5.1781e-10, 1.5552e-09
1.82959e-10, 1.37587e-09
1.41911e-10, 1.44143e-09
-3.1422e-10, 1.53344e-09
9.2518e-11, 1.38545e-09
2.74375e-10, 1.50693e-09
-1.31346e-10, 1.4099e-09
3.10457e-10, 1.26461e-09
1.28062e-10, 1.09665e-09
-3.64194e-10, 1.03848e-09
1.16116e-10, 1.30995e-09
-7.33813e-11, 1.29483e-09
-4.33255e-11, 1.55839e-09
2.56566e-10, 1.55986e-09
-4.93205e-10, 1.2535e-09
5.03784e-10, 1.44328e-09
-1.31906e-10, 1.30046e-09
-2.47128e-10, 1.09638e-09
2.83468e-10, 1.5736e-09
-4.17867e-10, 1.25706e-09
6.5586e-10, 1.42466e-09
-5.41826e-10, 1.63593e-09
1.66285e-10, 1.53555e-09
1.17274e-10, 1.18777e-09
1.99183e-10, 1.53717e-09
-1.59014e-10, 1.7423e-09
-5.47162e-11, 1.6527e-09
-2.8372e-10, 1.93369e-09
3.1689e-10, 1.8564e-09
-1.24446e-10, 1.40075e-09
1.15641e-10, 1.24072e-09
1.2534e-10, 1.27708e-09
-2.70211e-10, 1.08437e-09
-2.29096e-10, 1.52127e-09
3.42522e-10, 1.39664e-09
1.41263e-11, 1.30664e-09
-3.21333e-10, 1.53775e-09
5.59582e-10, 1.57222e-09
-4.99694e-10, 1.36031e-09
3.24754e-10, 1.34654e-09
-4.79263e-11, 1.45225e-09
-1.92379e-10, 1.62444e-09
1.49618e-10, 1.47587e-09
1.98575e-10, 1.53609e-09
-2.47873e-10, 1.46397e-09
-8.779e-11, 1.36245e-09
7.34135e-11, 1.43548e-09
1.76806e-10, 1.29255e-09
-1.37993e-10, 1.62318e-09
-2.96726e-11, 1.68395e-09
1.24064e-10, 1.75148e-09
-2.14128e-10, 1.62404e-09
-9.49412e-11, 1.44071e-09
1.4541e-10, 1.37399e-09
3.57227e-10, 1.86886e-09
-1.96897e-10, 1.73712e-09
1.03398e-26, 1.41865e-09
-2.49081e-10, 1.56981e-09
1.5812e-10, 1.45461e-09
2.04722e-11, 1.6851e-09
-5.13546e-12, 1.78674e-09
-1.54587e-11, 1.31799e-09
1.03408e-11, 1.77621e-09
1.03758e-10, 1.72579e-09
-1.7178e-10, 1.69845e-09
-1.0446e-10, 1.18391e-09
4.45453e-10, 1.79353e-09
-1.26198e-10, 1.49286e-09
-1.10794e-10, 1.73584e-09
-2.22331e-10, 1.69491e-09
-1.00915e-10, 1.67495e-09
-1.1191e-10, 1.76881e-09
7.75293e-10, 2.11593e-09
-3.05785e-10, 1.74199e-09
-3.82157e-10, 1.27315e-09
6.04841e-10, 1.51745e-09
-2.98004e-10, 1.8619e-09
9.78513e-11, 1.76384e-09
-6.27226e-10, 1.57118e-09
7.16849e-10, 1.73242e-09
-1.86665e-10, 1.69399e-09
-3.19475e-10, 1.64081e-09
8.84202e-11, 1.61518e-09
2.93851e-10, 1.64529e-09
-1.05687e-10, 1.96104e-09
7.25486e-11, 2.03706e-09
2.79943e-10, 1.82886e-09
-7.86391e-11, 2.03881e-09
-1.01436e-10, 1.77397e-09
-2.14837e-10, 1.81617e-09
-8.50788e-11, 2.01609e-09
5.12124e-11, 1.8376e-09
1.54133e-10, 1.88973e-09
-3.77984e-10, 1.68772e-09
1.72364e-11, 1.74667e-09
2.59377e-10, 1.94548e-09
2.65991e-10, 1.83024e-09
-3.7126e-10, 1.63483e-09
1.74584e-11, 2.21309e-09
6.24672e-10, 1.69063e-09
-4.2168e-10, 1.7308e-09
-5.8753e-11, 1.83475e-09
-1.23773e-10, 1.72351e-09
3.7841e-10, 1.69503e-09
-1.12696e-10, 1.97319e-09
-2.02305e-10, 2.12099e-09
-7.16271e-11, 1.3852e-09
-7.18529e-11, 1.63298e-09
3.00329e-10, 1.63529e-09
-1.9884e-10, 1.64044e-09
3.20351e-10, 1.87084e-09
-2.42532e-10, 1.92351e-09
1.58139e-10, 1.44732e-09
-3.05063e-11, 2.25222e-09
-2.99893e-10, 2.16911e-09
-9.20899e-11, 2.11326e-09
1.78594e-10, 1.90303e-09
-2.10036e-10, 1.89645e-09
-2.35473e-10, 1.8176e-09
6.46446e-10, 1.6439e-09
1.55876e-10, 1.79353e-09
-6.81714e-10, 1.95438e-09
5.01881e-11, 1.79269e-09
3.33519e-10, 1.72107e-09
-1.83052e-10, 1.56496e-09
2.91248e-10, 1.56995e-09
-4.5091e-10, 1.89665e-09
3.05772e-10, 2.04321e-09
1.34183e-10, 1.72248e-09
-6.02461e-10, 1.76693e-09
1.22144e-10, 1.58214e-09
4.5782e-10, 2.01064e-09
-2.005e-10, 2.16325e-09
3.50315e-10, 1.85206e-09
4.09936e-10, 2.18618e-09
-7.0487e-10, 2.51435e-09
6.02255e-10, 2.07709e-09
-5.12144e-10, 2.04618e-09
1.71228e-10, 2.11485e-09
-1.84952e-10, 2.16288e-09
-6.62523e-11, 1.90871e-09
3.98703e-11, 1.67059e-09
-2.46602e-10, 1.80594e-09
3.34239e-11, 2.09315e-09
2.74893e-10, 2.29658e-09
-4.03478e-11, 1.87982e-09
-1.34892e-10, 1.8679e-09
1.6235e-10, 1.88736e-09
1.49262e-10, 2.00251e-09
-7.14492e-10, 2.39623e-09
4.16311e-10, 1.83774e-09
3.01175e-10, 1.75427e-09
1.44166e-10, 2.0603e-09
-8.26226e-11, 2.51773e-09
-1.07725e-09, 1.94071e-09
1.01115e-09, 1.4402e-09
-3.47296e-11, 2.03677e-09
4.24939e-10, 2.14927e-09
-6.14816e-10, 2.58631e-09
2.59255e-10, 2.25989e-09
1.05409e-10, 2.30924e-09
3.52385e-11, 2.21891e-09
-5.86656e-10, 2.41003e-09
1.41772e-10, 2.64207e-09
4.62092e-10, 2.41924e-09
-8.27039e-10, 2.01157e-09
7.36471e-10, 2.41272e-09
-3.29857e-10, 2.55067e-09
3.88337e-10, 2.28416e-09
-5.76965e-10, 2.34786e-09
1.80819e-10, 2.46514e-09
2.97392e-10, 1.98921e-09
5.09194e-11, 1.89214e-09
-7.44086e-10, 2.33708e-09
3.51157e-10, 2.19882e-09
-2.86127e-10, 2.01895e-09
-9.56468e-11, 2.52738e-09
9.14914e-10, 2.39886e-09
-7.25127e-10, 3.08803e-09
4.97153e-10, 2.85924e-09
-3.57176e-10, 2.05457e-09
9.02924e-10, 2.23901e-09
-7.93221e-10, 2.14762e-09
2.02616e-10, 2.54262e-09
-6.84809e-10, 2.7182e-09
4.45243e-10, 2.03628e-09
-3.32977e-10, 2.26403e-09
4.5533e-10, 2.24378e-09
3.80502e-11, 2.41474e-09
2.82358e-10, 2.62411e-09
1.53051e-10, 2.57995e-09
-8.90168e-10, 2.41798e-09
2.53941e-10, 2.47159e-09
1.46615e-10, 2.71453e-09
3.0178e-10, 2.66515e-09
-3.41412e-10, 2.77959e-09
7.703e-10, 2.32657e-09
-6.94404e-10, 2.22754e-09
2.34714e-11, 2.67982e-09
-3.29504e-10, 2.49866e-09
2.91076e-10, 2.79957e-09
-3.1554e-11, 2.1584e-09
2.92675e-10, 2.05208e-09
-4.83839e-10, 2.4541e-09
5.40836e-10, 2.21866e-09
-4.3066e-10, 2.39447e-09
-1.75933e-10, 1.57554e-09
-1.28299e-10, 2.61592e-09
1.10959e-09, 3.18831e-09
-7.01425e-10, 2.24593e-09
-1.94021e-10, 2.19295e-09
8.91672e-11, 2.55322e-09
-1.86945e-10, 2.60783e-09
3.25999e-10, 2.67935e-09
-1.47095e-10, 2.49501e-09
5.08027e-10, 2.27515e-09
-1.72536e-10, 2.48131e-09
-7.00238e-10, 2.94026e-09
-8.26019e-12, 2.63847e-09
5.30069e-10, 2.37695e-09
9.55016e-10, 2.79585e-09
-1.64035e-09, 1.81935e-09
4.5084e-10, 2.98774e-09
3.26474e-10, 2.28992e-09
-1.76262e-10, 2.14466e-09
1.93562e-10, 2.52277e-09
-2.1939e-10, 2.48349e-09
-1.18446e-10, 3.44147e-09
4.15659e-10, 2.39404e-09
-4.25263e-10, 2.76885e-09
4.26386e-11, 3.07004e-09
-5.98514e-11, 3.0174e-09
7.37253e-10, 2.51524e-09
-7.82168e-10, 2.78795e-09
6.03248e-11, 2.70057e-09
2.24651e-10, 2.89788e-09
2.59892e-11, 3.50636e-09
-3.82172e-10, 2.6107e-09
2.7867e-10, 2.62203e-09
2.61934e-11, 2.52179e-09
1.13801e-10, 3.3168e-09
-4.38834e-10, 2.81238e-09
-1.7599e-11, 2.36992e-09
4.32294e-10, 2.52061e-09
6.2801e-10, 2.37686e-09
-1.35682e-09, 2.34697e-09
5.95699e-10, 2.54416e-09
-4.99184e-10, 3.37679e-09
7.14959e-11, 2.57807e-09
3.136e-10, 2.45878e-09
2.15593e-10, 2.64907e-09
3.9627e-10, 2.87948e-09
-1.14671e-09, 2.44459e-09
6.24614e-10, 2.21864e-09
-6.62514e-10, 2.27868e-09
7.27899e-10, 2.59274e-09
-2.91903e-10, 3.13132e-09
6.76746e-10, 2.53215e-09
-6.05121e-10, 2.50627e-09
-6.98578e-10, 3.13499e-09
5.80555e-10, 3.71133e-09
7.85276e-10, 2.90427e-09
-3.42692e-10, 3.39524e-09
3.24988e-10, 3.31795e-09
-1.86177e-10, 2.75076e-09
-5.2261e-10, 2.74669e-09
9.35585e-11, 2.82293e-09
8.62905e-10, 2.77789e-09
-4.13731e-10, 2.67488e-09
-6.69288e-10, 3.09659e-09
-4.1581e-10, 2.52277e-09
8.2423e-10, 2.76373e-09
-4.7488e-11, 3.33182e-09
-4.2846e-10, 3.37309e-09
8.97239e-10, 3.85655e-09
2.5836e-10, 3.05817e-09
-4.31671e-10, 2.49641e-09
-2.11564e-10, 2.92406e-09
-7.71234e-11, 2.62843e-09
6.66839e-10, 3.13531e-09
-1.39511e-09, 3.12533e-09
-1.65108e-10, 2.26153e-09
1.20729e-09, 2.68522e-09
-2.04965e-10, 2.2391e-09
5.08784e-10, 3.39017e-09
-5.4927e-10, 3.91309e-09
9.83251e-11, 3.27084e-09
-1.87276e-10, 3.74071e-09
5.53326e-10, 3.27924e-09
-1.53528e-09, 3.37069e-09
1.31066e-09, 2.74263e-09
3.18513e-10, 2.8275e-09
-1.0776e-09, 3.92543e-09
4.00085e-10, 4.03496e-09
4.71245e-10, 3.64088e-09
3.21628e-10, 2.3894e-09
-1.22918e-09, 2.89383e-09
6.05983e-11, 3.25712e-09
8.27181e-26, 3.69831e-09
5.58178e-10, 4.40159e-09
-4.27275e-10, 3.01985e-09
1.73362e-10, 3.50128e-09
-3.4756e-10, 3.14815e-09
1.22964e-10, 3.65166e-09
6.3684e-10, 2.80052e-09
-1.54444e-10, 3.01147e-09
-4.1284e-11, 3.6825e-09
8.27659e-11, 3.3857e-09
2.0741e-11, 2.85021e-09
3.3265e-10, 2.5142e-09
-2.91763e-10, 2.80988e-09
-4.38689e-10, 2.8703e-09
8.16649e-10, 3.63104e-09
-1.02849e-09, 2.76505e-09
7.67939e-10, 3.72138e-09
-1.5817e-10, 3.04712e-09
1.37406e-10, 3.34946e-09
-1.01709e-09, 3.19996e-09
8.49583e-11, 3.3686e-09
2.12898e-10, 3.23296e-09
-2.6675e-10, 3.54246e-09
3.85025e-10, 3.48281e-09
1.71525e-10, 4.38832e-09
-1.07455e-11, 2.87187e-09
5.70851e-10, 2.93394e-09
-1.43587e-09, 3.009e-09
2.70534e-10, 3.49154e-09
7.4842e-10, 3.4643e-09
-7.82786e-10, 3.33536e-09
9.37178e-10, 3.53594e-09
1.31074e-10, 3.35201e-09
-2.62759e-10, 3.30457e-09
-1.86554e-10, 3.6804e-09
-4.3997e-11, 3.82995e-09
8.93008e-10, 3.13672e-09
-9.39281e-10, 3.57057e-09
1.66139e-10, 3.58671e-09
3.55251e-10, 3.41481e-09
-4.56217e-10, 3.55844e-09
6.46869e-10, 3.73275e-09
-7.15432e-10, 2.82278e-09
6.05036e-10, 2.85137e-09
-4.37976e-10, 2.97565e-09
2.25119e-10, 2.9967e-09
3.04608e-10, 3.40068e-09
-1.9223e-10, 3.93143e-09
-5.21342e-10, 3.26091e-09
-4.203e-10, 4.36654e-09
1.22962e-09, 4.65711e-09
-5.59157e-10, 4.45086e-09
4.00308e-10, 3.19685e-09
-2.06342e-10, 4.36598e-09
-1.14895e-10, 4.02591e-09
-6.90935e-10, 3.01436e-09
8.42545e-10, 2.83233e-09
8.56023e-10, 3.53197e-09
-1.02028e-09, 3.9443e-09
4.4157e-10, 3.59921e-09
-2.3293e-10, 3.00607e-09
-4.08548e-10, 4.17594e-09
2.92478e-10, 3.63172e-09
-4.45567e-10, 3.50698e-09
5.75838e-10, 2.95036e-09
-9.42255e-11, 3.7649e-09
-7.08277e-10, 4.50745e-09
2.83946e-10, 4.36571e-09
9.72319e-10, 3.35206e-09
-4.63479e-10, 4.088e-09
-8.21832e-10, 3.66624e-09
1.18178e-09, 3.6814e-09
-7.2979e-10, 3.26655e-09
-6.35492e-10, 2.77808e-09
9.854e-10, 4.55344e-09
-4.21532e-10, 4.41835e-09
5.19031e-10, 3.78715e-09
-1.65732e-09, 4.29888e-09
8.97176e-10, 3.55223e-09
1.70111e-10, 2.41749e-09
2.80086e-10, 3.38488e-09
-2.4409e-10, 4.04999e-09
1.95703e-10, 3.64947e-09
-1.83875e-10, 4.2705e-09
-2.70277e-10, 3.8654e-09
3.20119e-10, 4.10839e-09
3.70179e-11, 3.07694e-09
7.17248e-10, 3.01079e-09
4.21376e-10, 3.2959e-09
-1.06817e-09, 3.4765e-09
1.24477e-10, 3.85476e-09
-8.73237e-11, 3.03374e-09
-1.2502e-10, 3.75851e-09
-1.50351e-10, 3.73565e-09
8.78954e-10, 4.37283e-09
-6.41772e-10, 4.82385e-09
-1.26111e-10, 4.37006e-09
5.43452e-10, 3.75046e-09
-5.57295e-10, 4.44827e-09
-2.53864e-10, 4.08989e-09
-6.1059e-10, 3.63587e-09
1.12183e-09, 3.39769e-09
-3.70492e-10, 4.33107e-09
3.58487e-10, 4.76537e-09
1.16759e-09, 4.17832e-09
-1.77443e-09, 3.87491e-09
1.04375e-09, 4.14333e-09
-6.58587e-10, 4.40137e-09
-4.14116e-10, 3.16505e-09
1.81564e-10, 4.33911e-09
4.02893e-10, 4.70305e-09
-3.90729e-10, 3.34296e-09
9.78907e-10, 3.99413e-09
-8.63274e-10, 4.56981e-09
-5.2431e-11, 4.36439e-09
-4.86018e-10, 3.9547e-09
8.29302e-10, 4.74364e-09
-3.95744e-10, 3.53078e-09
5.41996e-10, 4.1233e-09
1.98711e-10, 4.68975e-09
-1.07531e-09, 3.94549e-09
3.85801e-10, 3.41537e-09
8.79884e-10, 4.56524e-09
-5.34387e-10, 5.05201e-09
3.74859e-10, 5.28872e-09
-2.6832e-10, 4.8835e-09
6.7221e-11, 4.54296e-09
2.42504e-10, 3.85217e-09
-2.56513e-10, 4.30096e-09
-7.17035e-10, 4.18614e-09
1.00324e-09, 4.60836e-09
-7.20039e-10, 4.44939e-09
-5.17333e-10, 3.24848e-09
9.14042e-10, 4.19604e-09
-8.20251e-10, 3.83126e-09
-8.21959e-11, 4.16072e-09
2.88284e-10, 5.45444e-09
1.00421e-09, 4.48003e-09
-1.51634e-10, 4.09597e-09
-3.45337e-10, 4.32e-09
-6.22894e-10, 3.77067e-09
6.65796e-10, 3.52699e-09
-1.70963e-09, 4.64376e-09
6.40693e-10, 3.73533e-09
5.16403e-10, 5.08997e-09
-4.4754e-10, 4.23457e-09
1.86392e-09, 4.6358e-09
-1.51667e-09, 4.34787e-09
1.18205e-09, 4.54474e-09
-1.22678e-09, 4.37768e-09
5.08675e-10, 4.29706e-09
-1.1327e-10, 3.48192e-09
-2.27004e-10, 3.35816e-09
-5.11804e-10, 5.1197e-09
1.12542e-09, 4.15599e-09
-4.85345e-10, 4.83208e-09
-4.43422e-10, 4.82637e-09
7.16653e-11, 4.17053e-09
4.30866e-10, 3.83286e-09
-1.43914e-10, 3.27922e-09
1.87468e-10, 4.42412e-09
3.03447e-10, 5.07782e-09
2.46145e-10, 4.74731e-09
-4.35252e-10, 4.14443e-09
2.47141e-10, 4.88219e-09
-4.80713e-10, 4.29422e-09
4.23297e-10, 3.69579e-09
-1.60885e-10, 5.07981e-09
-6.15523e-10, 4.74968e-09
1.11604e-09, 5.17738e-09
-3.09e-10, 5.25176e-09
-7.22447e-10, 4.91279e-09
2.09782e-09, 4.32878e-09
-2.13163e-09, 4.17916e-09
2.81819e-10, 3.82178e-09
-4.45867e-10, 5.3318e-09
7.44596e-10, 4.97533e-09
1.6563e-09, 4.97562e-09
-1.73436e-09, 4.63358e-09
4.79397e-10, 4.66768e-09
-4.8035e-10, 4.46701e-09
-2.85775e-10, 5.01986e-09
-9.19308e-10, 4.80252e-09
2.71809e-10, 3.69256e-09
7.41391e-10, 4.04549e-09
8.94462e-10, 4.9132e-09
-2.73426e-10, 5.174e-09
-8.6756e-10, 4.5514e-09
3.20258e-10, 3.99924e-09
5.95938e-10, 4.95306e-09
-5.05248e-10, 4.9304e-09
1.53407e-11, 5.35187e-09
-4.91867e-10, 4.96352e-09
1.12427e-09, 3.34174e-09
1.69743e-10, 4.94929e-09
5.41151e-10, 4.6786e-09
-1.14639e-09, 4.79804e-09
-2.01787e-10, 4.61088e-09
6.06543e-10, 4.84448e-09
-5.76561e-10, 4.94984e-09
4.37168e-10, 4.74896e-09
-9.85543e-10, 5.0855e-09
5.64264e-10, 5.17156e-09
-2.82681e-10, 4.86981e-09
1.14865e-09, 5.80152e-09
-2.99545e-10, 5.62078e-09
-2.0377e-09, 4.36067e-09
2.00999e-09, 4.72847e-09
-9.19724e-10, 5.16462e-09
1.04861e-09, 6.16863e-09
-2.54699e-10, 5.87578e-09
6.69874e-10, 5.05713e-09
-2.63672e-09, 5.88808e-09
2.33759e-09, 4.59331e-09
-1.95709e-09, 5.28491e-09
1.68762e-09, 4.53989e-09
1.07893e-09, 5.48795e-09
-1.40368e-09, 4.68175e-09
-1.61652e-10, 4.24502e-09
-2.26746e-10, 4.86974e-09
-2.75862e-10, 4.78415e-09
-2.76389e-10, 5.31423e-09
1.14024e-10, 5.06856e-09
9.30256e-10, 5.36093e-09
6.37704e-10, 4.99156e-09
-8.51891e-10, 5.89215e-09
4.9241e-11, 5.80035e-09
-4.60456e-10, 5.57275e-09
6.75519e-10, 5.18169e-09
-1.15551e-10, 5.80159e-09
6.11928e-10, 4.51964e-09
-1.90554e-09, 5.24681e-09
9.46271e-10, 4.36903e-09
-6.65305e-11, 4.84931e-09
-2.83288e-10, 5.07476e-09
3.673e-10, 5.99773e-09
1.07052e-09, 5.63684e-09
-1.02226e-09, 4.52194e-09
-3.35798e-10, 6.10331e-09
-2.18679e-10, 5.86586e-09
2.19089e-10, 3.9889e-09
1.23258e-09, 3.97062e-09
-1.57321e-09, 4.9383e-09
9.32136e-10, 4.82183e-09
-3.39592e-11, 6.02707e-09
5.51454e-26, 4.89678e-09
-1.53388e-10, 6.10155e-09
5.29321e-10, 4.85326e-09
-4.61881e-10, 4.88368e-09
-7.71234e-10, 5.3445e-09
2.23215e-10, 4.8844e-09
9.97733e-10, 4.61188e-09
-1.39597e-09, 5.32169e-09
1.0705e-09, 4.42149e-09
3.8056e-10, 6.30461e-09
-8.31849e-10, 5.92875e-09
-3.81969e-10, 5.64035e-09
-1.73943e-11, 4.29569e-09
9.58454e-10, 4.81061e-09
-1.64111e-09, 6.41431e-09
7.69592e-10, 5.65749e-09
5.9578e-10, 6.18249e-09
-7.54872e-10, 6.02735e-09
6.15559e-10, 5.88968e-09
4.58112e-10, 5.67135e-09
-6.35472e-10, 5.252e-09
1.43243e-09, 6.10018e-09
-6.90953e-10, 6.082e-09
-9.22955e-10, 4.57005e-09
4.26758e-10, 6.04375e-09
2.6721e-10, 6.44083e-09
-1.62403e-09, 5.53383e-09
1.84154e-09, 5.19973e-09
-3.22409e-10, 4.94944e-09
-5.5627e-10, 6.1118e-09
6.29188e-10, 7.68778e-09
-5.04264e-10, 5.07585e-09
7.93852e-10, 4.87684e-09
-6.86842e-10, 5.07693e-09
7.60516e-10, 5.90361e-09
-6.3491e-10, 5.84627e-09
4.36154e-10, 4.86496e-09
4.0053e-10, 4.46605e-09
2.55342e-10, 6.58679e-09
-1.6079e-09, 4.69606e-09
4.57613e-10, 4.56605e-09
5.68461e-10, 4.8325e-09
-9.92003e-10, 5.72804e-09
3.86472e-10, 5.67736e-09
8.66513e-10, 6.50316e-09
-2.21634e-10, 6.28604e-09
3.51549e-10, 5.03151e-09
-1.64968e-09, 4.58657e-09
2.41395e-10, 5.79934e-09
1.04171e-09, 6.77798e-09
6.70868e-10, 6.21098e-09
-6.72065e-10, 5.78493e-09
-1.87017e-11, 5.26808e-09
1.79856e-09, 6.34628e-09
-1.78299e-09, 5.7587e-09
2.63224e-10, 5.7314e-09
-2.07186e-10, 6.49766e-09
-6.41528e-10, 5.91833e-09
1.28533e-09, 7.03537e-09
-4.35514e-10, 6.78936e-09
1.89689e-11, 6.63068e-09
-2.03326e-09, 7.40317e-09
7.04331e-10, 5.83262e-09
2.66974e-10, 7.72315e-09
1.2035e-09, 5.33389e-09
-9.75978e-10, 7.27121e-09
4.40922e-10, 5.91686e-09
-3.84084e-10, 5.5765e-09
2.11617e-10, 5.92981e-09
9.25042e-10, 6.54546e-09
2.75727e-26, 5.5471e-09
-4.44805e-10, 5.95202e-09
-1.51111e-09, 6.90229e-09
2.89165e-09, 6.40519e-09
-2.08019e-09, 6.99824e-09
1.48009e-09, 7.45572e-09
-1.67777e-09, 4.64721e-09
7.23087e-10, 5.11266e-09
-1.33123e-09, 5.36551e-09
1.17666e-09, 6.7183e-09
-3.53612e-10, 6.6305e-09
-2.95188e-10, 5.56281e-09
1.1828e-09, 5.62505e-09
-7.70154e-10, 5.84504e-09
-1.78036e-10, 6.36065e-09
-5.54848e-10, 6.66937e-09
-3.97005e-10, 5.53605e-09
1.17319e-09, 4.72855e-09
5.57729e-10, 6.61283e-09
-4.19018e-10, 7.55301e-09
-1.33917e-09, 4.96808e-09
2.66293e-09, 5.59117e-09
-7.62147e-10, 7.0682e-09
-1.42646e-09, 7.00218e-09
1.56979e-09, 7.52424e-09
-1.73376e-09, 7.51793e-09
-8.68367e-10, 5.95795e-09
1.09237e-09, 4.88374e-09
-2.75727e-26, 5.64629e-09
1.94865e-09, 6.93851e-09
-1.72832e-09, 6.41139e-09
1.03876e-09, 5.2803e-09
4.69259e-10, 8.1027e-09
-3.37216e-09, 6.5382e-09
3.58263e-09, 6.7149e-09
-1.04586e-09, 4.92719e-09
-3.2867e-10, 5.47447e-09
1.64614e-10, 6.98931e-09
-3.7101e-10, 6.35548e-09
7.43278e-10, 8.08135e-09
-1.09612e-09, 7.07362e-09
2.25811e-09, 7.31237e-09
-9.54575e-10, 7.13941e-09
-3.32587e-10, 7.05291e-09
-2.91505e-10, 7.24479e-09
-3.54568e-10, 6.7636e-09
2.71597e-10, 5.62618e-09
8.37091e-10, 7.02359e-09
-9.64275e-10, 6.87698e-09
1.8898e-10, 5.04247e-09
1.28301e-09, 7.95396e-09
1.65436e-25, 6.34573e-09
-1.66719e-09, 6.18265e-09
-5.91892e-10, 5.60308e-09
4.02314e-10, 6.64111e-09
2.33308e-10, 5.19918e-09
-1.3597e-09, 7.84017e-09
1.17044e-09, 7.04599e-09
8.52651e-11, 6.25203e-09
1.00354e-09, 7.5984e-09
6.84397e-10, 6.60161e-09
-7.28382e-10, 6.18171e-09
-9.22721e-10, 6.10199e-09
-1.07471e-10, 7.31453e-09
8.61199e-11, 7.05132e-09
2.80354e-10, 8.37019e-09
6.04841e-10, 7.26258e-09
2.59647e-10, 6.69273e-09
-3.68442e-10, 6.02888e-09
-4.99304e-10, 7.02982e-09
1.80481e-09, 6.96854e-09
-2.37409e-09, 7.16477e-09
1.52716e-10, 7.90774e-09
4.80755e-10, 8.51901e-09
1.31331e-09, 6.96591e-09
-1.53472e-09, 6.29352e-09
9.88226e-10, 4.89996e-09
-3.07953e-10, 7.97857e-09
-1.1457e-09, 7.47414e-09
9.931e-10, 6.79008e-09
-1.03894e-09, 7.33611e-09
1.68273e-09, 6.09685e-09
-8.20566e-10, 7.54233e-09
7.33053e-10, 6.06727e-09
-8.6775e-10, 6.31872e-09
9.80597e-10, 7.65962e-09
-1.25007e-09, 5.78342e-09
1.34154e-10, 7.26871e-09
-3.35931e-10, 8.31727e-09
-6.72955e-11, 7.15646e-09
2.74113e-09, 5.45642e-09
-2.79059e-09, 6.71247e-09
4.95909e-10, 8.28393e-09
1.80623e-10, 7.90857e-09
1.69608e-09, 6.89815e-09
-2.26511e-09, 5.11332e-09
-8.8482e-10, 5.61579e-09
2.95417e-10, 7.53754e-09
1.52499e-09, 6.60074e-09
-1.11709e-09, 7.52634e-09
2.32912e-09, 7.91921e-09
-1.73822e-09, 8.47363e-09
6.1852e-10, 7.66998e-09
1.35375e-09, 7.1192e-09
-3.0336e-09, 5.58587e-09
1.33509e-09, 7.28412e-09
1.45251e-09, 7.26166e-09
-2.30927e-09, 7.88539e-09
2.31296e-11, 6.76672e-09
2.52517e-09, 5.43845e-09
-1.09057e-09, 6.92082e-09
-7.43706e-10, 6.95813e-09
-2.79335e-10, 5.74054e-09
4.66301e-11, 8.0966e-09
1.16761e-09, 7.73872e-09
-2.4325e-09, 6.74184e-09
1.17133e-09, 7.00766e-09
-7.74309e-10, 6.73545e-09
3.9952e-10, 7.29677e-09
9.88618e-10, 5.47472e-09
4.24366e-10, 5.14127e-09
-2.59746e-09, 6.88843e-09
4.09156e-09, 5.53451e-09
-1.30284e-09, 7.9581e-09
8.30394e-10, 8.33321e-09
1.66341e-10, 7.31582e-09
-3.02267e-09, 7.29949e-09
2.0024e-09, 6.72742e-09
-6.6852e-10, 5.71503e-09
-1.53045e-09, 6.61081e-09
3.78425e-09, 8.17974e-09
-9.35557e-10, 6.48799e-09
-4.56501e-10, 6.67781e-09
-3.60961e-10, 9.50592e-09
-4.09731e-10, 9.47852e-09
-1.44838e-10, 6.70126e-09
1.23305e-09, 8.41949e-09
-7.26459e-10, 7.26943e-09
-1.18841e-09, 7.05801e-09
2.67202e-09, 6.12983e-09
-2.11663e-09, 6.85289e-09
-2.4367e-10, 6.83754e-09
1.00061e-09, 8.02806e-09
-2.22432e-09, 9.43543e-09
8.32357e-10, 8.01561e-09
1.9125e-09, 7.71385e-09
-9.57735e-10, 7.80169e-09
3.93527e-10, 7.58418e-09
4.92673e-10, 8.22778e-09
-1.15958e-09, 7.75971e-09
2.1992e-09, 6.60129e-09
-2.35109e-09, 6.09859e-09
3.71799e-10, 7.00129e-09
-7.69574e-10, 7.38137e-09
1.36748e-09, 6.90399e-09
-2.46527e-09, 6.27152e-09
1.87051e-09, 7.63204e-09
-3.24721e-10, 5.85165e-09
1.35092e-09, 6.05205e-09
-1.07739e-09, 7.06641e-09
7.52822e-11, 6.52354e-09
-1.55822e-09, 6.81071e-09
3.42329e-09, 6.9257e-09
-2.62182e-09, 7.13416e-09
1.76739e-10, 8.96591e-09
1.84596e-09, 7.72567e-09
-6.58473e-10, 7.03421e-09
-1.82625e-09, 7.09375e-09
-8.38312e-10, 9.02879e-09
2.2898e-09, 9.30641e-09
-1.96204e-09, 7.89175e-09
1.04631e-09, 6.00715e-09
1.25238e-09, 6.28397e-09
-1.1263e-09, 7.06533e-09
1.17928e-09, 6.73634e-09
-2.33648e-09, 6.70467e-09
1.08001e-09, 7.70048e-09
2.57536e-11, 7.60012e-09
1.62494e-09, 6.61526e-09
5.16636e-11, 6.97726e-09
-7.50257e-10, 6.29727e-09
5.95932e-10, 8.27911e-09
-1.16772e-09, 7.67699e-09
-7.79654e-11, 8.10578e-09
-3.90416e-10, 9.25376e-09
8.34144e-10, 7.10707e-09
-7.57082e-10, 7.26717e-09
2.09165e-09, 6.88678e-09
-3.6659e-10, 7.13866e-09
-1.36367e-09, 6.78274e-09
-1.26066e-09, 7.75365e-09
1.05213e-09, 1.08125e-08
-7.11253e-10, 8.26175e-09
-6.06791e-10, 8.13245e-09
2.72144e-09, 7.26099e-09
-1.00553e-09, 7.92233e-09
8.4803e-10, 8.21854e-09
-3.63606e-09, 6.10439e-09
2.0201e-09, 6.97213e-09
1.09142e-09, 8.96775e-09
-1.33298e-10, 9.06995e-09
2.40294e-10, 8.52496e-09
-5.88261e-10, 6.13697e-09
1.07116e-09, 8.5935e-09
-5.90013e-10, 7.8252e-09
1.02063e-09, 6.46597e-09
-2.28638e-09, 8.38894e-09
8.88969e-10, 7.96855e-09
2.77878e-09, 7.64309e-09
-2.56675e-09, 9.06003e-09
-8.38811e-10, 8.57922e-09
-1.32782e-09, 8.79966e-09
1.24837e-09, 8.95752e-09
5.43573e-11, 8.88188e-09
1.17041e-09, 9.12624e-09
-8.45027e-10, 9.66785e-09
1.20116e-09, 1.02872e-08
-7.92841e-10, 1.10941e-08
8.76147e-10, 7.84395e-09
-2.19359e-10, 6.9991e-09
-2.19681e-10, 8.95623e-09
4.67509e-10, 8.73551e-09
-4.68195e-10, 8.04934e-09
-2.26166e-09, 9.86454e-09
2.09925e-09, 7.40158e-09
-5.53243e-11, 7.93648e-09
-1.85608e-09, 8.01085e-09
2.13622e-09, 1.03613e-08
5.00107e-10, 1.05949e-08
-1.66946e-09, 8.06136e-09
3.62243e-10, 7.59035e-09
1.56271e-09, 8.12736e-09
-3.24176e-09, 9.36777e-09
1.0635e-09, 7.90876e-09
-1.00899e-09, 7.74414e-09
3.56468e-09, 8.76888e-09
-1.99575e-09, 9.75792e-09
-1.9705e-10, 7.13816e-09
6.48388e-10, 8.86917e-09
1.27042e-09, 8.72742e-09
-2.79898e-09, 9.79427e-09
3.68075e-10, 6.35895e-09
4.82026e-10, 8.23163e-09
-3.1235e-10, 9.30179e-09
1.53557e-09, 1.03816e-08
-1.19606e-09, 8.61302e-09
1.9963e-09, 9.77568e-09
-2.97021e-09, 9.16067e-09
4.57613e-10, 7.86309e-09
1.63259e-09, 9.31376e-09
-1.63494e-09, 8.40574e-09
4.30866e-10, 8.56474e-09
-1.17939e-09, 7.88562e-09
9.21823e-10, 1.00162e-08
-6.34662e-10, 1.08944e-08
1.44448e-09, 8.96323e-09
8.6793e-10, 8.6125e-09
-2.40471e-09, 1.15476e-08
4.93235e-10, 9.85962e-09
9.00714e-10, 8.11621e-09
1.25116e-09, 9.96967e-09
1.31122e-09, 9.452e-09
-1.25473e-09, 1.12326e-08
-8.47422e-10, 9.12856e-09
-1.5802e-09, 7.32535e-09
2.57881e-09, 9.94617e-09
-5.28235e-10, 8.15998e-09
-1.4694e-10, 7.46393e-09
-2.94298e-11, 9.33667e-09
-1.73882e-09, 6.47094e-09
1.85934e-09, 8.0253e-09
-5.31993e-10, 9.01776e-09
-1.59824e-09, 9.17717e-09
2.60822e-09, 8.36615e-09
4.45212e-10, 1.00576e-08
-2.31837e-09, 9.41024e-09
2.024e-09, 9.21053e-09
-1.84801e-09, 1.01822e-08
-4.47731e-10, 8.49745e-09
-3.8858e-10, 1.09549e-08
2.1851e-09, 1.06066e-08
-1.22897e-09, 7.60378e-09
6.90394e-10, 1.02217e-08
1.80356e-10, 9.037e-09
-1.89639e-09, 1.05656e-08
6.93306e-10, 1.07525e-08
5.43348e-10, 1.11784e-08
-9.06848e-10, 9.90363e-09
1.21082e-09, 9.41216e-09
6.66885e-10, 8.627e-09
-1.85168e-09, 9.80665e-09
3.03977e-11, 9.05368e-09
-8.21885e-10, 9.33184e-09
2.89585e-09, 7.13483e-09
-1.64836e-09, 9.707e-09
-1.25327e-09, 9.63095e-09
-2.14272e-10, 9.34896e-09
2.36027e-09, 1.05082e-08
-1.22782e-10, 1.03387e-08
-1.0451e-09, 7.71055e-09
3.57057e-09, 6.12406e-09
-3.0207e-09, 1.18346e-08
-4.93859e-10, 8.65268e-09
8.34542e-10, 9.77042e-09
1.64044e-09, 1.05781e-08
1.33277e-09, 1.02019e-08
-1.11735e-09, 1.04585e-08
-1.30537e-09, 9.55921e-09
-6.84712e-10, 9.60676e-09
2.20581e-25, 1.14486e-08
-1.99739e-09, 1.14433e-08
2.40642e-09, 8.82734e-09
1.68994e-09, 8.9967e-09
-1.41022e-09, 1.04062e-08
-8.78678e-10, 1.24159e-08
9.42734e-11, 1.15521e-08
-6.29353e-10, 1.0371e-08
9.45324e-11, 1.04282e-08
2.46121e-09, 9.51216e-09
-2.3066e-09, 9.27373e-09
1.51875e-09, 8.87267e-09
-1.29904e-09, 8.36411e-09
2.12572e-09, 8.34738e-09
-1.87446e-09, 8.87126e-09
-1.08167e-09, 1.01448e-08
1.17872e-09, 8.58973e-09
6.69916e-10, 8.90306e-09
-3.19442e-10, 1.12831e-08
7.99694e-10, 1.12652e-08
-2.72266e-09, 9.62565e-09
-6.41497e-11, 9.4311e-09
6.74487e-10, 1.07819e-08
2.25134e-10, 1.05363e-08
1.61029e-09, 9.3884e-09
-9.67482e-10, 1.06774e-08
-3.03555e-09, 1.16812e-08
5.04455e-09, 8.29388e-09
-8.09516e-10, 7.45775e-09
-2.23729e-09, 8.22386e-09
1.3312e-09, 7.74958e-09
1.95073e-10, 8.71082e-09
-3.90672e-10, 9.16069e-09
-5.21599e-10, 1.05235e-08
9.14029e-10, 1.06439e-08
-1.11139e-09, 9.40502e-09
-4.90978e-10, 9.01316e-09
6.88294e-10, 9.0943e-09
1.70664e-09, 7.2662e-09
-3.18782e-09, 8.41481e-09
6.58164e-11, 1.05684e-08
1.384e-09, 8.13436e-09
-2.63972e-10, 9.52544e-09
-2.31285e-10, 7.94498e-09
2.74606e-09, 7.58369e-09
-2.31905e-09, 1.01432e-08
2.62071e-09, 1.1255e-08
-1.72733e-09, 1.09072e-08
3.99148e-10, 8.57084e-09
-1.13243e-09, 9.35462e-09
