6.98661, 0.176076
6.98612, 0.176077
6.98463, 0.176078
6.98211, 0.176081
6.97859, 0.176084
6.97407, 0.176087
6.96856, 0.17609
6.96206, 0.176092
6.9546, 0.176094
6.94617, 0.176095
6.93679, 0.176095
6.92648, 0.176093
6.91525, 0.17609
6.90312, 0.176085
6.89011, 0.176079
6.87623, 0.17607
6.8615, 0.176059
6.84596, 0.176046
6.82962, 0.176031
6.8125, 0.176013
6.79463, 0.175993
6.77603, 0.175971
6.75673, 0.175947
6.73676, 0.17592
6.71614, 0.175892
6.69489, 0.175862
6.67306, 0.175829
6.65065, 0.175795
6.62771, 0.17576
6.60425, 0.175723
6.58031, 0.175685
6.55592, 0.175646
6.5311, 0.175607
6.50587, 0.175566
6.48027, 0.175526
6.45432, 0.175485
6.42805, 0.175444
6.40148, 0.175403
6.37465, 0.175363
6.34756, 0.175323
6.32026, 0.175284
6.29276, 0.175246
6.26508, 0.17521
6.23725, 0.175174
6.20929, 0.17514
6.18122, 0.175108
6.15307, 0.175077
6.12485, 0.175049
6.09658, 0.175022
6.06827, 0.174997
6.03996, 0.174975
6.01165, 0.174955
5.98336, 0.174937
5.95511, 0.174921
5.92691, 0.174908
5.89878, 0.174897
5.87073, 0.174889
5.84277, 0.174884
5.81492, 0.174881
5.78718, 0.17488
5.75958, 0.174882
5.73211, 0.174886
5.70479, 0.174893
5.67763, 0.174903
5.65063, 0.174915
5.62381, 0.174929
5.59717, 0.174945
5.57072, 0.174964
5.54447, 0.174985
5.51842, 0.175009
5.49258, 0.175034
5.46695, 0.175062
5.44153, 0.175091
5.41634, 0.175123
5.39138, 0.175156
5.36664, 0.175192
5.34214, 0.175229
5.31787, 0.175268
5.29384, 0.175308
5.27004, 0.17535
5.24649, 0.175394
5.22318, 0.175439
5.20012, 0.175485
5.1773, 0.175533
5.15472, 0.175582
5.13239, 0.175633
5.11031, 0.175684
5.08847, 0.175737
5.06688, 0.175791
5.04554, 0.175845
5.02444, 0.175901
5.00358, 0.175957
4.98297, 0.176015
4.96259, 0.176073
4.94246, 0.176132
4.92257, 0.176192
4.90292, 0.176252
4.8835, 0.176313
4.86432, 0.176375
4.84538, 0.176438
4.82666, 0.1765
4.79586, 0.176607
4.76558, 0.176715
4.73592, 0.176824
4.70688, 0.176935
4.67844, 0.177046
4.65059, 0.177159
4.62332, 0.177272
4.59662, 0.177386
4.57047, 0.177501
4.54488, 0.177616
4.51981, 0.177732
4.49527, 0.177848
4.47124, 0.177966
4.44771, 0.178083
4.42467, 0.178201
4.4021, 0.17832
4.38, 0.178439
4.35834, 0.178558
4.33713, 0.178678
4.31635, 0.178799
4.29599, 0.17892
4.27604, 0.179041
4.25649, 0.179163
4.23732, 0.179286
4.21853, 0.179409
4.20011, 0.179532
4.18205, 0.179656
4.16433, 0.179781
4.14696, 0.179906
4.12991, 0.180033
4.11319, 0.180159
4.09677, 0.180287
4.08066, 0.180415
4.06485, 0.180544
4.04932, 0.180673
4.03407, 0.180804
4.0191, 0.180935
4.00438, 0.181067
3.98993, 0.1812
3.97572, 0.181334
3.96176, 0.181469
3.94803, 0.181605
3.93453, 0.181742
3.92125, 0.181879
3.90819, 0.182018
3.89534, 0.182158
3.8827, 0.182299
3.87025, 0.182441
3.85799, 0.182585
3.84593, 0.182729
3.83405, 0.182875
3.82234, 0.183021
3.8108, 0.183169
3.79944, 0.183319
3.78823, 0.183469
3.77719, 0.183621
3.7663, 0.183774
3.75555, 0.183928
3.74496, 0.184084
3.7345, 0.184241
3.72418, 0.1844
3.71399, 0.184559
3.70394, 0.184721
3.694, 0.184883
3.68419, 0.185047
3.6745, 0.185212
3.66493, 0.185379
3.65546, 0.185547
3.64611, 0.185717
3.63686, 0.185888
3.62771, 0.186061
3.61866, 0.186235
3.60971, 0.18641
3.60085, 0.186587
3.59209, 0.186766
3.58341, 0.186946
3.57482, 0.187127
3.56631, 0.18731
3.55789, 0.187495
3.54954, 0.187681
3.54127, 0.187868
3.53307, 0.188057
3.52494, 0.188248
3.51689, 0.18844
3.5089, 0.188633
3.50098, 0.188828
3.49312, 0.189024
3.48532, 0.189222
3.47758, 0.189422
3.4699, 0.189622
3.46228, 0.189825
3.45471, 0.190029
3.44719, 0.190234
3.43973, 0.190441
3.43231, 0.190649
3.42494, 0.190858
3.41762, 0.191069
3.41034, 0.191282
3.40311, 0.191495
3.39591, 0.191711
3.37874, 0.192233
3.36172, 0.192763
3.3449, 0.193301
3.32827, 0.193846
3.31181, 0.194398
3.29551, 0.194957
3.27934, 0.195523
3.26331, 0.196095
3.24738, 0.196673
3.23156, 0.197257
3.21583, 0.197846
3.20018, 0.198441
3.1846, 0.19904
3.16908, 0.199643
3.15362, 0.20025
3.13819, 0.200861
3.1228, 0.201474
3.10743, 0.202091
3.09209, 0.202709
3.07675, 0.203329
3.06143, 0.20395
3.0461, 0.204571
3.03076, 0.205193
3.01542, 0.205814
3.00006, 0.206435
2.98468, 0.207053
2.96928, 0.20767
2.95385, 0.208284
2.93838, 0.208895
2.92288, 0.209502
2.90734, 0.210105
2.89177, 0.210703
2.87614, 0.211295
2.86047, 0.211881
2.84476, 0.21246
2.82899, 0.213032
2.81317, 0.213596
2.7973, 0.214151
2.78138, 0.214697
2.7654, 0.215234
2.74937, 0.215759
2.73328, 0.216274
2.71713, 0.216777
2.70092, 0.217269
2.68466, 0.217747
2.66835, 0.218212
2.65198, 0.218662
2.63555, 0.219099
2.61906, 0.21952
2.60253, 0.219925
2.58593, 0.220315
2.56929, 0.220687
2.55259, 0.221043
2.53585, 0.22138
2.51906, 0.2217
2.50221, 0.222
2.48533, 0.222282
2.4684, 0.222543
2.45142, 0.222785
2.43441, 0.223006
2.41736, 0.223206
2.40027, 0.223385
2.38315, 0.223542
2.36599, 0.223678
2.34881, 0.223791
2.33159, 0.223881
2.31435, 0.223948
2.29709, 0.223992
2.27981, 0.224013
2.26251, 0.22401
2.24519, 0.223982
2.22787, 0.223931
2.21053, 0.223856
2.19318, 0.223756
2.17583, 0.223631
2.15847, 0.223482
2.14112, 0.223308
2.12376, 0.223109
2.10642, 0.222885
2.08908, 0.222636
2.07175, 0.222362
2.05443, 0.222064
2.03713, 0.22174
2.01985, 0.221391
2.00259, 0.221018
1.98536, 0.22062
1.96815, 0.220198
1.95097, 0.219751
1.93382, 0.219279
1.9167, 0.218784
1.89963, 0.218265
1.88259, 0.217721
1.86559, 0.217154
1.84864, 0.216564
1.83174, 0.215951
1.81488, 0.215315
1.79808, 0.214656
1.78133, 0.213975
1.76463, 0.213272
1.748, 0.212547
1.72728, 0.211613
1.70664, 0.210647
1.68611, 0.209649
1.66568, 0.208619
1.64536, 0.207559
1.62516, 0.206469
1.60508, 0.205349
1.58511, 0.204202
1.56527, 0.203027
1.54556, 0.201825
1.52598, 0.200597
1.50653, 0.199344
1.48722, 0.198067
1.46805, 0.196766
1.44903, 0.195443
1.43014, 0.194099
1.41141, 0.192734
1.39282, 0.191349
1.37439, 0.189945
1.3561, 0.188523
1.33798, 0.187084
1.32001, 0.185629
1.3022, 0.184158
1.28455, 0.182673
1.26706, 0.181174
1.24974, 0.179662
1.23257, 0.178138
1.21558, 0.176604
1.19875, 0.175059
1.18209, 0.173504
1.16559, 0.171941
1.14927, 0.17037
1.13311, 0.168792
1.11713, 0.167208
1.10131, 0.165618
1.08566, 0.164024
1.07019, 0.162425
1.05488, 0.160823
1.03975, 0.159219
1.02479, 0.157612
1.00999, 0.156004
0.995371, 0.154396
0.980919, 0.152788
0.966636, 0.15118
0.952523, 0.149574
0.938579, 0.147969
0.924803, 0.146367
0.911194, 0.144767
0.897753, 0.143171
0.884478, 0.141579
0.871368, 0.139992
0.858424, 0.138409
0.845643, 0.136832
0.833025, 0.135261
0.82057, 0.133696
0.808275, 0.132137
0.79614, 0.130586
0.784165, 0.129042
0.772347, 0.127506
0.760686, 0.125979
0.749181, 0.124459
0.737829, 0.122949
0.726631, 0.121448
0.715585, 0.119956
0.70469, 0.118474
0.693944, 0.117001
0.683345, 0.115539
0.672894, 0.114088
0.662588, 0.112647
0.652425, 0.111217
0.642405, 0.109798
0.632527, 0.10839
0.622788, 0.106994
0.613187, 0.105609
0.603723, 0.104236
0.594395, 0.102875
0.5852, 0.101526
0.576139, 0.100189
0.567208, 0.0988639
0.558407, 0.0975513
0.549734, 0.0962511
0.541188, 0.0949633
0.532767, 0.093688
0.52447, 0.0924253
0.516295, 0.0911752
0.508241, 0.0899378
0.500306, 0.0887131
0.49249, 0.0875011
0.48479, 0.0863018
0.477204, 0.0851154
0.469733, 0.0839416
0.462374, 0.0827806
0.455125, 0.0816324
0.447986, 0.080497
0.440955, 0.0793742
0.43403, 0.0782642
0.42721, 0.0771668
0.420494, 0.0760821
0.413881, 0.07501
0.407368, 0.0739504
0.396699, 0.0722076
0.386267, 0.0704946
0.376101, 0.068816
0.366195, 0.0671715
0.356543, 0.0655608
0.347139, 0.0639834
0.337976, 0.0624391
0.329051, 0.0609274
0.320356, 0.059448
0.311887, 0.0580004
0.303637, 0.0565842
0.295602, 0.055199
0.287776, 0.0538444
0.280154, 0.0525198
0.272731, 0.0512248
0.265503, 0.0499589
0.258464, 0.0487217
0.251609, 0.0475126
0.244935, 0.0463312
0.238436, 0.045177
0.232108, 0.0440496
0.225946, 0.0429483
0.219947, 0.0418728
0.214106, 0.0408225
0.20842, 0.039797
0.202884, 0.0387958
0.197494, 0.0378184
0.192247, 0.0368643
0.187139, 0.0359331
0.182166, 0.0350242
0.177325, 0.0341373
0.172612, 0.0332718
0.168025, 0.0324273
0.163559, 0.0316034
0.159212, 0.0307996
0.15498, 0.0300155
0.150861, 0.0292506
0.146851, 0.0285045
0.142948, 0.0277768
0.139149, 0.0270672
0.135451, 0.0263751
0.131851, 0.0257002
0.128347, 0.025042
0.124936, 0.0244003
0.121616, 0.0237746
0.118385, 0.0231646
0.115239, 0.0225698
0.112177, 0.02199
0.109197, 0.0214247
0.106296, 0.0208737
0.103473, 0.0203366
0.100725, 0.019813
0.0980494, 0.0193026
0.0954455, 0.0188052
0.092911, 0.0183204
0.0904439, 0.0178479
0.0880426, 0.0173874
0.0857052, 0.0169385
0.0834301, 0.0165012
0.0812156, 0.0160749
0.07906, 0.0156595
0.0769618, 0.0152548
0.0749195, 0.0148603
0.0729315, 0.014476
0.0709965, 0.0141014
0.069113, 0.0137365
0.0672795, 0.0133809
0.0654949, 0.0130345
0.0637578, 0.0126969
0.0620668, 0.012368
0.0604209, 0.0120475
0.0588187, 0.0117353
0.0572591, 0.0114311
0.055741, 0.0111348
0.0542632, 0.010846
0.0528248, 0.0105647
0.0514245, 0.0102907
0.0500615, 0.0100237
0.0487347, 0.00976359
0.0474431, 0.0095102
0.0461859, 0.00926334
0.044962, 0.00902285
0.0437706, 0.00878857
0.0426109, 0.00856035
0.0414819, 0.00833802
0.040383, 0.00812144
0.0393131, 0.00791045
0.0382717, 0.00770492
0.0372579, 0.0075047
0.036271, 0.00730965
0.0353102, 0.00711965
0.0343749, 0.00693457
0.0334644, 0.00675428
0.0325781, 0.00657865
0.0317153, 0.00640757
0.0308753, 0.00624092
0.0300575, 0.00607858
0.0292615, 0.00592045
0.0284865, 0.00576642
0.027732, 0.00561638
0.0269975, 0.00547022
0.0262825, 0.00532786
0.0255864, 0.00518919
0.0249087, 0.00505411
0.0242489, 0.00492254
0.0236067, 0.00479437
0.0229813, 0.00466953
0.0223725, 0.00454793
0.0217799, 0.00442948
0.0212028, 0.0043141
0.0206411, 0.00420171
0.0200942, 0.00409224
0.0195617, 0.0039856
0.0190433, 0.00388173
0.0185386, 0.00378055
0.0180472, 0.00368199
0.0175689, 0.00358599
0.0171031, 0.00349247
0.0166496, 0.00340138
0.0162081, 0.00331264
0.0157783, 0.0032262
0.0153598, 0.00314201
0.0149524, 0.00305999
0.0145557, 0.0029801
0.0141694, 0.00290227
0.0137934, 0.00282647
0.0134273, 0.00275263
0.0130708, 0.0026807
0.0127238, 0.00261064
0.0123859, 0.0025424
0.0120569, 0.00247592
0.0117365, 0.00241117
0.0114247, 0.0023481
0.011121, 0.00228665
0.0108253, 0.00222681
0.0105375, 0.00216851
0.0102572, 0.00211173
0.00998427, 0.00205642
0.00971855, 0.00200255
0.00945983, 0.00195007
0.00920793, 0.00189896
0.00896266, 0.00184917
0.00872385, 0.00180067
0.00849132, 0.00175342
0.00826491, 0.0017074
0.00804446, 0.00166257
0.00782981, 0.0016189
0.0076208, 0.00157634
0.00741729, 0.00153489
0.00721913, 0.00149451
0.00702619, 0.00145519
0.00683831, 0.00141688
0.00665537, 0.00137956
0.00647725, 0.00134321
0.00630381, 0.0013078
0.00613493, 0.00127329
0.00597048, 0.00123967
0.00581036, 0.00120691
0.00565446, 0.00117501
0.00550264, 0.00114394
0.00535482, 0.00111367
0.00521089, 0.00108419
0.00507073, 0.00105546
0.00493426, 0.00102748
0.00480137, 0.00100022
0.00467197, 0.000973655
0.00454597, 0.000947779
0.00442327, 0.000922573
0.0043038, 0.000898016
0.00418746, 0.000874093
0.00407417, 0.00085079
0.00396387, 0.000828087
0.00385646, 0.000805969
0.00375187, 0.000784422
0.00365003, 0.000763431
0.00355086, 0.000742981
0.00345429, 0.000723058
0.00336025, 0.000703654
0.00326867, 0.000684758
0.0031795, 0.000666349
0.00309266, 0.000648418
0.0030081, 0.000630955
0.00292576, 0.000613938
0.00284557, 0.000597358
0.0027675, 0.000581204
0.00269147, 0.000565467
0.00261743, 0.000550136
0.00254533, 0.000535201
0.00247512, 0.000520645
0.00240674, 0.000506458
0.00234016, 0.00049264
0.00227533, 0.000479184
0.00221219, 0.000466077
0.00215071, 0.000453309
0.00209084, 0.00044087
0.00203255, 0.000428751
0.00197577, 0.000416945
0.00192049, 0.000405442
0.00186665, 0.000394236
0.00181423, 0.000383318
0.00176318, 0.000372682
0.00171346, 0.000362319
0.00166505, 0.000352223
0.0016179, 0.000342387
0.00157199, 0.000332804
0.00152728, 0.000323468
0.00148375, 0.000314372
0.00144135, 0.00030551
0.00140006, 0.000296876
0.00135985, 0.000288464
0.0013207, 0.000280269
0.00128257, 0.000272284
0.00124544, 0.000264505
0.00120928, 0.000256926
0.00117407, 0.000249543
0.00113977, 0.000242349
0.00110638, 0.00023534
0.00107386, 0.000228511
0.00104219, 0.000221857
0.00101135, 0.000215375
0.000981312, 0.000209059
0.000952063, 0.000202906
0.000923579, 0.000196911
0.00089584, 0.000191069
0.000868827, 0.000185378
0.00084252, 0.000179833
0.000816901, 0.000174431
0.000791952, 0.000169167
0.000767656, 0.000164038
0.000743994, 0.000159042
0.000720952, 0.000154173
0.000698512, 0.00014943
0.000676658, 0.000144808
0.000655376, 0.000140305
0.000634642, 0.000135913
0.000614447, 0.000131632
0.000594786, 0.000127464
0.000575641, 0.000123405
0.000556997, 0.00011945
0.000538841, 0.000115597
0.000521159, 0.000111843
0.000503939, 0.000108186
0.000487169, 0.000104622
0.000470837, 0.00010115
0.000454932, 9.77671e-05
0.000439443, 9.44713e-05
0.000424358, 9.12593e-05
0.000409667, 8.81297e-05
0.000395355, 8.50798e-05
0.000381416, 8.21078e-05
0.000367844, 7.92125e-05
0.000354627, 7.63917e-05
0.000341756, 7.36433e-05
0.000329221, 7.09654e-05
0.000317015, 6.83567e-05
0.000305126, 6.58149e-05
0.000293548, 6.33376e-05
0.000282272, 6.09239e-05
0.00027129, 5.8572e-05
0.000260595, 5.62804e-05
0.00025018, 5.40476e-05
0.000240036, 5.1872e-05
0.000230156, 4.97522e-05
0.000220535, 4.76867e-05
0.000211165, 4.56741e-05
0.000202039, 4.37131e-05
0.000193151, 4.18024e-05
0.000184495, 3.99407e-05
0.000176065, 3.81266e-05
0.000167855, 3.63591e-05
0.000159859, 3.46369e-05
0.000152072, 3.29588e-05
0.000144488, 3.13237e-05
0.000137102, 2.97313e-05
0.000129908, 2.81796e-05
0.000122902, 2.6667e-05
0.000116078, 2.51932e-05
0.000109433, 2.37571e-05
0.00010296, 2.2358e-05
9.66562e-05, 2.09947e-05
9.05168e-05, 1.96663e-05
8.45376e-05, 1.83724e-05
7.87143e-05, 1.71116e-05
7.30424e-05, 1.58827e-05
6.75184e-05, 1.46853e-05
6.2139e-05, 1.35195e-05
5.68998e-05, 1.23834e-05
5.17964e-05, 1.12756e-05
4.68261e-05, 1.01962e-05
4.19853e-05, 9.14448e-06
3.72707e-05, 8.11965e-06
3.26789e-05, 7.12105e-06
2.82067e-05, 6.14802e-06
2.38511e-05, 5.19988e-06
1.96089e-05, 4.276e-06
1.54773e-05, 3.37576e-06
1.14533e-05, 2.49855e-06
7.53417e-06, 1.64378e-06
3.71709e-06, 8.10883e-07
0, 0
