0, 0
-0.000414746, 0.00319392
-0.000411656, 0.00320125
-0.000409846, 0.00321604
-0.000409241, 0.00323833
-0.000409764, 0.00326808
-0.000411345, 0.00330525
-0.000413912, 0.00334972
-0.000417384, 0.00340135
-0.000421686, 0.00345996
-0.000426751, 0.00352532
-0.000432492, 0.00359721
-0.000438828, 0.00367538
-0.000445664, 0.00375956
-0.000452924, 0.00384949
-0.000460534, 0.00394489
-0.000468411, 0.00404551
-0.000476479, 0.00415106
-0.000484665, 0.00426128
-0.000492886, 0.00437594
-0.000501061, 0.00449478
-0.000509112, 0.00461758
-0.000516961, 0.00474413
-0.000524533, 0.0048742
-0.000531746, 0.0050076
-0.000538525, 0.00514412
-0.000544785, 0.00528358
-0.000550445, 0.0054258
-0.000555425, 0.0055706
-0.00055965, 0.00571783
-0.000563041, 0.00586731
-0.000565524, 0.00601891
-0.000567018, 0.00617246
-0.000567445, 0.00632784
-0.000566727, 0.00648489
-0.000564788, 0.0066435
-0.00056155, 0.00680351
-0.000556945, 0.00696482
-0.000550894, 0.0071273
-0.000543323, 0.00729084
-0.000534163, 0.00745532
-0.000523338, 0.00762062
-0.000510776, 0.00778665
-0.00049641, 0.0079533
-0.000480168, 0.00812046
-0.000461979, 0.00828803
-0.000441776, 0.00845592
-0.000419495, 0.00862404
-0.000395073, 0.00879229
-0.000368443, 0.0089606
-0.000339546, 0.00912887
-0.000308326, 0.00929703
-0.000274726, 0.00946499
-0.000238689, 0.00963268
-0.000200161, 0.00980004
-0.000159089, 0.00996698
-0.000115424, 0.0101335
-6.91176e-05, 0.0102994
-2.01232e-05, 0.0104647
3.16015e-05, 0.0106294
8.6097e-05, 0.0107934
0.000143403, 0.0109566
0.000203556, 0.011119
0.000266591, 0.0112806
0.00033254, 0.0114413
0.000401433, 0.011601
0.000473302, 0.0117598
0.000548171, 0.0119175
0.000626063, 0.0120743
0.000706996, 0.0122299
0.000790987, 0.0123845
0.000878054, 0.0125379
0.000968209, 0.0126902
0.00106147, 0.0128414
0.00115783, 0.0129913
0.00125732, 0.0131401
0.00135993, 0.0132877
0.00146566, 0.013434
0.00157453, 0.0135791
0.00168652, 0.0137229
0.00180164, 0.0138655
0.00191987, 0.0140068
0.00204122, 0.0141469
0.00216566, 0.0142857
0.0022932, 0.0144232
0.00242381, 0.0145595
0.00255749, 0.0146945
0.00269422, 0.0148282
0.00283398, 0.0149607
0.00297676, 0.0150919
0.00312253, 0.0152218
0.00327127, 0.0153506
0.00342296, 0.015478
0.00357757, 0.0156043
0.00373509, 0.0157293
0.00389547, 0.0158532
0.0040587, 0.0159758
0.00422475, 0.0160972
0.00439358, 0.0162175
0.00456516, 0.0163366
0.00473947, 0.0164545
0.00503594, 0.0166486
0.00533974, 0.0168395
0.00565069, 0.0170274
0.00596862, 0.0172124
0.00629337, 0.0173944
0.00662476, 0.0175736
0.00696261, 0.0177501
0.00730676, 0.0179239
0.007657, 0.018095
0.00801316, 0.0182637
0.00837506, 0.0184299
0.00874251, 0.0185937
0.00911531, 0.0187553
0.00949329, 0.0189146
0.00987628, 0.0190717
0.0102641, 0.0192268
0.0106565, 0.0193798
0.0110533, 0.019531
0.0114543, 0.0196802
0.0118595, 0.0198277
0.0122685, 0.0199734
0.0126812, 0.0201175
0.0130975, 0.02026
0.0135172, 0.020401
0.0139401, 0.0205405
0.014366, 0.0206787
0.0147948, 0.0208155
0.0152263, 0.020951
0.0156604, 0.0210853
0.0160968, 0.0212184
0.0165356, 0.0213504
0.0169764, 0.0214814
0.0174192, 0.0216114
0.0178638, 0.0217405
0.01831, 0.0218686
0.0187578, 0.0219959
0.019207, 0.0221224
0.0196575, 0.0222482
0.0201092, 0.0223733
0.0205618, 0.0224977
0.0210154, 0.0226215
0.0214698, 0.0227447
0.0219248, 0.0228674
0.0223804, 0.0229896
0.0228365, 0.0231114
0.0232929, 0.0232327
0.0237496, 0.0233537
0.0242064, 0.0234744
0.0246633, 0.0235947
0.0251202, 0.0237148
0.0255769, 0.0238346
0.0260334, 0.0239543
0.0264896, 0.0240738
0.0269454, 0.0241931
0.0274007, 0.0243123
0.0278556, 0.0244315
0.0283098, 0.0245506
0.0287633, 0.0246696
0.029216, 0.0247887
0.0296679, 0.0249078
0.030119, 0.025027
0.0305691, 0.0251463
0.0310181, 0.0252656
0.0314661, 0.0253851
0.031913, 0.0255048
0.0323587, 0.0256246
0.0328031, 0.0257446
0.0332463, 0.0258648
0.0336881, 0.0259853
0.0341285, 0.026106
0.0345674, 0.0262271
0.0350049, 0.0263484
0.0354409, 0.02647
0.0358753, 0.026592
0.0363081, 0.0267143
0.0367393, 0.026837
0.0371688, 0.0269601
0.0375966, 0.0270836
0.0380226, 0.0272075
0.0384468, 0.0273318
0.0388692, 0.0274566
0.0392898, 0.0275818
0.0397085, 0.0277076
0.0401253, 0.0278338
0.0405402, 0.0279606
0.0409532, 0.0280878
0.0413641, 0.0282156
0.0417731, 0.0283439
0.04218, 0.0284728
0.0425849, 0.0286023
0.0429877, 0.0287323
0.0433885, 0.028863
0.0437871, 0.0289942
0.0441836, 0.0291261
0.044578, 0.0292585
0.0449702, 0.0293916
0.0453602, 0.0295254
0.045748, 0.0296598
0.0461337, 0.0297948
0.0465171, 0.0299306
0.0474282, 0.0302591
0.0483263, 0.0305916
0.0492112, 0.0309282
0.0500829, 0.031269
0.0509411, 0.0316141
0.0517858, 0.0319636
0.0526168, 0.0323174
0.0534342, 0.0326757
0.0542378, 0.0330385
0.0550277, 0.0334059
0.0558036, 0.0337779
0.0565656, 0.0341545
0.0573137, 0.0345358
0.0580478, 0.0349217
0.058768, 0.0353123
0.0594741, 0.0357076
0.0601662, 0.0361076
0.0608443, 0.0365122
0.0615083, 0.0369215
0.0621583, 0.0373354
0.0627943, 0.0377539
0.0634163, 0.0381771
0.0640243, 0.0386047
0.0646184, 0.0390369
0.0651984, 0.0394735
0.0657645, 0.0399146
0.0663168, 0.04036
0.0668551, 0.0408097
0.0673795, 0.0412637
0.0678902, 0.0417218
0.068387, 0.0421841
0.0688701, 0.0426504
0.0693394, 0.0431206
0.0697951, 0.0435947
0.0702372, 0.0440727
0.0706657, 0.0445543
0.0710806, 0.0450395
0.0714821, 0.0455283
0.0718701, 0.0460205
0.0722448, 0.046516
0.0726061, 0.0470148
0.0729542, 0.0475167
0.0732892, 0.0480216
0.073611, 0.0485294
0.0739198, 0.04904
0.0742156, 0.0495534
0.0744985, 0.0500693
0.0747687, 0.0505876
0.0750261, 0.0511084
0.0752709, 0.0516313
0.0755031, 0.0521564
0.0757229, 0.0526834
0.0759303, 0.0532124
0.0761254, 0.0537431
0.0763084, 0.0542754
0.0764794, 0.0548093
0.0766384, 0.0553445
0.0767856, 0.055881
0.0769211, 0.0564187
0.077045, 0.0569574
0.0771574, 0.0574969
0.0772584, 0.0580373
0.0773482, 0.0585783
0.0774269, 0.0591198
0.0774947, 0.0596618
0.0775516, 0.060204
0.0775979, 0.0607464
0.0776335, 0.0612889
0.0776588, 0.0618313
0.0776738, 0.0623735
0.0776786, 0.0629154
0.0776735, 0.063457
0.0776586, 0.0639979
0.077634, 0.0645382
0.0775999, 0.0650778
0.0775565, 0.0656165
0.077504, 0.0661542
0.0774424, 0.0666909
0.0773719, 0.0672264
0.0772927, 0.0677605
0.077205, 0.0682933
0.077109, 0.0688247
0.0770047, 0.0693544
0.0768924, 0.0698824
0.0767723, 0.0704087
0.0766444, 0.0709331
0.0765091, 0.0714556
0.0763664, 0.071976
0.0762165, 0.0724943
0.0760596, 0.0730104
0.0758959, 0.0735242
0.0757256, 0.0740356
0.0755487, 0.0745446
0.0753656, 0.0750511
0.0751763, 0.0755549
0.0749811, 0.0760561
0.0747801, 0.0765546
0.0745734, 0.0770503
0.0743613, 0.0775431
0.0741439, 0.078033
0.073865, 0.0786412
0.0735785, 0.0792446
0.0732846, 0.0798432
0.0729837, 0.0804368
0.0726762, 0.0810253
0.0723622, 0.0816087
0.0720422, 0.0821869
0.0717165, 0.0827597
0.0713853, 0.0833272
0.071049, 0.0838892
0.0707078, 0.0844457
0.070362, 0.0849966
0.070012, 0.0855419
0.069658, 0.0860816
0.0693003, 0.0866155
0.0689391, 0.0871437
0.0685748, 0.0876661
0.0682075, 0.0881826
0.0678376, 0.0886934
0.0674652, 0.0891982
0.0670907, 0.0896972
0.0667142, 0.0901903
0.0663361, 0.0906774
0.0659565, 0.0911587
0.0655756, 0.091634
0.0651937, 0.0921034
0.064811, 0.0925668
0.0644276, 0.0930244
0.0640439, 0.093476
0.0636599, 0.0939218
0.0632758, 0.0943616
0.0628918, 0.0947956
0.0625082, 0.0952238
0.062125, 0.0956462
0.0617424, 0.0960628
0.0613606, 0.0964736
0.0609798, 0.0968786
0.0606, 0.097278
0.0602215, 0.0976717
0.0598442, 0.0980598
0.0594685, 0.0984422
0.0590944, 0.0988191
0.0587219, 0.0991905
0.0583513, 0.0995564
0.0579827, 0.0999169
0.057616, 0.100272
0.0572516, 0.100622
0.0568893, 0.100966
0.0565294, 0.101305
0.0561718, 0.101639
0.0558168, 0.101968
0.0554643, 0.102292
0.0551144, 0.102611
0.0547672, 0.102925
0.0544228, 0.103233
0.0540812, 0.103537
0.0537425, 0.103836
0.0534067, 0.104131
0.0530739, 0.10442
0.0527441, 0.104705
0.0524174, 0.104985
0.0520937, 0.105261
0.0517732, 0.105532
0.0514559, 0.105799
0.0511417, 0.106061
0.0508308, 0.106319
0.0505231, 0.106573
0.0502187, 0.106823
0.0499175, 0.107068
0.0496197, 0.107309
0.0493251, 0.107546
0.0490339, 0.10778
0.048746, 0.108009
0.0484614, 0.108234
0.0481802, 0.108456
0.0479023, 0.108673
0.0476277, 0.108887
0.0473565, 0.109098
0.0470886, 0.109304
0.046824, 0.109508
0.0465628, 0.109707
0.0463048, 0.109903
0.0460502, 0.110096
0.0457988, 0.110286
0.0455508, 0.110472
0.045306, 0.110655
0.0450644, 0.110834
0.0448261, 0.111011
0.0445909, 0.111184
0.044359, 0.111355
0.0441303, 0.111522
0.0439047, 0.111686
0.0436822, 0.111848
0.0434629, 0.112006
0.0432466, 0.112162
0.0430334, 0.112315
0.0428233, 0.112465
0.0426162, 0.112613
0.042412, 0.112758
0.0422109, 0.1129
0.0418822, 0.113132
0.0415615, 0.113357
0.0412488, 0.113575
0.0409439, 0.113786
0.0406466, 0.113992
0.0403568, 0.114191
0.0400744, 0.114384
0.0397993, 0.114571
0.0395313, 0.114753
0.0392702, 0.114929
0.039016, 0.1151
0.0387685, 0.115265
0.0385275, 0.115426
0.038293, 0.115582
0.0380647, 0.115733
0.0378426, 0.11588
0.0376264, 0.116022
0.0374162, 0.116159
0.0372117, 0.116293
0.0370128, 0.116423
0.0368194, 0.116548
0.0366313, 0.11667
0.0364485, 0.116788
0.0362708, 0.116902
0.036098, 0.117013
0.0359301, 0.117121
0.0357669, 0.117225
0.0356083, 0.117326
0.0354542, 0.117424
0.0353045, 0.117519
0.0351591, 0.117611
0.0350178, 0.117701
0.0348805, 0.117787
0.0347472, 0.117871
0.0346178, 0.117952
0.0344921, 0.118031
0.03437, 0.118108
0.0342515, 0.118182
0.0341364, 0.118254
0.0340247, 0.118324
0.0339162, 0.118391
0.033811, 0.118457
0.0337088, 0.11852
0.0336096, 0.118582
0.0335133, 0.118641
0.0334199, 0.118699
0.0333292, 0.118755
0.0332412, 0.11881
0.0331558, 0.118862
0.033073, 0.118913
0.0329926, 0.118963
0.0329146, 0.119011
0.0328389, 0.119058
0.0327655, 0.119103
0.0326943, 0.119147
0.0326252, 0.119189
0.0325582, 0.11923
0.0324932, 0.11927
0.0324301, 0.119309
0.032369, 0.119346
0.0323097, 0.119383
0.0322522, 0.119418
0.0321964, 0.119452
0.0321423, 0.119485
0.0320898, 0.119517
0.0320389, 0.119549
0.0319896, 0.119579
0.0319417, 0.119608
0.0318953, 0.119637
0.0318504, 0.119664
0.0318067, 0.119691
0.0317644, 0.119717
0.0317234, 0.119742
0.0316836, 0.119766
0.0316451, 0.11979
0.0316077, 0.119813
0.0315714, 0.119835
0.0315363, 0.119857
0.0315022, 0.119878
0.0314692, 0.119898
0.0314372, 0.119918
0.0314061, 0.119937
0.031376, 0.119955
0.0313469, 0.119973
0.0313186, 0.119991
0.0312912, 0.120008
0.0312646, 0.120024
0.0312388, 0.12004
0.0312139, 0.120055
0.0311896, 0.12007
0.0311662, 0.120085
0.0311434, 0.120099
0.0311214, 0.120113
0.0311, 0.120126
0.0310793, 0.120139
0.0310592, 0.120151
0.0310397, 0.120163
0.0310209, 0.120175
0.0310026, 0.120186
0.0309849, 0.120197
0.0309677, 0.120208
0.0309511, 0.120218
0.030935, 0.120228
0.0309194, 0.120238
0.0309043, 0.120248
0.0308896, 0.120257
0.0308754, 0.120266
0.0308616, 0.120275
0.0308483, 0.120283
0.0308353, 0.120291
0.0308228, 0.120299
0.0308107, 0.120307
0.0307989, 0.120314
0.0307875, 0.120321
0.0307764, 0.120328
0.0307657, 0.120335
0.0307553, 0.120342
0.0307453, 0.120348
0.0307355, 0.120354
0.0307261, 0.12036
0.0307169, 0.120366
0.030708, 0.120372
0.0306995, 0.120378
0.0306911, 0.120383
0.0306831, 0.120388
0.0306753, 0.120393
0.0306677, 0.120398
0.0306604, 0.120403
0.0306533, 0.120407
0.0306464, 0.120412
0.0306397, 0.120416
0.0306333, 0.12042
0.030627, 0.120424
0.030621, 0.120428
0.0306151, 0.120432
0.0306094, 0.120436
0.0306039, 0.12044
0.0305985, 0.120443
0.0305933, 0.120447
0.0305883, 0.12045
0.0305834, 0.120453
0.0305787, 0.120456
0.0305742, 0.120459
0.0305697, 0.120462
0.0305654, 0.120465
0.0305613, 0.120468
0.0305573, 0.120471
0.0305534, 0.120473
0.0305496, 0.120476
0.030546, 0.120478
0.0305424, 0.120481
0.030539, 0.120483
0.0305357, 0.120485
0.0305324, 0.120487
0.0305293, 0.120489
0.0305263, 0.120491
0.0305233, 0.120493
0.0305205, 0.120495
0.0305177, 0.120497
0.030515, 0.120499
0.0305124, 0.120501
0.0305099, 0.120503
0.0305075, 0.120504
0.0305051, 0.120506
0.0305028, 0.120507
0.0305006, 0.120509
0.0304985, 0.12051
0.0304964, 0.120512
0.0304943, 0.120513
0.0304924, 0.120515
0.0304905, 0.120516
0.0304886, 0.120517
0.0304868, 0.120518
0.0304851, 0.12052
0.0304834, 0.120521
0.0304818, 0.120522
0.0304802, 0.120523
0.0304787, 0.120524
0.0304772, 0.120525
0.0304758, 0.120526
0.0304744, 0.120527
0.0304731, 0.120528
0.0304718, 0.120529
0.0304706, 0.12053
0.0304694, 0.120531
0.0304682, 0.120532
0.0304671, 0.120532
0.030466, 0.120533
0.0304649, 0.120534
0.0304639, 0.120535
0.0304629, 0.120536
0.0304619, 0.120536
0.030461, 0.120537
0.0304601, 0.120538
0.0304592, 0.120538
0.0304583, 0.120539
0.0304575, 0.12054
0.0304567, 0.12054
0.0304559, 0.120541
0.0304552, 0.120541
0.0304545, 0.120542
0.0304538, 0.120542
0.0304531, 0.120543
0.0304524, 0.120543
0.0304518, 0.120544
0.0304512, 0.120544
0.0304506, 0.120545
0.03045, 0.120545
0.0304494, 0.120546
0.0304489, 0.120546
0.0304483, 0.120547
0.0304478, 0.120547
0.0304473, 0.120547
0.0304469, 0.120548
0.0304464, 0.120548
0.0304459, 0.120548
0.0304455, 0.120549
0.0304451, 0.120549
0.0304447, 0.120549
0.0304443, 0.12055
0.0304439, 0.12055
0.0304435, 0.12055
0.0304432, 0.120551
0.0304428, 0.120551
0.0304425, 0.120551
0.0304421, 0.120551
0.0304418, 0.120552
0.0304415, 0.120552
0.0304412, 0.120552
0.0304409, 0.120552
0.0304406, 0.120553
0.0304404, 0.120553
0.0304401, 0.120553
0.0304398, 0.120553
0.0304396, 0.120554
0.0304394, 0.120554
0.0304391, 0.120554
0.0304389, 0.120554
0.0304387, 0.120554
0.0304384, 0.120554
0.0304382, 0.120555
0.030438, 0.120555
0.0304378, 0.120555
0.0304376, 0.120555
0.0304375, 0.120555
0.0304373, 0.120555
0.0304371, 0.120555
0.0304369, 0.120556
0.0304368, 0.120556
0.0304366, 0.120556
0.0304365, 0.120556
0.0304363, 0.120556
0.0304362, 0.120556
0.030436, 0.120556
0.0304359, 0.120556
0.0304358, 0.120557
0.0304356, 0.120557
0.0304355, 0.120557
0.0304354, 0.120557
0.0304353, 0.120557
0.0304351, 0.120557
0.030435, 0.120557
0.0304349, 0.120557
0.0304348, 0.120557
0.0304347, 0.120557
0.0304346, 0.120557
0.0304345, 0.120557
0.0304344, 0.120558
0.0304343, 0.120558
0.0304343, 0.120558
0.0304342, 0.120558
0.0304341, 0.120558
0.030434, 0.120558
0.0304339, 0.120558
0.0304339, 0.120558
0.0304338, 0.120558
0.0304337, 0.120558
0.0304337, 0.120558
0.0304336, 0.120558
0.0304335, 0.120558
0.0304335, 0.120558
0.0304334, 0.120558
0.0304334, 0.120558
0.0304333, 0.120558
0.0304333, 0.120558
0.0304332, 0.120559
0.0304332, 0.120559
0.0304331, 0.120559
0.0304331, 0.120559
0.030433, 0.120559
0.030433, 0.120559
0.0304329, 0.120559
0.0304329, 0.120559
0.0304329, 0.120559
0.0304328, 0.120559
0.0304328, 0.120559
0.0304328, 0.120559
0.0304327, 0.120559
0.0304327, 0.120559
0.0304327, 0.120559
