-0.00039187, 0.0463939
-0.187984, 0.0458838
-0.374961, 0.0452794
-0.560711, 0.0445908
-0.744646, 0.0438296
-0.926204, 0.0430087
-1.10486, 0.0421419
-1.28014, 0.0412434
-1.4516, 0.0403271
-1.61886, 0.0394066
-1.7816, 0.0384941
-1.93955, 0.037601
-2.0925, 0.0367366
-2.24027, 0.0359087
-2.38276, 0.0351235
-2.51991, 0.034385
-2.65169, 0.0336959
-2.77813, 0.0330572
-2.89927, 0.0324687
-3.0152, 0.0319291
-3.12603, 0.0314362
-3.23188, 0.0309876
-3.3329, 0.0305802
-3.42925, 0.0302107
-3.52109, 0.0298759
-3.60862, 0.0295727
-3.69199, 0.0292983
-3.7714, 0.02905
-3.84702, 0.0288252
-3.91904, 0.0286217
-3.98763, 0.0284377
-4.05296, 0.0282714
-4.11521, 0.0281214
-4.17454, 0.0279864
-4.23109, 0.0278653
-4.28503, 0.0277571
-4.33649, 0.0276611
-4.38561, 0.0275765
-4.43253, 0.0275027
-4.47736, 0.027439
-4.52022, 0.027385
-4.56124, 0.0273401
-4.6005, 0.027304
-4.63811, 0.0272763
-4.67416, 0.0272564
-4.70875, 0.0272442
-4.74195, 0.0272391
-4.77384, 0.0272408
-4.8045, 0.027249
-4.834, 0.0272634
-4.86239, 0.0272836
-4.88975, 0.0273093
-4.91613, 0.0273402
-4.94158, 0.027376
-4.96616, 0.0274164
-4.9899, 0.0274611
-5.01287, 0.0275098
-5.03509, 0.0275623
-5.05661, 0.0276182
-5.07746, 0.0276774
-5.09768, 0.0277395
-5.11731, 0.0278043
-5.13636, 0.0278716
-5.15488, 0.0279411
-5.17289, 0.0280127
-5.19041, 0.0280861
-5.20746, 0.028161
-5.22407, 0.0282374
-5.24027, 0.028315
-5.25606, 0.0283935
-5.27148, 0.0284729
-5.28652, 0.0285529
-5.30123, 0.0286334
-5.31559, 0.0287142
-5.32965, 0.0287952
-5.34339, 0.0288761
-5.35685, 0.0289568
-5.37002, 0.0290372
-5.38293, 0.0291172
-5.39559, 0.0291966
-5.40799, 0.0292752
-5.42016, 0.029353
-5.4321, 0.0294298
-5.44382, 0.0295055
-5.45532, 0.0295799
-5.46663, 0.0296531
-5.47773, 0.0297247
-5.48865, 0.0297949
-5.49938, 0.0298634
-5.50994, 0.0299302
-5.52032, 0.0299951
-5.53053, 0.0300581
-5.54059, 0.0301192
-5.55048, 0.0301781
-5.56023, 0.0302349
-5.56982, 0.0302894
-5.57928, 0.0303417
-5.58859, 0.0303915
-5.59777, 0.030439
-5.60681, 0.0304839
-5.61573, 0.0305263
-5.62886, 0.0305851
-5.64173, 0.0306378
-5.65433, 0.0306843
-5.66668, 0.0307246
-5.67878, 0.0307584
-5.69064, 0.0307858
-5.70227, 0.0308066
-5.71367, 0.0308207
-5.72486, 0.0308282
-5.73584, 0.0308289
-5.74661, 0.0308228
-5.75717, 0.03081
-5.76755, 0.0307903
-5.77773, 0.0307639
-5.78773, 0.0307308
-5.79754, 0.0306909
-5.80718, 0.0306443
-5.81664, 0.0305912
-5.82594, 0.0305314
-5.83507, 0.0304652
-5.84404, 0.0303926
-5.85284, 0.0303136
-5.8615, 0.0302285
-5.87, 0.0301371
-5.87835, 0.0300398
-5.88656, 0.0299366
-5.89462, 0.0298275
-5.90255, 0.0297128
-5.91034, 0.0295926
-5.91799, 0.0294669
-5.92551, 0.0293359
-5.9329, 0.0291998
-5.94016, 0.0290588
-5.9473, 0.0289128
-5.95432, 0.0287621
-5.96121, 0.0286069
-5.96799, 0.0284472
-5.97466, 0.0282833
-5.98121, 0.0281153
-5.98765, 0.0279432
-5.99397, 0.0277674
-6.0002, 0.0275878
-6.00631, 0.0274048
-6.01233, 0.0272183
-6.01824, 0.0270287
-6.02405, 0.0268359
-6.02976, 0.0266402
-6.03538, 0.0264418
-6.0409, 0.0262407
-6.04633, 0.0260371
-6.05167, 0.0258311
-6.05692, 0.0256229
-6.06208, 0.0254126
-6.06716, 0.0252003
-6.07215, 0.0249862
-6.07705, 0.0247705
-6.08188, 0.0245532
-6.08662, 0.0243344
-6.09128, 0.0241144
-6.09587, 0.0238931
-6.10038, 0.0236708
-6.10482, 0.0234476
-6.10918, 0.0232235
-6.11347, 0.0229987
-6.11768, 0.0227733
-6.12183, 0.0225474
-6.12591, 0.0223211
-6.12992, 0.0220945
-6.13386, 0.0218677
-6.13774, 0.0216407
-6.14155, 0.0214138
-6.1453, 0.021187
-6.14899, 0.0209603
-6.15261, 0.0207338
-6.15618, 0.0205077
-6.15969, 0.020282
-6.16313, 0.0200568
-6.16653, 0.0198322
-6.16986, 0.0196082
-6.17314, 0.0193849
-6.17637, 0.0191624
-6.17954, 0.0189407
-6.18266, 0.0187199
-6.18572, 0.0185001
-6.18874, 0.0182813
-6.1917, 0.0180636
-6.19462, 0.017847
-6.19749, 0.0176316
-6.20031, 0.0174174
-6.20308, 0.0172045
-6.20581, 0.0169929
-6.20849, 0.0167827
-6.21112, 0.0165738
-6.21372, 0.0163665
-6.21627, 0.0161605
-6.21877, 0.0159561
-6.22124, 0.0157533
-6.22366, 0.015552
-6.22604, 0.0153523
-6.22839, 0.0151542
-6.23221, 0.0148277
-6.23592, 0.014506
-6.23953, 0.014189
-6.24304, 0.0138768
-6.24645, 0.0135696
-6.24976, 0.0132674
-6.25299, 0.0129702
-6.25612, 0.0126781
-6.25917, 0.0123911
-6.26213, 0.0121092
-6.265, 0.0118324
-6.2678, 0.0115608
-6.27052, 0.0112943
-6.27316, 0.0110329
-6.27573, 0.0107766
-6.27823, 0.0105254
-6.28065, 0.0102793
-6.28301, 0.0100381
-6.2853, 0.00980198
-6.28752, 0.00957076
-6.28969, 0.00934443
-6.29179, 0.00912294
-6.29383, 0.00890623
-6.29582, 0.00869425
-6.29775, 0.00848694
-6.29962, 0.00828422
-6.30144, 0.00808605
-6.30321, 0.00789235
-6.30493, 0.00770306
-6.3066, 0.00751811
-6.30822, 0.00733742
-6.3098, 0.00716093
-6.31133, 0.00698855
-6.31282, 0.00682023
-6.31427, 0.00665587
-6.31567, 0.00649542
-6.31704, 0.00633879
-6.31836, 0.00618591
-6.31965, 0.0060367
-6.3209, 0.0058911
-6.32212, 0.00574902
-6.3233, 0.00561039
-6.32445, 0.00547514
-6.32557, 0.00534319
-6.32665, 0.00521448
-6.32771, 0.00508894
-6.32873, 0.00496648
-6.32973, 0.00484705
-6.33069, 0.00473056
-6.33163, 0.00461697
-6.33255, 0.00450618
-6.33343, 0.00439815
-6.33429, 0.0042928
-6.33513, 0.00419008
-6.33595, 0.00408992
-6.33674, 0.00399225
-6.33751, 0.00389702
-6.33825, 0.00380416
-6.33898, 0.00371363
-6.33969, 0.00362535
-6.34037, 0.00353928
-6.34104, 0.00345536
-6.34169, 0.00337354
-6.34232, 0.00329375
-6.34293, 0.00321596
-6.34353, 0.00314011
-6.34411, 0.00306616
-6.34467, 0.00299404
-6.34522, 0.00292372
-6.34575, 0.00285516
-6.34627, 0.00278829
-6.34677, 0.00272309
-6.34726, 0.00265951
-6.34774, 0.00259751
-6.3482, 0.00253704
-6.34865, 0.00247807
-6.34909, 0.00242056
-6.34951, 0.00236446
-6.34993, 0.00230976
-6.35033, 0.00225639
-6.35072, 0.00220435
-6.3511, 0.00215357
-6.35147, 0.00210405
-6.35183, 0.00205574
-6.35218, 0.00200861
-6.35253, 0.00196263
-6.35286, 0.00191777
-6.35318, 0.001874
-6.3535, 0.00183129
-6.3538, 0.00178962
-6.3541, 0.00174896
-6.35439, 0.00170929
-6.35467, 0.00167057
-6.35495, 0.00163278
-6.35521, 0.0015959
-6.35547, 0.00155991
-6.35573, 0.00152478
-6.35597, 0.00149049
-6.35621, 0.00145702
-6.35645, 0.00142435
-6.35753, 0.00127225
-6.35847, 0.00113726
-6.35931, 0.00101732
-6.36004, 0.000910647
-6.36068, 0.00081567
-6.36124, 0.000731026
-6.36174, 0.000655522
-6.36218, 0.000588112
-6.36257, 0.000527879
-6.36292, 0.000474018
-6.36322, 0.000425821
-6.36349, 0.000382663
-6.36373, 0.000343994
-6.36395, 0.000309328
-6.36414, 0.000278233
-6.36431, 0.000250329
-6.36446, 0.000225276
-6.36459, 0.000202775
-6.36471, 0.000182559
-6.36482, 0.000164387
-6.36492, 0.00014805
-6.365, 0.000133356
-6.36508, 0.000120138
-6.36515, 0.000108245
-6.36521, 9.75403e-05
-6.36527, 8.79041e-05
-6.36532, 7.92278e-05
-6.36536, 7.14145e-05
-6.3654, 6.43773e-05
-6.36544, 5.80382e-05
-6.36547, 5.2327e-05
-6.3655, 4.71806e-05
-6.36552, 4.25434e-05
-6.36555, 3.83638e-05
-6.36557, 3.45971e-05
-6.36559, 3.12013e-05
-6.36561, 2.81401e-05
-6.36562, 2.53807e-05
-6.36563, 2.28927e-05
-6.36565, 2.06485e-05
-6.36566, 1.86262e-05
-6.36567, 1.68011e-05
-6.36568, 1.51555e-05
-6.36569, 1.36725e-05
-6.36569, 1.23323e-05
-6.3657, 1.11271e-05
-6.36571, 1.00387e-05
-6.36571, 9.05598e-06
-6.36572, 8.17084e-06
-6.36572, 7.37269e-06
-6.36572, 6.64906e-06
-6.36573, 5.99849e-06
-6.36573, 5.41452e-06
-6.36573, 4.8854e-06
-6.36574, 4.40671e-06
-6.36574, 3.97523e-06
-6.36574, 3.58818e-06
-6.36574, 3.23626e-06
-6.36574, 2.92245e-06
-6.36575, 2.63477e-06
-6.36575, 2.37523e-06
-6.36575, 2.14577e-06
-6.36575, 1.93692e-06
-6.36575, 1.75201e-06
-6.36575, 1.57248e-06
-6.36575, 1.42304e-06
-6.36575, 1.28392e-06
-6.36575, 1.1527e-06
-6.36576, 1.03582e-06
-6.36576, 9.31054e-07
-6.36576, 8.55488e-07
-6.36576, 7.63312e-07
-6.36576, 7.20206e-07
-6.36576, 6.1943e-07
-6.36576, 5.71708e-07
-6.36576, 5.26414e-07
-6.36576, 4.69327e-07
-6.36576, 4.04258e-07
-6.36576, 3.47552e-07
-6.36576, 3.47552e-07
-6.36576, 3.03925e-07
-6.36576, 2.38419e-07
-6.36576, 2.6656e-07
-6.36576, 2.06477e-07
-6.36576, 2.2302e-07
-6.36576, 1.19209e-07
-6.36576, 1.19209e-07
-6.36576, 2.2302e-07
-6.36576, 8.42937e-08
-6.36576, 1.68587e-07
-6.36576, 1.19209e-07
-6.36576, 0
-6.36576, -nan
-6.36576, 0
-6.36576, 1.46001e-07
-6.36576, -nan
-6.36576, -nan
-6.36576, 1.46001e-07
-6.36576, -nan
-6.36576, -nan
-6.36576, 0
-6.36576, 1.19209e-07
-6.36576, 8.42937e-08
-6.36576, -nan
-6.36576, 0
-6.36576, -nan
-6.36576, 0
-6.36576, 1.19209e-07
-6.36576, -nan
-6.36576, 1.19209e-07
-6.36576, -nan
-6.36576, 1.46001e-07
-6.36576, 1.19209e-07
-6.36576, 1.19209e-07
-6.36576, 0
-6.36576, -nan
-6.36576, 1.68587e-07
-6.36576, -nan
-6.36576, -nan
-6.36576, 8.42937e-08
-6.36576, -nan
-6.36576, 1.19209e-07
-6.36576, 0
-6.36576, 8.42937e-08
-6.36576, -nan
-6.36576, 8.42937e-08
-6.36576, -nan
-6.36576, -nan
-6.36576, 0
-6.36576, -nan
-6.36576, 8.42937e-08
-6.36576, 1.68587e-07
-6.36576, -nan
-6.36576, -nan
-6.36576, 0
-6.36576, -nan
-6.36576, 8.42937e-08
-6.36576, -nan
-6.36576, 1.19209e-07
-6.36576, 1.19209e-07
-6.36576, -nan
-6.36576, 1.19209e-07
-6.36576, 8.42937e-08
-6.36576, -nan
-6.36576, -nan
-6.36576, 0
-6.36576, -nan
-6.36576, -nan
-6.36576, 1.19209e-07
-6.36576, 1.19209e-07
-6.36576, -nan
-6.36576, 0
-6.36576, 8.42937e-08
-6.36576, -nan
-6.36576, -nan
-6.36576, -nan
-6.36576, 1.46001e-07
-6.36576, -nan
-6.36576, 8.42937e-08
-6.36576, 1.46001e-07
-6.36576, -nan
-6.36576, 1.19209e-07
-6.36576, 0
-6.36576, -nan
-6.36576, -nan
-6.36576, -nan
-6.36576, 1.68587e-07
-6.36576, -nan
-6.36576, 0
-6.36576, -nan
-6.36576, 8.42937e-08
-6.36576, -nan
-6.36576, 0
-6.36576, 0
-6.36576, 8.42937e-08
-6.36576, 1.68587e-07
-6.36576, -nan
-6.36576, 1.68587e-07
-6.36576, 8.42937e-08
-6.36576, 0
-6.36576, -nan
-6.36576, 0
-6.36576, -nan
-6.36576, -nan
-6.36576, -nan
-6.36576, 8.42937e-08
-6.36576, 1.19209e-07
-6.36576, 1.46001e-07
-6.36576, -nan
-6.36576, 0
-6.36576, 8.42937e-08
-6.36576, -nan
-6.36576, 8.42937e-08
-6.36576, -nan
-6.36576, -nan
-6.36576, 0
-6.36576, 1.19209e-07
-6.36576, 1.68587e-07
-6.36576, -nan
-6.36576, -nan
-6.36576, -nan
-6.36576, 0
-6.36576, 1.19209e-07
-6.36576, 1.46001e-07
-6.36576, 1.19209e-07
-6.36576, -nan
-6.36576, -nan
-6.36576, 1.19209e-07
-6.36576, -nan
-6.36576, 0
-6.36576, -nan
-6.36576, 8.42937e-08
-6.36576, -nan
-6.36576, -nan
-6.36576, -nan
-6.36576, 1.46001e-07
-6.36576, 8.42937e-08
-6.36576, -nan
-6.36576, 8.42937e-08
-6.36576, -nan
-6.36576, -nan
-6.36576, 0
-6.36576, -nan
-6.36576, 0
-6.36576, -nan
-6.36576, -nan
-6.36576, 1.19209e-07
-6.36576, 1.46001e-07
-6.36576, 1.46001e-07
-6.36576, 8.42937e-08
-6.36576, 8.42937e-08
-6.36576, -nan
-6.36576, 1.19209e-07
-6.36576, 0
-6.36576, 0
-6.36576, 1.46001e-07
-6.36576, 8.42937e-08
-6.36576, -nan
-6.36576, 0
-6.36576, 0
-6.36576, -nan
-6.36576, 1.68587e-07
-6.36576, 1.19209e-07
-6.36576, 1.68587e-07
-6.36576, -nan
-6.36576, -nan
-6.36576, -nan
-6.36576, -nan
-6.36576, -nan
-6.36576, -nan
-6.36576, 0
-6.36576, -nan
-6.36576, -nan
-6.36576, 0
-6.36576, 8.42937e-08
-6.36576, -nan
-6.36576, 1.19209e-07
-6.36576, 8.42937e-08
-6.36576, -nan
-6.36576, 0
-6.36576, -nan
-6.36576, -nan
-6.36576, 1.46001e-07
-6.36576, 8.42937e-08
-6.36576, -nan
-6.36576, -nan
-6.36576, 8.42937e-08
-6.36576, 8.42937e-08
-6.36576, 1.46001e-07
-6.36576, 1.68587e-07
-6.36576, -nan
-6.36576, 1.19209e-07
-6.36576, -nan
-6.36576, 1.46001e-07
-6.36576, 8.42937e-08
-6.36576, -nan
-6.36576, 8.42937e-08
-6.36576, 8.42937e-08
-6.36576, -nan
-6.36576, 1.19209e-07
-6.36576, 1.19209e-07
-6.36576, 0
-6.36576, 1.19209e-07
-6.36576, 0
-6.36576, 1.68587e-07
-6.36576, 1.19209e-07
-6.36576, 1.46001e-07
-6.36576, 0
-6.36576, -nan
-6.36576, 8.42937e-08
-6.36576, 1.19209e-07
-6.36576, 8.42937e-08
-6.36576, -nan
-6.36576, 8.42937e-08
-6.36576, -nan
-6.36576, -nan
-6.36576, 8.42937e-08
-6.36576, 0
-6.36576, 8.42937e-08
-6.36576, 0
-6.36576, 1.19209e-07
-6.36576, 8.42937e-08
-6.36576, -nan
-6.36576, 1.46001e-07
-6.36576, 0
-6.36576, 1.19209e-07
-6.36576, -nan
-6.36576, 8.42937e-08
-6.36576, -nan
-6.36576, 1.19209e-07
-6.36576, -nan
-6.36576, 1.46001e-07
-6.36576, 1.19209e-07
-6.36576, 8.42937e-08
-6.36576, 0
-6.36576, 0
-6.36576, -nan
-6.36576, 8.42937e-08
-6.36576, 0
-6.36576, 1.46001e-07
-6.36576, 8.42937e-08
-6.36576, 8.42937e-08
-6.36576, 1.68587e-07
-6.36576, -nan
-6.36576, 0
-6.36576, 8.42937e-08
-6.36576, 8.42937e-08
-6.36576, -nan
-6.36576, -nan
-6.36576, 0
-6.36576, -nan
-6.36576, 8.42937e-08
-6.36576, -nan
-6.36576, 8.42937e-08
-6.36576, 1.88486e-07
-6.36576, 1.46001e-07
-6.36576, 0
-6.36576, 1.19209e-07
-6.36576, -nan
-6.36576, 0
-6.36576, 1.19209e-07
-6.36576, -nan
-6.36576, 8.42937e-08
-6.36576, 1.46001e-07
-6.36576, 1.46001e-07
-6.36576, 0
-6.36576, 8.42937e-08
-6.36576, -nan
-6.36576, 1.19209e-07
-6.36576, 8.42937e-08
-6.36576, -nan
-6.36576, -nan
-6.36576, -nan
-6.36576, 1.19209e-07
-6.36576, 8.42937e-08
-6.36576, 0
-6.36576, 0
-6.36576, 8.42937e-08
-6.36576, 8.42937e-08
-6.36576, 8.42937e-08
-6.36576, 1.68587e-07
-6.36576, -nan
-6.36576, -nan
-6.36576, -nan
-6.36576, 8.42937e-08
-6.36576, -nan
-6.36576, -nan
-6.36576, 1.46001e-07
-6.36576, 0
-6.36576, 0
-6.36576, 0
-6.36576, 1.19209e-07
-6.36576, 0
-6.36576, 0
-6.36576, 0
-6.36576, -nan
-6.36576, 8.42937e-08
-6.36576, 0
-6.36576, 1.19209e-07
-6.36576, 1.19209e-07
-6.36576, -nan
-6.36576, -nan
-6.36576, 1.19209e-07
-6.36576, -nan
-6.36576, -nan
-6.36576, -nan
-6.36576, 8.42937e-08
-6.36576, -nan
-6.36576, -nan
-6.36576, 0
-6.36576, 1.19209e-07
-6.36576, -nan
-6.36576, 1.19209e-07
-6.36576, 0
-6.36576, 1.19209e-07
-6.36576, 8.42937e-08
-6.36576, 8.42937e-08
-6.36576, 1.19209e-07
-6.36576, 1.19209e-07
-6.36576, 0
