0, 0
0.000266111, 2.018e-06
0.00106787, 8.07255e-06
0.00240155, 1.81697e-05
0.00426621, 3.231e-05
0.00665918, 5.04925e-05
0.00957694, 7.27133e-05
0.0130151, 9.89671e-05
0.0169686, 0.000129245
0.0214314, 0.000163537
0.0263967, 0.000201831
0.0318571, 0.000244111
0.0378044, 0.000290362
0.0442296, 0.000340564
0.0511231, 0.0003947
0.0584746, 0.000452743
0.0662733, 0.00051467
0.0745076, 0.000580452
0.0831656, 0.000650069
0.0922347, 0.000723494
0.101702, 0.000800683
0.111554, 0.000881621
0.121776, 0.000966268
0.132355, 0.00105459
0.143276, 0.00114656
0.154524, 0.00124212
0.166085, 0.00134126
0.177942, 0.00144392
0.19008, 0.00155007
0.202484, 0.00165966
0.215137, 0.00177265
0.228025, 0.00188898
0.241132, 0.00200865
0.254441, 0.00213153
0.267937, 0.00225764
0.281605, 0.00238689
0.295429, 0.00251921
0.309393, 0.00265456
0.323483, 0.00279289
0.337683, 0.00293408
0.351979, 0.00307812
0.366356, 0.00322489
0.380801, 0.00337433
0.395298, 0.00352639
0.409836, 0.00368093
0.4244, 0.0038379
0.438977, 0.0039972
0.453555, 0.00415875
0.468123, 0.00432244
0.482668, 0.00448817
0.497178, 0.00465582
0.511644, 0.00482529
0.526054, 0.00499649
0.540399, 0.0051693
0.554669, 0.00534359
0.568855, 0.00551922
0.582948, 0.00569607
0.596939, 0.00587409
0.610822, 0.00605306
0.624587, 0.00623289
0.63823, 0.00641349
0.651742, 0.00659467
0.665118, 0.00677634
0.678352, 0.00695834
0.691439, 0.00714057
0.704374, 0.00732283
0.717152, 0.00750505
0.729769, 0.00768704
0.742222, 0.00786876
0.754507, 0.00804997
0.766621, 0.0082306
0.778562, 0.00841054
0.790326, 0.00858956
0.801913, 0.00876769
0.81332, 0.00894468
0.824547, 0.00912045
0.835591, 0.00929495
0.846453, 0.0094679
0.857131, 0.0096394
0.867626, 0.00980912
0.877938, 0.00997713
0.888066, 0.0101431
0.898011, 0.0103073
0.907775, 0.0104693
0.917357, 0.0106292
0.926759, 0.0107867
0.935982, 0.010942
0.945027, 0.0110947
0.953897, 0.011245
0.962593, 0.0113928
0.971116, 0.0115379
0.97947, 0.0116801
0.987655, 0.0118198
0.995675, 0.0119563
1.00353, 0.0120903
1.01123, 0.0122212
1.01876, 0.0123491
1.02614, 0.0124741
1.03337, 0.0125958
1.04045, 0.0127148
1.04738, 0.0128304
1.1646, 0.0143972
1.21224, 0.0151246
1.25153, 0.0155894
1.28476, 0.0158204
1.31393, 0.0158583
1.34068, 0.01575
1.36635, 0.0155447
1.39193, 0.0152915
1.41813, 0.0150367
1.44544, 0.0148233
1.47414, 0.0146901
1.50434, 0.0146715
1.53605, 0.014797
1.56916, 0.0150912
1.6035, 0.0155735
1.63887, 0.0162585
1.67499, 0.0171556
1.7116, 0.0182701
1.74842, 0.0196032
1.78516, 0.0211526
1.82155, 0.022913
1.8573, 0.0248764
1.89216, 0.0270323
1.92589, 0.0293681
1.95826, 0.0318689
1.98904, 0.0345184
2.01804, 0.0372983
2.0451, 0.0401892
2.07003, 0.0431705
2.09271, 0.0462206
2.11301, 0.0493176
2.13083, 0.0524392
2.14608, 0.0555633
2.15869, 0.0586681
2.16863, 0.0617322
2.17584, 0.0647355
2.18033, 0.0676585
2.1821, 0.0704834
2.18116, 0.0731936
2.17756, 0.075774
2.17133, 0.0782113
2.16255, 0.0804939
2.15128, 0.0826119
2.13761, 0.0845573
2.12164, 0.0863238
2.10347, 0.0879067
2.08321, 0.0893031
2.06097, 0.0905115
2.03687, 0.091532
2.01105, 0.0923661
1.98362, 0.0930164
1.95471, 0.0934867
1.92445, 0.0937818
1.89296, 0.0939073
1.86038, 0.0938696
1.82682, 0.0936758
1.79241, 0.0933333
1.75727, 0.0928502
1.7215, 0.0922346
1.68521, 0.0914951
1.64852, 0.09064
1.61152, 0.089678
1.5743, 0.0886177
1.53695, 0.0874675
1.49957, 0.0862356
1.46221, 0.0849302
1.42497, 0.0835591
1.38791, 0.0821298
1.35109, 0.0806497
1.31457, 0.0791257
1.2784, 0.0775644
1.24264, 0.0759721
1.20731, 0.0743548
1.17247, 0.0727179
1.13815, 0.0710666
1.10438, 0.0694063
1.07119, 0.0677409
1.0386, 0.0660741
1.00663, 0.0644102
0.975303, 0.062753
0.944628, 0.0611057
0.914618, 0.059471
0.885282, 0.0578517
0.856627, 0.0562501
0.828657, 0.0546683
0.801374, 0.0531083
0.77478, 0.0515718
0.748873, 0.0500601
0.723651, 0.0485746
0.699108, 0.0471161
0.675241, 0.0456862
0.652042, 0.0442848
0.629503, 0.0429139
0.607618, 0.0415726
0.586374, 0.0402621
0.565764, 0.038982
0.545777, 0.0377325
0.526401, 0.0365146
0.507625, 0.035327
0.489437, 0.0341706
0.464243, 0.0326
0.418669, 0.0296469
0.37718, 0.026925
0.339487, 0.024424
0.305304, 0.022132
0.274354, 0.0200365
0.246374, 0.0181246
0.221111, 0.0163831
0.198328, 0.0147995
0.177803, 0.0133613
0.159331, 0.0120568
0.142721, 0.0108748
0.127796, 0.00980482
0.114395, 0.00883705
0.10237, 0.00796226
0.0915855, 0.00717205
0.0819191, 0.00645877
0.0732585, 0.00581511
0.0655023, 0.00523452
0.0585586, 0.00471114
0.0523443, 0.00423946
0.0467844, 0.00381447
0.0418114, 0.00343151
0.0373642, 0.00308674
0.033388, 0.00277627
0.0298336, 0.00249681
0.0266566, 0.00224541
0.0238174, 0.00201897
0.0212804, 0.00181523
0.0190135, 0.00163199
0.0169881, 0.0014671
0.0151785, 0.00131881
0.0135619, 0.00118547
0.0121178, 0.00106546
0.0108278, 0.000957561
0.0096754, 0.000860473
0.00864601, 0.000773199
0.00772652, 0.000695051
0.00690504, 0.000624264
0.0061711, 0.000560878
0.00551538, 0.000503972
0.00492939, 0.000452647
0.00440613, 0.0004069
0.00393843, 0.00036535
0.00352057, 0.000328121
0.00314722, 0.000294762
0.00281342, 0.000264411
0.0025154, 0.000237627
0.0022486, 0.000213219
0.00201055, 0.000191364
0.00179756, 0.000171874
0.00160731, 0.000154433
0.00143731, 0.000138466
0.00128507, 0.000124388
0.00114897, 0.000111544
0.00102754, 9.99979e-05
0.000919019, 8.98746e-05
0.000821632, 8.06333e-05
0.000735011, 7.2349e-05
0.000657127, 6.47129e-05
0.000587636, 5.83621e-05
0.00052575, 5.21926e-05
0.000470027, 4.6818e-05
0.000420317, 4.19476e-05
0.000376151, 3.77427e-05
0.000336331, 3.36675e-05
0.000300763, 3.02513e-05
0.000269134, 2.71063e-05
0.000240843, 2.4369e-05
0.000215404, 2.16842e-05
0.000192614, 1.9573e-05
0.000172134, 1.75273e-05
0.000153896, 1.57076e-05
0.000137598, 1.41169e-05
0.000122979, 1.25684e-05
0.000109929, 1.12774e-05
9.82645e-05, 1.00947e-05
8.7834e-05, 9.05441e-06
7.85437e-05, 8.07695e-06
7.02394e-05, 7.27359e-06
6.27578e-05, 6.52986e-06
5.6103e-05, 5.88936e-06
5.01487e-05, 5.14811e-06
4.47475e-05, 4.6816e-06
4.00781e-05, 4.16211e-06
3.57805e-05, 3.68254e-06
3.19292e-05, 3.34944e-06
2.86083e-05, 3.00259e-06
2.5545e-05, 2.66861e-06
2.26835e-05, 2.4246e-06
2.02504e-05, 2.15494e-06
1.80737e-05, 1.9525e-06
1.61434e-05, 1.69991e-06
1.44323e-05, 1.52076e-06
1.29016e-05, 1.36036e-06
1.15324e-05, 1.21677e-06
1.03079e-05, 1.08823e-06
9.21268e-06, 9.73172e-07
8.2333e-06, 8.70195e-07
7.3575e-06, 7.78051e-07
6.57444e-06, 6.95595e-07
5.87428e-06, 6.21825e-07
5.24836e-06, 5.55828e-07
4.68877e-06, 4.9679e-07
4.18858e-06, 4.43982e-07
3.74149e-06, 3.96758e-07
3.34189e-06, 3.54529e-07
2.98478e-06, 3.16752e-07
2.66563e-06, 2.8299e-07
2.38047e-06, 2.52806e-07
2.12565e-06, 2.25812e-07
1.89798e-06, 2.01697e-07
1.6946e-06, 1.80139e-07
1.5129e-06, 1.6085e-07
1.3506e-06, 1.43654e-07
1.20563e-06, 1.28246e-07
1.07614e-06, 1.14511e-07
9.60515e-07, 1.02233e-07
8.57236e-07, 9.12528e-08
7.65044e-07, 8.14564e-08
6.82691e-07, 7.26937e-08
6.0919e-07, 6.4884e-08
5.43557e-07, 5.79017e-08
4.84971e-07, 5.16631e-08
4.32657e-07, 4.60961e-08
3.85978e-07, 4.11262e-08
3.44307e-07, 3.66873e-08
3.07129e-07, 3.27152e-08
2.73934e-07, 2.91903e-08
2.44321e-07, 2.60369e-08
2.17897e-07, 2.32037e-08
1.94317e-07, 2.07057e-08
1.73275e-07, 1.84494e-08
1.54512e-07, 1.64528e-08
1.37769e-07, 1.46697e-08
1.22829e-07, 1.3072e-08
1.09503e-07, 1.16458e-08
9.76332e-08, 1.03847e-08
8.70399e-08, 9.24321e-09
7.75793e-08, 8.24764e-09
6.91341e-08, 7.33313e-09
6.16394e-08, 6.54547e-09
5.49364e-08, 5.82127e-09
4.89593e-08, 5.1914e-09
4.36204e-08, 4.61965e-09
3.88913e-08, 4.11178e-09
3.46307e-08, 3.6576e-09
3.08815e-08, 3.25632e-09
2.75084e-08, 2.90403e-09
2.45117e-08, 2.57488e-09
2.18349e-08, 2.30795e-09
1.94542e-08, 2.03574e-09
1.73378e-08, 1.81538e-09
1.54372e-08, 1.62374e-09
1.37519e-08, 1.42597e-09
1.22496e-08, 1.27847e-09
1.09119e-08, 1.14447e-09
9.74333e-09, 1.0087e-09
8.64898e-09, 8.95873e-10
7.69962e-09, 7.96411e-10
6.87569e-09, 7.06274e-10
6.12092e-09, 6.31017e-10
5.46063e-09, 5.54025e-10
4.84254e-09, 5.03193e-10
4.32955e-09, 4.35777e-10
3.84163e-09, 3.95198e-10
3.43826e-09, 3.43906e-10
3.06136e-09, 3.20657e-10
2.72036e-09, 2.69238e-10
2.42356e-09, 2.52754e-10
2.15532e-09, 2.3634e-10
1.93778e-09, 1.89094e-10
1.71358e-09, 1.97656e-10
1.52303e-09, 1.5838e-10
1.37204e-09, 1.47756e-10
1.20639e-09, 1.42242e-10
1.09055e-09, 1.43444e-10
9.56052e-10, 1.31479e-10
8.86569e-10, 1.10512e-10
7.53362e-10, 1.31113e-10
6.8865e-10, 9.37471e-11
6.10086e-10, 1.14624e-10
5.57072e-10, 1.08385e-10
4.85761e-10, 9.29248e-11
4.40085e-10, 1.16727e-10
3.85599e-10, 9.70812e-11
3.5641e-10, 1.13153e-10
3.26083e-10, 1.01443e-10
2.684e-10, 1.03167e-10
2.66931e-10, 9.75616e-11
2.23937e-10, 1.01728e-10
2.02575e-10, 1.17432e-10
2.02216e-10, 1.08415e-10
1.63529e-10, 1.22746e-10
1.50215e-10, 9.15482e-11
1.41293e-10, 1.18657e-10
1.15366e-10, 1.31023e-10
1.25775e-10, 1.02855e-10
1.1098e-10, 1.00661e-10
7.19425e-11, 1.38326e-10
9.31777e-11, 1.05336e-10
7.80229e-11, 1.01958e-10
9.34195e-11, 1.29264e-10
8.55972e-11, 1.16799e-10
5.53121e-11, 1.10031e-10
1.81403e-11, 1.25498e-10
4.47042e-11, 1.31225e-10
1.02425e-12, 1.28968e-10
2.85665e-11, 1.14818e-10
2.60209e-11, 1.22543e-10
3.5672e-11, 1.28971e-10
2.15036e-11, 1.4585e-10
2.80704e-11, 1.13891e-10
2.25626e-11, 1.44986e-10
2.34625e-11, 1.41299e-10
3.01952e-11, 1.14934e-10
1.46658e-11, 1.22044e-10
4.50795e-11, 1.26172e-10
4.05888e-11, 1.48511e-10
1.12577e-11, 1.2413e-10
4.08399e-11, 1.16955e-10
1.02884e-11, 1.22371e-10
4.79956e-11, 1.40005e-10
1.16067e-11, 1.49472e-10
3.35251e-11, 1.33799e-10
3.80991e-11, 1.11018e-10
1.62251e-11, 1.32094e-10
2.47196e-11, 1.50368e-10
3.0528e-11, 1.0702e-10
2.30665e-11, 1.33243e-10
3.70988e-11, 1.5525e-10
3.20341e-11, 1.36605e-10
1.94448e-11, 1.41931e-10
4.16756e-11, 1.5054e-10
2.47684e-11, 1.33349e-10
3.76347e-11, 1.35381e-10
2.513e-11, 1.36762e-10
1.37284e-11, 1.23698e-10
4.23462e-11, 1.6193e-10
3.30758e-11, 1.42748e-10
2.54227e-11, 1.15334e-10
3.31085e-11, 1.6394e-10
1.20037e-11, 1.35237e-10
3.4923e-11, 1.43997e-10
3.20131e-11, 1.62006e-10
3.95031e-11, 1.60823e-10
1.92041e-11, 1.39556e-10
4.78849e-11, 1.49469e-10
9.73633e-12, 1.63275e-10
4.10827e-11, 1.32486e-10
2.5384e-11, 1.58188e-10
3.64449e-11, 1.47724e-10
3.14528e-11, 1.47073e-10
2.11119e-11, 1.61908e-10
4.4927e-11, 1.16394e-10
2.28592e-11, 1.78683e-10
5.23934e-11, 1.42061e-10
7.88738e-12, 1.62441e-10
4.66499e-11, 1.74759e-10
2.7478e-11, 1.51927e-10
2.61527e-11, 1.74756e-10
4.40467e-11, 1.41625e-10
6.11571e-11, 1.49561e-10
-2.15465e-11, 1.83021e-10
5.11229e-11, 1.41852e-10
4.15827e-11, 1.99992e-10
4.02854e-11, 1.26792e-10
1.36916e-11, 1.70674e-10
4.34621e-11, 1.59533e-10
5.44131e-11, 1.63065e-10
1.98656e-11, 1.54469e-10
2.70184e-11, 1.69971e-10
2.39288e-11, 1.4473e-10
3.39337e-11, 2.06068e-10
5.94874e-11, 1.5643e-10
3.82475e-11, 1.60902e-10
2.06396e-11, 1.86493e-10
6.17486e-11, 1.62908e-10
2.65497e-11, 1.78321e-10
4.54747e-11, 1.5172e-10
-3.43195e-12, 1.7826e-10
2.99292e-11, 1.91806e-10
6.08099e-11, 1.73467e-10
4.6036e-11, 1.71109e-10
-8.79505e-12, 1.49481e-10
3.65769e-11, 1.92722e-10
4.27374e-11, 1.72868e-10
3.94159e-11, 1.95648e-10
3.00429e-11, 1.55505e-10
8.28188e-11, 1.75342e-10
7.29823e-12, 1.93758e-10
4.65018e-11, 1.92114e-10
2.52379e-11, 1.98529e-10
2.60089e-11, 1.58022e-10
6.97731e-11, 1.97804e-10
4.38689e-12, 2.02968e-10
2.58478e-11, 1.37514e-10
5.96131e-11, 1.89581e-10
4.72075e-11, 1.78263e-10
8.34222e-12, 1.95749e-10
5.48666e-11, 1.84834e-10
3.11655e-11, 1.64943e-10
4.63689e-11, 2.02117e-10
2.89035e-11, 1.8231e-10
5.81435e-11, 1.88758e-10
-6.64557e-13, 2.06055e-10
6.08248e-11, 1.99201e-10
4.57138e-11, 1.93696e-10
5.07099e-11, 2.12132e-10
1.29202e-11, 1.74405e-10
6.56547e-11, 1.9162e-10
3.23269e-11, 1.95766e-10
1.86764e-11, 1.82188e-10
4.24343e-11, 2.26163e-10
4.12752e-11, 2.146e-10
8.09055e-11, 1.75339e-10
1.76871e-11, 2.05773e-10
1.28062e-11, 1.72101e-10
5.58038e-11, 2.29336e-10
3.16547e-11, 1.91405e-10
3.47245e-11, 1.83208e-10
4.2919e-11, 2.2835e-10
3.58418e-11, 2.03104e-10
4.04525e-11, 1.78705e-10
5.5466e-11, 2.01769e-10
6.32064e-11, 2.06871e-10
2.16826e-11, 1.79035e-10
6.38991e-11, 2.15158e-10
4.61066e-11, 2.21217e-10
3.95173e-11, 1.94428e-10
3.13265e-11, 2.1243e-10
4.83957e-11, 2.26336e-10
7.72321e-12, 1.90843e-10
6.52233e-11, 2.0102e-10
3.35669e-11, 2.29311e-10
6.67075e-11, 2.06797e-10
-5.64463e-07, 2.46045e-06
1.09049e-07, 4.754e-07
6.9375e-08, 3.0245e-07
4.94551e-08, 2.1564e-07
3.87302e-08, 1.68688e-07
3.22866e-08, 1.4079e-07
2.80351e-08, 1.22221e-07
2.49034e-08, 1.08578e-07
2.24431e-08, 9.77215e-08
2.02679e-08, 8.85357e-08
1.84942e-08, 8.0557e-08
1.68475e-08, 7.34326e-08
1.54073e-08, 6.70548e-08
1.55872e-07, 6.79428e-07
3.30977e-11, 9.02098e-11
-3.92383e-11, 1.21846e-10
-4.28682e-12, 1.26341e-10
1.72347e-12, 1.04678e-10
-2.94478e-11, 1.16343e-10
4.61367e-11, 1.27614e-10
1.04989e-11, 9.79582e-11
-3.34141e-11, 1.01164e-10
1.41399e-11, 1.0101e-10
1.77636e-11, 1.05839e-10
-1.24967e-11, 8.00581e-11
-1.97358e-11, 1.22595e-10
1.08186e-11, 1.24453e-10
-4.53015e-12, 1.37511e-10
1.82104e-11, 1.06962e-10
-3.20258e-11, 1.07938e-10
1.37931e-11, 1.08626e-10
-2.77218e-12, 1.14117e-10
9.28596e-13, 1.22838e-10
1.77297e-11, 1.38969e-10
2.62556e-11, 1.29307e-10
-4.24021e-11, 1.18273e-10
-3.21928e-11, 1.33112e-10
4.85234e-11, 9.85968e-11
-2.77252e-11, 1.37148e-10
5.16988e-27, 1.26281e-10
-8.6875e-12, 1.37663e-10
-1.45487e-11, 1.17335e-10
6.23718e-11, 1.61507e-10
-1.56675e-11, 1.14128e-10
-4.23071e-11, 1.52331e-10
4.74511e-11, 1.78095e-10
-2.97977e-11, 1.49649e-10
-1.99591e-12, 1.34765e-10
1.50401e-11, 1.13771e-10
-1.00739e-11, 1.09524e-10
4.04852e-12, 1.15329e-10
-5.08438e-12, 1.17338e-10
2.65625e-11, 1.82652e-10
-4.41353e-11, 1.84784e-10
2.06236e-12, 1.3364e-10
2.58993e-11, 1.37261e-10
-4.05901e-11, 1.54298e-10
2.61396e-11, 1.6504e-10
-3.25627e-11, 1.56292e-10
6.22594e-11, 8.79026e-11
-7.42064e-12, 1.35803e-10
-6.38969e-12, 1.60959e-10
-4.17228e-11, 1.39072e-10
4.40625e-11, 1.70667e-10
