4.51098, 0.0802727
4.51084, 0.0802733
4.51044, 0.0802752
4.50978, 0.0802783
4.50884, 0.0802826
4.50764, 0.0802881
4.50618, 0.0802948
4.50445, 0.0803026
4.50246, 0.0803116
4.50021, 0.0803217
4.4977, 0.0803329
4.49493, 0.0803452
4.49191, 0.0803586
4.48863, 0.080373
4.48511, 0.0803884
4.48133, 0.0804048
4.47731, 0.0804222
4.47305, 0.0804405
4.46855, 0.0804597
4.46381, 0.0804798
4.45884, 0.0805008
4.45364, 0.0805226
4.44822, 0.0805452
4.44257, 0.0805686
4.43671, 0.0805928
4.43063, 0.0806177
4.42435, 0.0806433
4.41786, 0.0806696
4.41117, 0.0806965
4.40429, 0.0807241
4.39721, 0.0807522
4.38995, 0.080781
4.3825, 0.0808103
4.37488, 0.0808401
4.36708, 0.0808705
4.35912, 0.0809013
4.35099, 0.0809326
4.34271, 0.0809643
4.33427, 0.0809965
4.32569, 0.0810291
4.31696, 0.081062
4.30809, 0.0810953
4.29909, 0.081129
4.28996, 0.081163
4.2807, 0.0811973
4.27133, 0.0812319
4.26184, 0.0812668
4.25225, 0.081302
4.24255, 0.0813374
4.23275, 0.0813731
4.22285, 0.081409
4.21286, 0.0814451
4.20279, 0.0814814
4.19263, 0.081518
4.1824, 0.0815547
4.17209, 0.0815916
4.16171, 0.0816287
4.15127, 0.0816659
4.14077, 0.0817033
4.13021, 0.0817408
4.1196, 0.0817785
4.10894, 0.0818164
4.09823, 0.0818543
4.08748, 0.0818924
4.0767, 0.0819306
4.06588, 0.081969
4.05503, 0.0820074
4.04415, 0.082046
4.03324, 0.0820847
4.02232, 0.0821235
4.01138, 0.0821624
4.00042, 0.0822013
3.98945, 0.0822404
3.97847, 0.0822796
3.96748, 0.0823189
3.95649, 0.0823582
3.94549, 0.0823977
3.9345, 0.0824372
3.92351, 0.0824768
3.91252, 0.0825165
3.90154, 0.0825563
3.89057, 0.0825961
3.87962, 0.0826361
3.86867, 0.0826761
3.85774, 0.0827161
3.84683, 0.0827563
3.83594, 0.0827965
3.82506, 0.0828368
3.81421, 0.0828771
3.80339, 0.0829175
3.79258, 0.0829579
3.78181, 0.0829984
3.77106, 0.083039
3.76034, 0.0830796
3.74964, 0.0831202
3.73898, 0.0831609
3.72836, 0.0832016
3.71776, 0.0832424
3.7072, 0.0832832
3.69667, 0.083324
3.68618, 0.0833648
3.59097, 0.083743
3.49666, 0.0841302
3.40608, 0.0845117
3.31923, 0.0848825
3.23594, 0.0852375
3.15599, 0.0855713
3.07909, 0.0858788
3.00495, 0.0861548
2.93328, 0.0863949
2.86379, 0.0865946
2.79622, 0.08675
2.73034, 0.0868575
2.66594, 0.0869139
2.60284, 0.0869162
2.54089, 0.0868617
2.47996, 0.0867481
2.41994, 0.0865732
2.36075, 0.0863355
2.30232, 0.0860332
2.2446, 0.0856654
2.18755, 0.085231
2.13114, 0.0847296
2.07535, 0.084161
2.02019, 0.0835251
1.96565, 0.0828225
1.91174, 0.0820539
1.85847, 0.0812204
1.80585, 0.0803235
1.7539, 0.0793649
1.70264, 0.0783467
1.6521, 0.0772712
1.6023, 0.0761412
1.55326, 0.0749595
1.50501, 0.0737293
1.45757, 0.072454
1.41096, 0.071137
1.36521, 0.069782
1.32033, 0.0683929
1.27635, 0.0669734
1.23329, 0.0655274
1.19115, 0.0640589
1.14996, 0.0625718
1.10972, 0.06107
1.07045, 0.0595571
1.03215, 0.058037
0.994828, 0.0565131
0.958488, 0.054989
0.923131, 0.0534679
0.888756, 0.0519529
0.855359, 0.0504471
0.822937, 0.048953
0.791482, 0.0474734
0.760987, 0.0460107
0.731442, 0.0445669
0.702836, 0.043144
0.675155, 0.041744
0.648387, 0.0403683
0.622515, 0.0390184
0.597525, 0.0376955
0.573399, 0.0364007
0.550119, 0.0351349
0.527668, 0.0338988
0.506026, 0.0326931
0.485173, 0.0315181
0.465091, 0.0303743
0.445759, 0.0292617
0.427156, 0.0281806
0.409263, 0.027131
0.392058, 0.0261126
0.375522, 0.0251254
0.359634, 0.024169
0.344374, 0.0232431
0.329721, 0.0223475
0.315656, 0.0214815
0.30216, 0.0206447
0.289212, 0.0198366
0.276794, 0.0190566
0.264888, 0.0183041
0.253475, 0.0175785
0.242537, 0.0168792
0.232057, 0.0162054
0.222018, 0.0155566
0.212404, 0.014932
0.203197, 0.0143309
0.194383, 0.0137527
0.185946, 0.0131966
0.177871, 0.0126621
0.170145, 0.0121484
0.162752, 0.0116548
0.155681, 0.0111807
0.148918, 0.0107254
0.142449, 0.0102882
0.136264, 0.00986868
0.130351, 0.00946603
0.124697, 0.0090797
0.119293, 0.00870909
0.114128, 0.00835364
0.109192, 0.00801278
0.104474, 0.00768595
0.0999669, 0.00737264
0.0881874, 0.00655028
0.0775417, 0.00580196
0.0681718, 0.00513783
0.0599281, 0.00454886
0.0526781, 0.00402683
0.0463037, 0.00356437
0.0407006, 0.00315484
0.0357764, 0.0027923
0.0314494, 0.00247143
0.0276476, 0.00218749
0.0243075, 0.00193627
0.0213731, 0.00171401
0.0187952, 0.00151739
0.0165303, 0.00134344
0.0145405, 0.00118955
0.0127921, 0.00105341
0.0112558, 0.000932947
0.0099057, 0.00082636
0.00871905, 0.000732039
0.00767596, 0.000648564
0.00675892, 0.000574677
0.00595258, 0.000509269
0.00524345, 0.00045136
0.0046197, 0.000400085
0.00407096, 0.000354676
0.00358812, 0.000314458
0.00316318, 0.00027883
0.00278912, 0.000247265
0.00245979, 0.000219297
0.00216977, 0.000194513
0.00191433, 0.000172546
0.00168928, 0.000153074
0.00149099, 0.000135812
0.00131622, 0.000120506
0.00116216, 0.000106934
0.00102632, 9.48983e-05
0.000906524, 8.4224e-05
0.000800852, 7.4754e-05
0.00070762, 6.63527e-05
0.000625348, 5.89005e-05
0.000552733, 5.22877e-05
0.00048863, 4.64197e-05
0.00043203, 4.12109e-05
0.000382044, 3.65871e-05
0.000337892, 3.2484e-05
0.000298885, 2.88415e-05
0.000264418, 2.56094e-05
0.000233957, 2.27406e-05
0.000207032, 2.01934e-05
0.00018323, 1.79331e-05
0.000162183, 1.59261e-05
0.000143571, 1.41429e-05
0.000127108, 1.25595e-05
0.000112545, 1.11537e-05
9.96628e-05, 9.90529e-06
8.82638e-05, 8.79761e-06
7.81748e-05, 7.81369e-06
6.92456e-05, 6.93916e-06
6.13414e-05, 6.16249e-06
5.43436e-05, 5.47364e-06
4.81489e-05, 4.86125e-06
4.26626e-05, 4.31657e-06
3.78037e-05, 3.83351e-06
3.35012e-05, 3.40463e-06
2.96893e-05, 3.02328e-06
2.63116e-05, 2.6848e-06
2.33197e-05, 2.38469e-06
2.06683e-05, 2.11788e-06
1.83175e-05, 1.88063e-06
1.62336e-05, 1.6703e-06
1.43869e-05, 1.48359e-06
1.27508e-05, 1.31719e-06
1.13014e-05, 1.16946e-06
1.00169e-05, 1.03805e-06
8.87874e-06, 9.21498e-07
7.87022e-06, 8.18252e-07
6.97645e-06, 7.26511e-07
6.18434e-06, 6.45015e-07
5.48215e-06, 5.72726e-07
4.85947e-06, 5.08496e-07
4.30747e-06, 4.51218e-07
3.81821e-06, 4.00114e-07
3.38442e-06, 3.55069e-07
3.00013e-06, 3.15282e-07
2.65939e-06, 2.79768e-07
2.35709e-06, 2.48521e-07
2.0894e-06, 2.20745e-07
1.85194e-06, 1.95859e-07
1.64118e-06, 1.73817e-07
1.45492e-06, 1.54176e-07
1.29039e-06, 1.36653e-07
1.14464e-06, 1.21048e-07
1.01548e-06, 1.07264e-07
9.00943e-07, 9.51988e-08
7.99308e-07, 8.4486e-08
7.09126e-07, 7.49743e-08
6.29107e-07, 6.65293e-08
5.58108e-07, 5.90318e-08
4.95112e-07, 5.23757e-08
4.39219e-07, 4.64669e-08
3.89629e-07, 4.12217e-08
3.45631e-07, 3.65657e-08
3.06596e-07, 3.2433e-08
2.71965e-07, 2.87649e-08
2.41241e-07, 2.55092e-08
2.13984e-07, 2.26199e-08
1.89804e-07, 2.00556e-08
1.68353e-07, 1.77801e-08
1.49324e-07, 1.57609e-08
1.32444e-07, 1.39692e-08
1.17471e-07, 1.23795e-08
1.04189e-07, 1.09691e-08
9.24078e-08, 9.71788e-09
8.19579e-08, 8.60797e-09
7.26891e-08, 7.6235e-09
6.44682e-08, 6.75037e-09
5.71768e-08, 5.97613e-09
5.071e-08, 5.28962e-09
4.49747e-08, 4.68105e-09
3.98882e-08, 4.14171e-09
3.53773e-08, 3.66385e-09
3.13769e-08, 3.24061e-09
2.78293e-08, 2.86589e-09
2.46834e-08, 2.53432e-09
2.18938e-08, 2.24115e-09
1.94201e-08, 1.98216e-09
1.72266e-08, 1.75361e-09
1.52817e-08, 1.55225e-09
1.35572e-08, 1.37514e-09
1.20281e-08, 1.21967e-09
1.06724e-08, 1.08369e-09
9.47041e-09, 9.65163e-10
8.40474e-09, 8.62303e-10
7.45995e-09, 7.73572e-10
6.62232e-09, 6.97563e-10
5.87975e-09, 6.33032e-10
5.22147e-09, 5.78809e-10
4.63789e-09, 5.33769e-10
4.12051e-09, 4.96879e-10
3.66189e-09, 4.67112e-10
3.25541e-09, 4.43457e-10
2.89509e-09, 4.24993e-10
2.57566e-09, 4.10872e-10
2.29251e-09, 4.00249e-10
2.04158e-09, 3.9242e-10
1.81914e-09, 3.86878e-10
1.622e-09, 3.83021e-10
1.44727e-09, 3.8042e-10
1.29237e-09, 3.78816e-10
1.15509e-09, 3.77909e-10
1.03343e-09, 3.77498e-10
9.25604e-10, 3.77443e-10
8.30026e-10, 3.77594e-10
7.45323e-10, 3.77903e-10
6.70275e-10, 3.78302e-10
6.03764e-10, 3.78715e-10
5.4482e-10, 3.79113e-10
4.92521e-10, 3.7951e-10
4.46185e-10, 3.79887e-10
4.05205e-10, 3.80181e-10
3.68852e-10, 3.80452e-10
3.36598e-10, 3.80679e-10
3.07997e-10, 3.8084e-10
2.82678e-10, 3.80924e-10
2.6025e-10, 3.80941e-10
2.40365e-10, 3.80966e-10
2.22736e-10, 3.80978e-10
2.07072e-10, 3.809e-10
1.93205e-10, 3.80781e-10
1.80927e-10, 3.8064e-10
1.70049e-10, 3.80458e-10
1.60371e-10, 3.8026e-10
1.51778e-10, 3.80023e-10
1.44198e-10, 3.7976e-10
1.37448e-10, 3.79512e-10
1.31465e-10, 3.79203e-10
1.2616e-10, 3.78845e-10
1.21454e-10, 3.78502e-10
1.17237e-10, 3.78194e-10
1.13501e-10, 3.77843e-10
1.10231e-10, 3.77488e-10
1.07299e-10, 3.77157e-10
1.04676e-10, 3.7676e-10
1.02342e-10, 3.76392e-10
1.0028e-10, 3.76001e-10
9.84491e-11, 3.75584e-10
9.6811e-11, 3.75184e-10
9.53109e-11, 3.74774e-10
9.40097e-11, 3.74383e-10
9.28432e-11, 3.73989e-10
9.17782e-11, 3.73596e-10
9.08569e-11, 3.73177e-10
8.99864e-11, 3.72731e-10
8.92031e-11, 3.72289e-10
8.85342e-11, 3.71887e-10
8.79154e-11, 3.71468e-10
8.73727e-11, 3.70978e-10
8.6865e-11, 3.70532e-10
8.63686e-11, 3.70151e-10
8.59865e-11, 3.69692e-10
8.56434e-11, 3.69223e-10
8.52888e-11, 3.6884e-10
8.49355e-11, 3.68399e-10
8.45679e-11, 3.67925e-10
8.42796e-11, 3.67506e-10
8.41299e-11, 3.67068e-10
8.40025e-11, 3.66589e-10
8.39099e-11, 3.66096e-10
8.38504e-11, 3.65632e-10
8.37411e-11, 3.6519e-10
8.3618e-11, 3.64727e-10
8.35042e-11, 3.64237e-10
8.34062e-11, 3.63791e-10
8.33063e-11, 3.63332e-10
8.3216e-11, 3.62809e-10
8.3111e-11, 3.62358e-10
8.30235e-11, 3.61943e-10
8.29075e-11, 3.61498e-10
8.27418e-11, 3.61012e-10
8.26418e-11, 3.6053e-10
8.2542e-11, 3.60098e-10
8.24441e-11, 3.59688e-10
8.23332e-11, 3.59239e-10
8.22199e-11, 3.58724e-10
8.21347e-11, 3.58222e-10
8.19998e-11, 3.57793e-10
8.18979e-11, 3.57372e-10
8.18213e-11, 3.56885e-10
8.17184e-11, 3.56444e-10
8.1619e-11, 3.56027e-10
8.15079e-11, 3.55533e-10
8.13805e-11, 3.55047e-10
8.1286e-11, 3.54593e-10
8.11743e-11, 3.54117e-10
8.10533e-11, 3.53645e-10
8.09401e-11, 3.5319e-10
8.08265e-11, 3.52727e-10
8.07564e-11, 3.52287e-10
8.06557e-11, 3.5181e-10
8.05207e-11, 3.51314e-10
8.04164e-11, 3.50917e-10
8.03124e-11, 3.50467e-10
8.02325e-11, 3.49964e-10
8.01499e-11, 3.49506e-10
8.00322e-11, 3.49011e-10
7.9907e-11, 3.48484e-10
7.98045e-11, 3.48008e-10
7.9688e-11, 3.47573e-10
7.9588e-11, 3.47111e-10
7.95004e-11, 3.46656e-10
7.93859e-11, 3.4619e-10
7.92798e-11, 3.45702e-10
7.91637e-11, 3.45244e-10
7.90744e-11, 3.44764e-10
7.89624e-11, 3.44325e-10
7.88476e-11, 3.43865e-10
7.87208e-11, 3.4337e-10
7.86193e-11, 3.42912e-10
7.85281e-11, 3.42408e-10
7.84043e-11, 3.4193e-10
7.8315e-11, 3.41445e-10
7.81986e-11, 3.4098e-10
7.80248e-11, 3.40566e-10
7.79593e-11, 3.40078e-10
7.79111e-11, 3.39597e-10
7.77594e-11, 3.39087e-10
7.76259e-11, 3.38602e-10
7.75381e-11, 3.38156e-10
7.74454e-11, 3.37671e-10
7.72872e-11, 3.37194e-10
7.71675e-11, 3.3672e-10
7.70922e-11, 3.36253e-10
7.70106e-11, 3.35806e-10
7.69182e-11, 3.35308e-10
7.67697e-11, 3.3479e-10
7.66148e-11, 3.34367e-10
7.65218e-11, 3.33901e-10
7.63921e-11, 3.33409e-10
7.62534e-11, 3.32926e-10
7.61406e-11, 3.32455e-10
7.60748e-11, 3.31993e-10
7.60338e-11, 3.31478e-10
7.58932e-11, 3.30968e-10
7.57281e-11, 3.30487e-10
7.56705e-11, 3.3005e-10
7.5628e-11, 3.2957e-10
7.55067e-11, 3.29053e-10
7.53813e-11, 3.28544e-10
7.52755e-11, 3.28071e-10
7.51043e-11, 3.27636e-10
7.49678e-11, 3.27158e-10
7.48868e-11, 3.26678e-10
7.47787e-11, 3.26174e-10
7.47018e-11, 3.2569e-10
7.45588e-11, 3.25216e-10
7.44481e-11, 3.24677e-10
7.44032e-11, 3.24216e-10
7.42767e-11, 3.23794e-10
7.4119e-11, 3.23317e-10
7.4037e-11, 3.22808e-10
7.39444e-11, 3.22296e-10
7.38184e-11, 3.21847e-10
7.37052e-11, 3.21358e-10
7.35956e-11, 3.20832e-10
7.34692e-11, 3.20357e-10
7.3386e-11, 3.1987e-10
7.32993e-11, 3.19383e-10
7.31461e-11, 3.18918e-10
7.30078e-11, 3.18426e-10
7.29167e-11, 3.17948e-10
7.28048e-11, 3.17492e-10
7.26654e-11, 3.17005e-10
7.25931e-11, 3.16532e-10
7.25068e-11, 3.16016e-10
7.23887e-11, 3.15474e-10
7.22169e-11, 3.15016e-10
7.20785e-11, 3.14548e-10
7.20358e-11, 3.14062e-10
7.19403e-11, 3.13568e-10
7.18186e-11, 3.13078e-10
7.17264e-11, 3.12649e-10
7.16189e-11, 3.12154e-10
7.15102e-11, 3.11615e-10
7.14052e-11, 3.11149e-10
7.12737e-11, 3.10682e-10
7.11114e-11, 3.10175e-10
7.09954e-11, 3.09702e-10
7.08791e-11, 3.09218e-10
7.07298e-11, 3.08708e-10
7.06138e-11, 3.08241e-10
7.05183e-11, 3.07768e-10
7.0411e-11, 3.07243e-10
7.03356e-11, 3.06744e-10
7.0238e-11, 3.06271e-10
7.01061e-11, 3.05743e-10
6.99725e-11, 3.05229e-10
8.18509e-10, 3.56818e-09
1.42289e-09, 6.20254e-09
1.18712e-09, 5.1747e-09
1.03052e-09, 4.49195e-09
9.14624e-10, 3.98684e-09
8.21537e-10, 3.58118e-09
7.42677e-10, 3.23735e-09
6.73652e-10, 2.93641e-09
6.12078e-10, 2.66812e-09
5.56678e-10, 2.42653e-09
5.0653e-10, 2.20777e-09
4.60925e-10, 2.00906e-09
4.1941e-10, 1.82824e-09
1.9977e-10, 8.70989e-10
-1.0858e-13, 2.26186e-13
-1.00853e-13, 1.93504e-13
-4.53859e-14, 1.94974e-13
-4.20997e-14, 2.33668e-13
-6.9722e-15, 2.58727e-13
-2.79332e-14, 2.35835e-13
-9.92983e-14, 2.37287e-13
-7.05214e-14, 2.2003e-13
-4.63185e-14, 2.07121e-13
-8.62421e-14, 1.95251e-13
-9.29479e-14, 2.13361e-13
-5.28466e-14, 2.39108e-13
-4.17444e-14, 2.51472e-13
-4.96048e-14, 1.89619e-13
-6.64357e-14, 1.94784e-13
-4.95159e-14, 1.94208e-13
-2.70006e-14, 2.1352e-13
-4.05898e-14, 1.98904e-13
-3.83249e-14, 2.2257e-13
-6.11067e-14, 2.63457e-13
-1.14708e-13, 2.14269e-13
-9.52127e-14, 2.26587e-13
-4.79616e-15, 2.1343e-13
-2.43805e-14, 2.12005e-13
-4.94715e-14, 1.89687e-13
-1.6076e-14, 2.07381e-13
-5.86198e-15, 1.73266e-13
2.1938e-14, 2.15743e-13
-3.50386e-14, 2.0188e-13
-9.08162e-14, 2.44407e-13
-2.18492e-14, 2.73159e-13
-2.78888e-14, 2.03445e-13
-4.88498e-14, 2.50839e-13
-1.12799e-14, 2.79138e-13
-2.65565e-14, 2.18223e-13
-3.25073e-14, 1.98923e-13
-2.54019e-14, 1.88836e-13
-2.42029e-14, 2.12057e-13
-4.92495e-14, 1.36344e-13
-2.88658e-14, 1.75489e-13
2.00284e-14, 2.15383e-13
-1.23013e-14, 2.08978e-13
4.57412e-15, 2.53627e-13
2.14051e-14, 2.36195e-13
2.8777e-14, 1.69504e-13
-5.06262e-15, 2.07249e-13
-6.80345e-14, 2.10588e-13
-5.22249e-14, 1.96991e-13
2.62013e-15, 1.8194e-13
0, 0
