5.6726, 0.319935
5.6717, 0.319938
5.66903, 0.319948
5.6646, 0.319965
5.65847, 0.319989
5.65066, 0.320022
5.64123, 0.320063
5.63023, 0.320113
5.6177, 0.32017
5.60369, 0.320235
5.58826, 0.320308
5.57147, 0.320387
5.55336, 0.320472
5.53402, 0.320563
5.51348, 0.320657
5.49181, 0.320756
5.46908, 0.320856
5.44535, 0.320958
5.42067, 0.321061
5.3951, 0.321163
5.36871, 0.321264
5.34156, 0.321362
5.3137, 0.321457
5.28519, 0.321548
5.25608, 0.321634
5.22643, 0.321714
5.1963, 0.321788
5.16573, 0.321856
5.13477, 0.321916
5.10347, 0.321969
5.07188, 0.322014
5.04004, 0.32205
5.00798, 0.322079
4.97576, 0.322099
4.94341, 0.32211
4.91096, 0.322114
4.87845, 0.322108
4.84591, 0.322095
4.81337, 0.322074
4.78087, 0.322044
4.74842, 0.322008
4.71605, 0.321963
4.68379, 0.321912
4.65166, 0.321854
4.61967, 0.321789
4.58786, 0.321718
4.55622, 0.321641
4.52479, 0.321559
4.49358, 0.321471
4.4626, 0.321378
4.43186, 0.321281
4.40137, 0.321179
4.37115, 0.321074
4.3412, 0.320965
4.31154, 0.320852
4.28216, 0.320737
4.25308, 0.320618
4.22431, 0.320498
4.19584, 0.320375
4.16768, 0.32025
4.13985, 0.320123
4.11233, 0.319995
4.08513, 0.319867
4.05826, 0.319737
4.03171, 0.319606
4.00549, 0.319476
3.9796, 0.319345
3.95403, 0.319215
3.9288, 0.319085
3.90389, 0.318955
3.87931, 0.318827
3.85505, 0.318699
3.83112, 0.318573
3.80752, 0.318449
3.78423, 0.318326
3.76126, 0.318205
3.73862, 0.318087
3.71628, 0.31797
3.69426, 0.317856
3.67255, 0.317745
3.65115, 0.317637
3.63006, 0.317532
3.60926, 0.31743
3.58877, 0.317332
3.56857, 0.317236
3.54866, 0.317145
3.52904, 0.317057
3.50971, 0.316973
3.49066, 0.316894
3.4719, 0.316818
3.4534, 0.316746
3.43519, 0.316679
3.41724, 0.316616
3.39956, 0.316558
3.38214, 0.316504
3.36498, 0.316454
3.34808, 0.316409
3.33142, 0.316369
3.31502, 0.316334
3.29887, 0.316303
3.28296, 0.316276
3.25686, 0.316243
3.2313, 0.316222
3.20639, 0.316213
3.1821, 0.316218
3.15843, 0.316236
3.13535, 0.316266
3.11285, 0.316309
3.09092, 0.316364
3.06954, 0.316431
3.0487, 0.316509
3.02839, 0.316598
3.00859, 0.316698
2.9893, 0.316808
2.97049, 0.316928
2.95216, 0.317058
2.93429, 0.317197
2.91687, 0.317344
2.8999, 0.317499
2.88335, 0.317662
2.86723, 0.317833
2.85151, 0.31801
2.83619, 0.318193
2.82126, 0.318382
2.80671, 0.318576
2.79252, 0.318775
2.7787, 0.318979
2.76522, 0.319187
2.75209, 0.319399
2.73928, 0.319614
2.7268, 0.319831
2.71464, 0.320052
2.70278, 0.320274
2.69123, 0.320498
2.67996, 0.320724
2.66898, 0.320951
2.65827, 0.321179
2.64784, 0.321407
2.63767, 0.321636
2.62775, 0.321865
2.61809, 0.322093
2.60866, 0.322322
2.59948, 0.322549
2.59052, 0.322776
2.58179, 0.323002
2.57328, 0.323226
2.56498, 0.32345
2.55688, 0.323671
2.54899, 0.323892
2.5413, 0.32411
2.5338, 0.324326
2.52649, 0.324541
2.51935, 0.324753
2.5124, 0.324963
2.50562, 0.325171
2.499, 0.325376
2.49255, 0.325579
2.48626, 0.32578
2.48012, 0.325978
2.47414, 0.326173
2.4683, 0.326366
2.4626, 0.326556
2.45705, 0.326744
2.45163, 0.326929
2.44634, 0.327111
2.44118, 0.327291
2.43615, 0.327467
2.43124, 0.327641
2.42644, 0.327813
2.42177, 0.327981
2.4172, 0.328147
2.41275, 0.32831
2.4084, 0.328471
2.40415, 0.328629
2.40001, 0.328784
2.39597, 0.328937
2.39202, 0.329087
2.38816, 0.329235
2.38439, 0.32938
2.38072, 0.329522
2.37713, 0.329662
2.37362, 0.3298
2.37019, 0.329935
2.36684, 0.330068
2.36357, 0.330199
2.36038, 0.330328
2.35726, 0.330454
2.35421, 0.330578
2.35122, 0.3307
2.34831, 0.330819
2.34546, 0.330937
2.34267, 0.331053
2.33995, 0.331166
2.33729, 0.331278
2.33468, 0.331388
2.33213, 0.331495
2.32964, 0.331601
2.3272, 0.331706
2.32481, 0.331808
2.32248, 0.331909
2.32019, 0.332008
2.31485, 0.332241
2.30972, 0.332467
2.30484, 0.332685
2.30019, 0.332894
2.29576, 0.333096
2.29153, 0.333291
2.28749, 0.333479
2.28364, 0.33366
2.27994, 0.333836
2.2764, 0.334006
2.27301, 0.334171
2.26975, 0.334332
2.26662, 0.334487
2.2636, 0.334639
2.26069, 0.334787
2.25788, 0.334931
2.25517, 0.335073
2.25254, 0.335211
2.25, 0.335346
2.24753, 0.335478
2.24513, 0.335609
2.2428, 0.335737
2.24052, 0.335863
2.23831, 0.335987
2.23614, 0.33611
2.23402, 0.336231
2.23194, 0.33635
2.22991, 0.336469
2.22791, 0.336586
2.22594, 0.336702
2.22401, 0.336817
2.2221, 0.336932
2.22023, 0.337045
2.21837, 0.337158
2.21653, 0.337271
2.21472, 0.337383
2.21292, 0.337494
2.21113, 0.337605
2.20936, 0.337715
2.20761, 0.337826
2.20586, 0.337936
2.20412, 0.338046
2.20239, 0.338155
2.20066, 0.338265
2.19894, 0.338374
2.19723, 0.338483
2.19552, 0.338593
2.19381, 0.338702
2.1921, 0.338811
2.19039, 0.33892
2.18868, 0.339029
2.18697, 0.339139
2.18526, 0.339248
2.18355, 0.339357
2.18183, 0.339467
2.18011, 0.339576
2.17839, 0.339685
2.17666, 0.339795
2.17493, 0.339905
2.17319, 0.340014
2.17145, 0.340124
2.16969, 0.340234
2.16794, 0.340344
2.16617, 0.340454
2.1644, 0.340564
2.16262, 0.340674
2.16084, 0.340785
2.15904, 0.340895
2.15724, 0.341005
2.15543, 0.341116
2.15361, 0.341226
2.15178, 0.341337
2.14995, 0.341447
2.1481, 0.341557
2.14625, 0.341668
2.14438, 0.341778
2.14251, 0.341889
2.14062, 0.341999
2.13873, 0.34211
2.13683, 0.34222
2.13491, 0.34233
2.13299, 0.342441
2.13106, 0.342551
2.12912, 0.342661
2.12716, 0.342771
2.1252, 0.34288
2.12323, 0.34299
2.12124, 0.3431
2.11925, 0.343209
2.11724, 0.343318
2.11523, 0.343427
2.11321, 0.343536
2.11117, 0.343645
2.10912, 0.343753
2.10707, 0.343861
2.105, 0.343969
2.10293, 0.344077
2.10084, 0.344184
2.09874, 0.344291
2.09663, 0.344398
2.09221, 0.34462
2.08774, 0.344841
2.08322, 0.34506
2.07866, 0.345278
2.07405, 0.345493
2.0694, 0.345707
2.06471, 0.345918
2.05997, 0.346128
2.05519, 0.346334
2.05037, 0.346539
2.0455, 0.34674
2.04059, 0.346939
2.03564, 0.347135
2.03065, 0.347327
2.02562, 0.347517
2.02055, 0.347703
2.01544, 0.347886
2.01028, 0.348065
2.00509, 0.34824
1.99986, 0.348411
1.99459, 0.348579
1.98929, 0.348742
1.98394, 0.348901
1.97856, 0.349056
1.97314, 0.349206
1.96769, 0.349352
1.9622, 0.349493
1.95668, 0.349629
1.95112, 0.34976
1.94553, 0.349887
1.9399, 0.350007
1.93425, 0.350123
1.92856, 0.350233
1.92283, 0.350338
1.91708, 0.350437
1.9113, 0.35053
1.90548, 0.350618
1.89964, 0.350699
1.89376, 0.350775
1.88786, 0.350844
1.88193, 0.350907
1.87597, 0.350964
1.86998, 0.351014
1.86397, 0.351057
1.85793, 0.351095
1.85187, 0.351125
1.84578, 0.351148
1.83967, 0.351165
1.83353, 0.351175
1.82737, 0.351177
1.82118, 0.351173
1.81498, 0.351161
1.80875, 0.351142
1.8025, 0.351115
1.79623, 0.351081
1.78993, 0.35104
1.78362, 0.350991
1.77729, 0.350934
1.77094, 0.35087
1.76458, 0.350798
1.75819, 0.350718
1.75179, 0.35063
1.74537, 0.350534
1.73894, 0.35043
1.73249, 0.350319
1.72602, 0.350199
1.71954, 0.350071
1.71305, 0.349934
1.70654, 0.34979
1.70002, 0.349637
1.69348, 0.349476
1.68694, 0.349307
1.68038, 0.349129
1.67381, 0.348943
1.66723, 0.348748
1.66065, 0.348545
1.65405, 0.348334
1.64744, 0.348114
1.64082, 0.347885
1.6342, 0.347648
1.62756, 0.347403
1.62093, 0.347148
1.61428, 0.346886
1.60763, 0.346614
1.60097, 0.346334
1.5943, 0.346046
1.58763, 0.345748
1.58096, 0.345442
1.57428, 0.345128
1.5676, 0.344805
1.56092, 0.344473
1.55423, 0.344133
1.54754, 0.343784
1.54085, 0.343426
1.53416, 0.34306
1.52747, 0.342686
1.52077, 0.342302
1.51408, 0.341911
1.50738, 0.34151
1.50069, 0.341101
1.494, 0.340684
1.48731, 0.340258
1.48062, 0.339824
1.47393, 0.339382
1.46725, 0.338931
1.46057, 0.338471
1.45389, 0.338004
1.44722, 0.337528
1.44055, 0.337043
1.43389, 0.336551
1.42723, 0.33605
1.42057, 0.335542
1.41392, 0.335025
1.40728, 0.3345
1.40064, 0.333967
1.39401, 0.333426
1.38739, 0.332877
1.38078, 0.332321
1.37417, 0.331756
1.36757, 0.331184
1.36098, 0.330604
1.3544, 0.330016
1.34782, 0.329421
1.34126, 0.328818
1.3347, 0.328207
1.32816, 0.327589
1.32162, 0.326964
1.3151, 0.326331
1.30859, 0.325691
1.30208, 0.325044
1.29559, 0.324389
1.28911, 0.323728
1.28265, 0.323059
1.27619, 0.322383
1.26975, 0.321701
1.26332, 0.321011
1.2569, 0.320315
1.2505, 0.319612
1.24411, 0.318903
1.23773, 0.318186
1.23137, 0.317464
1.22502, 0.316735
1.21869, 0.315999
1.21237, 0.315257
1.20606, 0.314509
1.19977, 0.313755
1.1935, 0.312994
1.18724, 0.312228
1.181, 0.311456
1.17477, 0.310677
1.16856, 0.309893
1.16237, 0.309103
1.15619, 0.308308
1.15003, 0.307507
1.14389, 0.3067
1.13776, 0.305888
1.13165, 0.305071
1.12556, 0.304248
1.11948, 0.30342
1.11343, 0.302587
1.10739, 0.301749
1.10137, 0.300906
1.09537, 0.300058
1.08938, 0.299206
1.08342, 0.298348
1.07747, 0.297486
1.07154, 0.296619
1.06563, 0.295748
1.05974, 0.294872
1.05387, 0.293992
1.04802, 0.293108
1.04219, 0.292219
1.03638, 0.291327
1.03059, 0.29043
1.02482, 0.289529
1.01907, 0.288625
1.01333, 0.287717
1.00762, 0.286805
1.00193, 0.285889
0.996261, 0.28497
0.990611, 0.284047
0.984982, 0.283121
0.979373, 0.282191
0.973785, 0.281258
0.968218, 0.280322
0.962672, 0.279383
0.957147, 0.278441
0.951644, 0.277496
0.946161, 0.276548
0.9407, 0.275598
0.93526, 0.274644
0.929842, 0.273688
0.924445, 0.272729
0.919069, 0.271768
0.913716, 0.270805
0.908383, 0.269839
0.903073, 0.26887
0.897784, 0.2679
0.892518, 0.266927
0.887273, 0.265953
0.88205, 0.264976
0.876849, 0.263998
0.87167, 0.263017
0.866513, 0.262035
0.861378, 0.261051
0.856265, 0.260066
0.851174, 0.259079
0.846106, 0.25809
0.841059, 0.2571
0.836035, 0.256109
0.831033, 0.255117
0.826053, 0.254123
0.821096, 0.253128
0.81616, 0.252132
0.811247, 0.251135
0.806357, 0.250137
0.801488, 0.249138
0.796642, 0.248139
0.791818, 0.247138
0.787017, 0.246137
0.782238, 0.245136
0.777481, 0.244134
0.772746, 0.243131
0.768034, 0.242128
0.763344, 0.241124
0.758677, 0.24012
0.754031, 0.239116
0.749408, 0.238112
0.744807, 0.237108
0.740229, 0.236103
0.735672, 0.235099
0.731138, 0.234094
0.726626, 0.23309
0.722136, 0.232086
0.717668, 0.231082
0.713223, 0.230078
0.708799, 0.229075
0.704398, 0.228072
0.700019, 0.22707
0.695661, 0.226068
0.691326, 0.225066
0.687012, 0.224065
0.682721, 0.223065
0.678451, 0.222066
0.674203, 0.221067
0.669977, 0.220069
0.665773, 0.219072
0.66159, 0.218076
0.65743, 0.217081
0.65329, 0.216086
0.649173, 0.215093
0.645077, 0.214101
0.641002, 0.21311
0.636949, 0.21212
0.632918, 0.211132
0.628907, 0.210145
0.624918, 0.209159
0.620951, 0.208174
0.617004, 0.207191
0.613079, 0.206209
0.609175, 0.205229
0.605292, 0.20425
0.601429, 0.203273
0.597588, 0.202297
0.593768, 0.201323
0.589969, 0.200351
0.58619, 0.19938
0.582432, 0.198412
0.578695, 0.197445
0.574978, 0.19648
0.571282, 0.195516
0.567606, 0.194555
0.563951, 0.193595
0.560316, 0.192638
0.556702, 0.191683
0.553107, 0.190729
0.549533, 0.189778
0.545979, 0.188829
0.542445, 0.187882
0.538931, 0.186937
0.535436, 0.185994
0.531962, 0.185053
0.528507, 0.184115
0.525073, 0.183179
0.521657, 0.182245
0.518262, 0.181314
0.514885, 0.180385
0.511528, 0.179459
0.508191, 0.178535
0.504873, 0.177613
0.501574, 0.176694
0.498294, 0.175777
0.495033, 0.174863
0.491791, 0.173951
0.488568, 0.173042
0.485364, 0.172136
0.482179, 0.171232
0.479012, 0.170331
0.475864, 0.169432
0.472735, 0.168536
0.466207, 0.166661
0.459746, 0.164795
0.453365, 0.162941
0.447063, 0.161099
0.44084, 0.15927
0.434696, 0.157454
0.428629, 0.155651
0.422639, 0.15386
0.416725, 0.152083
0.410887, 0.150319
0.405123, 0.148569
0.399433, 0.146831
0.393817, 0.145108
0.388272, 0.143398
0.3828, 0.141702
0.377398, 0.140019
0.372067, 0.13835
0.366806, 0.136696
0.361613, 0.135055
0.356488, 0.133428
0.351431, 0.131816
0.34644, 0.130217
0.341516, 0.128633
0.336656, 0.127063
0.331862, 0.125507
0.327131, 0.123965
0.322463, 0.122437
0.317857, 0.120924
0.313313, 0.119425
0.308831, 0.11794
0.304408, 0.116469
0.300045, 0.115013
0.295742, 0.11357
0.291496, 0.112142
0.287308, 0.110728
0.283177, 0.109328
0.279102, 0.107942
0.275083, 0.10657
0.271118, 0.105212
0.267208, 0.103868
0.263351, 0.102538
0.259548, 0.101222
0.255796, 0.0999193
0.252097, 0.0986305
0.248448, 0.0973555
0.24485, 0.096094
0.241301, 0.0948461
0.237802, 0.0936117
0.234352, 0.0923907
0.230949, 0.0911831
0.227593, 0.0899887
0.224285, 0.0888075
0.221022, 0.0876395
0.217806, 0.0864845
0.214634, 0.0853425
0.211506, 0.0842133
0.208423, 0.083097
0.205382, 0.0819934
0.202385, 0.0809024
0.199429, 0.0798239
0.196516, 0.0787579
0.193643, 0.0777043
0.190811, 0.076663
0.188019, 0.0756338
0.185267, 0.0746168
0.182553, 0.0736117
0.179878, 0.0726186
0.177241, 0.0716372
0.174641, 0.0706676
0.172079, 0.0697096
0.169553, 0.0687631
0.167062, 0.067828
0.164608, 0.0669043
0.162188, 0.0659918
0.159803, 0.0650905
0.157452, 0.0642001
0.155135, 0.0633207
0.152851, 0.0624522
0.150599, 0.0615943
0.14838, 0.0607471
0.146193, 0.0599105
0.144037, 0.0590843
0.141912, 0.0582684
0.139818, 0.0574627
0.137754, 0.0566672
0.13572, 0.0558817
0.133715, 0.0551062
0.131739, 0.0543405
0.129791, 0.0535845
0.127872, 0.0528382
0.12598, 0.0521014
0.124116, 0.0513741
0.122278, 0.0506561
0.120468, 0.0499473
0.118683, 0.0492477
0.116925, 0.0485572
0.115191, 0.0478756
0.113483, 0.0472029
0.1118, 0.0465389
0.110142, 0.0458836
0.108507, 0.0452369
0.106896, 0.0445986
0.105309, 0.0439688
0.103745, 0.0433472
0.102203, 0.0427338
0.100685, 0.0421286
0.0991877, 0.0415313
0.0977128, 0.040942
0.0962594, 0.0403605
0.0948272, 0.0397868
0.093416, 0.0392207
0.0920253, 0.0386622
0.0906551, 0.0381111
0.0893048, 0.0375675
0.0879744, 0.0370311
0.0866634, 0.036502
0.0853717, 0.03598
0.0840988, 0.0354651
0.0828447, 0.0349571
0.0816089, 0.034456
0.0803913, 0.0339617
0.0791916, 0.0334741
0.0780094, 0.0329931
0.0768447, 0.0325187
0.075697, 0.0320508
0.0745663, 0.0315893
0.0734522, 0.0311341
0.0723544, 0.0306851
0.0712729, 0.0302423
0.0702072, 0.0298056
0.0691573, 0.0293748
0.0681228, 0.0289501
0.0671036, 0.0285311
0.0660994, 0.028118
0.06511, 0.0277106
0.0641352, 0.0273088
0.0631749, 0.0269126
0.0622286, 0.0265219
0.0612964, 0.0261366
0.060378, 0.0257567
0.0594731, 0.0253821
0.0585816, 0.0250127
0.0577033, 0.0246485
0.0568379, 0.0242893
0.0559854, 0.0239352
0.0551455, 0.023586
0.054318, 0.0232418
0.0535028, 0.0229023
0.0526997, 0.0225677
0.0519085, 0.0222377
0.051129, 0.0219124
0.050361, 0.0215917
0.0496045, 0.0212755
0.0488592, 0.0209638
0.0481249, 0.0206565
0.0474016, 0.0203535
0.0466889, 0.0200548
0.0459869, 0.0197604
0.0452953, 0.0194701
0.044614, 0.019184
0.0439428, 0.0189019
0.0432815, 0.0186238
0.0426302, 0.0183497
0.0419885, 0.0180795
0.0413563, 0.0178132
0.0407336, 0.0175506
0.0401201, 0.0172918
0.0395158, 0.0170368
0.0389204, 0.0167853
0.038334, 0.0165375
0.0377563, 0.0162932
0.0371871, 0.0160524
0.0366265, 0.0158151
0.0360743, 0.0155812
0.0355302, 0.0153506
0.0349943, 0.0151234
0.0344664, 0.0148994
0.0339464, 0.0146787
0.0334341, 0.0144611
0.0329295, 0.0142467
0.0324324, 0.0140354
0.0319428, 0.0138272
0.0314604, 0.0136219
0.0309853, 0.0134196
0.0305173, 0.0132203
0.0300563, 0.0130238
0.0296022, 0.0128302
0.0291548, 0.0126394
0.0287142, 0.0124514
0.0282802, 0.0122661
0.0278526, 0.0120834
0.0274315, 0.0119035
0.0270167, 0.0117261
0.026608, 0.0115514
0.0262056, 0.0113792
0.0258091, 0.0112095
0.0254186, 0.0110423
0.0250339, 0.0108775
0.024655, 0.0107151
0.0242818, 0.0105551
0.0237574, 0.0103302
0.0232431, 0.0101095
0.0227399, 0.00989344
0.0222474, 0.00968188
0.0217654, 0.00947474
0.0212938, 0.00927193
0.0208323, 0.00907337
0.0203806, 0.00887896
0.0199386, 0.00868862
0.0195061, 0.00850227
0.0190829, 0.00831984
0.0186687, 0.00814123
0.0182634, 0.00796637
0.0178668, 0.00779519
0.0174787, 0.00762762
0.017099, 0.00746357
0.0167274, 0.00730297
0.0163638, 0.00714576
0.016008, 0.00699187
0.0156598, 0.00684123
0.0153191, 0.00669376
0.0149858, 0.00654942
0.0146596, 0.00640812
0.0143404, 0.00626982
0.0140281, 0.00613444
0.0137225, 0.00600193
0.0134235, 0.00587223
0.013131, 0.00574528
0.0128447, 0.00562102
0.0125646, 0.0054994
0.0122906, 0.00538037
0.0120224, 0.00526386
0.0117601, 0.00514984
0.0115034, 0.00503823
0.0112522, 0.00492901
0.0110065, 0.00482211
0.010766, 0.00471749
0.0105308, 0.0046151
0.0103006, 0.0045149
0.0100755, 0.00441684
0.00985514, 0.00432087
0.00963959, 0.00422695
0.0094287, 0.00413504
0.00922238, 0.00404509
0.00902051, 0.00395707
0.00882302, 0.00387093
0.0086298, 0.00378664
0.00844077, 0.00370416
0.00825584, 0.00362344
0.00807491, 0.00354446
0.0078979, 0.00346717
0.00772473, 0.00339154
0.00755531, 0.00331754
0.00738957, 0.00324512
0.00722743, 0.00317427
0.0070688, 0.00310494
0.00691362, 0.0030371
0.00676181, 0.00297072
0.0066133, 0.00290576
0.00646801, 0.00284221
0.00632589, 0.00278003
0.00618685, 0.0027192
0.00605083, 0.00265967
0.00591777, 0.00260143
0.00578761, 0.00254444
0.00566028, 0.00248869
0.00553572, 0.00243414
0.00541388, 0.00238078
0.00529468, 0.00232856
0.00517809, 0.00227748
0.00506403, 0.0022275
0.00495247, 0.0021786
0.00484333, 0.00213076
0.00473657, 0.00208396
0.00463214, 0.00203818
0.00452999, 0.00199338
0.00443007, 0.00194956
0.00433233, 0.00190669
0.00423673, 0.00186475
0.00414321, 0.00182372
0.00405174, 0.00178359
0.00396226, 0.00174432
0.00387474, 0.00170591
0.00378913, 0.00166834
0.0037054, 0.00163158
0.0036235, 0.00159562
0.00354339, 0.00156044
0.00346503, 0.00152603
0.00338839, 0.00149237
0.00331342, 0.00145945
0.0032401, 0.00142724
0.00316838, 0.00139573
0.00309824, 0.00136491
0.00302963, 0.00133476
0.00296253, 0.00130528
0.0028969, 0.00127643
0.0028327, 0.00124822
0.00276992, 0.00122062
0.00270851, 0.00119362
0.00264846, 0.00116722
0.00258971, 0.00114139
0.00253226, 0.00111613
0.00247608, 0.00109142
0.00242113, 0.00106725
0.00236738, 0.00104361
0.00231482, 0.00102049
0.00226341, 0.00099787
0.00221313, 0.000975751
0.00216396, 0.000954116
0.00211587, 0.000932955
0.00206884, 0.000912259
0.00202285, 0.000892015
0.00197787, 0.000872216
0.00193387, 0.000852853
0.00189085, 0.000833915
0.00184878, 0.000815393
0.00180763, 0.000797277
0.00176739, 0.000779558
0.00172804, 0.00076223
0.00168956, 0.000745283
0.00165192, 0.00072871
0.00161512, 0.000712501
0.00157912, 0.00069665
0.00154393, 0.000681148
0.00150951, 0.000665987
0.00147585, 0.000651159
0.00144293, 0.000636658
0.00141075, 0.000622476
0.00137927, 0.000608609
0.00134849, 0.000595046
0.00131839, 0.000581782
0.00128895, 0.000568811
0.00126017, 0.000556126
0.00123203, 0.000543721
0.0012045, 0.000531591
0.00117759, 0.000519728
0.00115127, 0.000508128
0.00112554, 0.000496784
0.00110038, 0.000485691
0.00107577, 0.000474842
0.00105171, 0.000464234
0.00102818, 0.000453862
0.00100518, 0.000443719
0.000982684, 0.000433799
0.000960688, 0.000424099
0.000939181, 0.000414615
0.000918151, 0.000405341
0.000897588, 0.000396272
0.000877481, 0.000387405
0.000857821, 0.000378734
0.000838598, 0.000370255
0.000819802, 0.000361966
0.000801424, 0.00035386
0.000783455, 0.000345933
0.000765887, 0.000338184
0.000748709, 0.000330607
0.000731912, 0.000323197
0.000715489, 0.000315951
0.000699432, 0.000308866
0.000683732, 0.00030194
0.000668381, 0.000295167
0.000653373, 0.000288545
0.000638698, 0.000282071
0.000624351, 0.00027574
0.000610323, 0.00026955
0.000596608, 0.000263498
0.000583199, 0.000257581
0.000570089, 0.000251796
0.000557271, 0.00024614
0.000544739, 0.00024061
0.000532487, 0.000235203
0.000520507, 0.000229916
0.000508795, 0.000224748
0.000497345, 0.000219695
0.000486151, 0.000214755
0.000475207, 0.000209925
0.000464507, 0.000205203
0.000454046, 0.000200586
0.000443819, 0.000196072
0.00043382, 0.00019166
0.000424045, 0.000187346
0.000414488, 0.000183127
0.000405145, 0.000179003
0.000396011, 0.000174971
0.000387082, 0.00017103
0.000378352, 0.000167178
0.000369818, 0.000163411
0.000361474, 0.000159728
0.000353317, 0.000156128
0.000345343, 0.000152609
0.000337548, 0.000149168
0.000329926, 0.000145803
0.000322476, 0.000142515
0.000315193, 0.000139301
0.000308073, 0.000136158
0.000301113, 0.000133085
0.000294308, 0.000130082
0.000287656, 0.000127146
0.000281153, 0.000124275
0.000274795, 0.000121468
0.000268581, 0.000118725
0.000262506, 0.000116044
0.000256568, 0.000113422
0.000250762, 0.000110859
0.000245087, 0.000108354
0.000239539, 0.000105905
0.000234116, 0.00010351
0.000228814, 0.00010117
0.000223632, 9.88822e-05
0.000218566, 9.66462e-05
0.000213614, 9.446e-05
0.000208773, 9.23231e-05
0.000204041, 9.02341e-05
0.000199416, 8.81917e-05
0.000194894, 8.61953e-05
0.000190474, 8.42436e-05
0.000186153, 8.23358e-05
0.00018193, 8.04712e-05
0.000177802, 7.86485e-05
0.000173767, 7.68668e-05
0.000169822, 7.51254e-05
0.000165967, 7.34229e-05
0.000162198, 7.17588e-05
0.000158515, 7.01319e-05
0.000154914, 6.85416e-05
0.000151394, 6.69873e-05
0.000147954, 6.54677e-05
0.000144591, 6.39822e-05
0.000141304, 6.25303e-05
0.000138091, 6.11112e-05
0.000134951, 5.97241e-05
0.000131882, 5.83681e-05
0.000128881, 5.70426e-05
0.000125949, 5.57469e-05
0.000123083, 5.44803e-05
0.000120281, 5.32422e-05
0.000117542, 5.20318e-05
0.000114866, 5.08488e-05
0.00011225, 4.96928e-05
0.000109694, 4.85629e-05
0.000107195, 4.74584e-05
0.000104752, 4.63787e-05
0.000102365, 4.53231e-05
0.000100032, 4.42915e-05
9.77519e-05, 4.32834e-05
9.55233e-05, 4.22979e-05
9.3345e-05, 4.13343e-05
9.12161e-05, 4.03925e-05
8.91353e-05, 3.94719e-05
8.71018e-05, 3.85721e-05
8.51144e-05, 3.76924e-05
8.31721e-05, 3.68325e-05
8.12739e-05, 3.5992e-05
7.94187e-05, 3.51707e-05
7.76055e-05, 3.43678e-05
7.58336e-05, 3.35831e-05
7.41021e-05, 3.28163e-05
7.24098e-05, 3.20667e-05
7.0756e-05, 3.13337e-05
6.91398e-05, 3.06173e-05
6.75605e-05, 2.99173e-05
6.6017e-05, 2.92331e-05
6.45087e-05, 2.85644e-05
6.30346e-05, 2.79108e-05
6.1594e-05, 2.72719e-05
6.01862e-05, 2.66475e-05
5.88105e-05, 2.60374e-05
5.74661e-05, 2.54412e-05
5.61523e-05, 2.48585e-05
5.48683e-05, 2.42889e-05
5.36136e-05, 2.37322e-05
5.23876e-05, 2.31881e-05
5.11896e-05, 2.26566e-05
5.00189e-05, 2.21371e-05
4.8875e-05, 2.16295e-05
4.77571e-05, 2.11335e-05
4.66648e-05, 2.06488e-05
4.55974e-05, 2.01753e-05
4.45545e-05, 1.97125e-05
4.35354e-05, 1.92602e-05
4.25395e-05, 1.88182e-05
4.15663e-05, 1.83863e-05
4.06153e-05, 1.79643e-05
3.96862e-05, 1.75519e-05
3.87782e-05, 1.7149e-05
3.78908e-05, 1.67552e-05
3.70238e-05, 1.63704e-05
3.61767e-05, 1.59945e-05
3.53488e-05, 1.56272e-05
3.45399e-05, 1.52684e-05
3.37495e-05, 1.49177e-05
3.29771e-05, 1.45751e-05
3.22225e-05, 1.42405e-05
3.14851e-05, 1.39135e-05
3.07647e-05, 1.35941e-05
3.00606e-05, 1.3282e-05
2.93727e-05, 1.29771e-05
2.87005e-05, 1.26791e-05
2.80436e-05, 1.23879e-05
2.74017e-05, 1.21034e-05
2.67746e-05, 1.18255e-05
2.61617e-05, 1.15539e-05
2.5563e-05, 1.12886e-05
2.4978e-05, 1.10294e-05
2.44063e-05, 1.07762e-05
2.38477e-05, 1.05289e-05
2.33018e-05, 1.02871e-05
2.27685e-05, 1.00509e-05
2.22474e-05, 9.82019e-06
2.17381e-05, 9.59475e-06
2.12404e-05, 9.37444e-06
2.07542e-05, 9.15918e-06
2.02791e-05, 8.94894e-06
1.98148e-05, 8.7435e-06
1.93612e-05, 8.54283e-06
1.89179e-05, 8.34677e-06
1.84848e-05, 8.15514e-06
1.80616e-05, 7.96794e-06
1.76481e-05, 7.78508e-06
1.7244e-05, 7.60638e-06
1.68491e-05, 7.43172e-06
1.64633e-05, 7.26108e-06
1.60863e-05, 7.09438e-06
1.57179e-05, 6.93149e-06
1.5358e-05, 6.77233e-06
1.50063e-05, 6.61684e-06
1.46627e-05, 6.46493e-06
1.43269e-05, 6.31647e-06
1.39988e-05, 6.1714e-06
1.36783e-05, 6.02969e-06
1.3365e-05, 5.89124e-06
1.30589e-05, 5.75592e-06
1.27599e-05, 5.62365e-06
1.24676e-05, 5.49445e-06
1.2182e-05, 5.3682e-06
1.1903e-05, 5.24485e-06
1.16303e-05, 5.12435e-06
1.13639e-05, 5.0066e-06
1.11037e-05, 4.89155e-06
1.08494e-05, 4.77911e-06
1.06009e-05, 4.66925e-06
1.03582e-05, 4.56191e-06
1.01209e-05, 4.45703e-06
9.88912e-06, 4.35457e-06
9.66267e-06, 4.25444e-06
9.4414e-06, 4.15661e-06
9.22518e-06, 4.06101e-06
9.01393e-06, 3.96759e-06
8.80753e-06, 3.87632e-06
8.60582e-06, 3.78715e-06
8.40873e-06, 3.70005e-06
8.21619e-06, 3.61495e-06
8.02807e-06, 3.53181e-06
7.84426e-06, 3.45055e-06
7.66467e-06, 3.37115e-06
7.48918e-06, 3.29362e-06
7.31772e-06, 3.21786e-06
7.15021e-06, 3.14384e-06
6.98654e-06, 3.07154e-06
6.82661e-06, 3.00089e-06
6.67036e-06, 2.93185e-06
6.51768e-06, 2.86441e-06
6.36851e-06, 2.79855e-06
6.22277e-06, 2.73416e-06
6.08038e-06, 2.67124e-06
5.94127e-06, 2.60977e-06
5.80535e-06, 2.54973e-06
5.67254e-06, 2.49107e-06
5.54278e-06, 2.43372e-06
5.41599e-06, 2.3777e-06
5.29216e-06, 2.32301e-06
5.17116e-06, 2.26958e-06
5.05292e-06, 2.21739e-06
4.93736e-06, 2.1664e-06
4.82446e-06, 2.11659e-06
4.71418e-06, 2.0679e-06
4.60644e-06, 2.02035e-06
4.50118e-06, 1.97389e-06
4.39834e-06, 1.92845e-06
4.29784e-06, 1.88408e-06
4.19965e-06, 1.84073e-06
4.10375e-06, 1.79838e-06
4.01003e-06, 1.757e-06
3.91849e-06, 1.71659e-06
3.82904e-06, 1.6771e-06
3.74161e-06, 1.63852e-06
3.65621e-06, 1.60085e-06
3.57277e-06, 1.56405e-06
3.49126e-06, 1.5281e-06
3.41162e-06, 1.49295e-06
3.3338e-06, 1.45864e-06
3.25777e-06, 1.42514e-06
3.18347e-06, 1.39238e-06
3.1109e-06, 1.36034e-06
3.04001e-06, 1.32905e-06
2.97073e-06, 1.29847e-06
2.90303e-06, 1.26861e-06
2.83691e-06, 1.23947e-06
2.7723e-06, 1.21098e-06
2.70918e-06, 1.18314e-06
2.62668e-06, 1.14689e-06
2.54615e-06, 1.11162e-06
2.46817e-06, 1.07746e-06
2.39258e-06, 1.04437e-06
2.31931e-06, 1.01228e-06
2.24828e-06, 9.81183e-07
2.17944e-06, 9.51045e-07
2.11272e-06, 9.21829e-07
2.04803e-06, 8.93511e-07
1.98532e-06, 8.66053e-07
1.92453e-06, 8.39437e-07
1.86559e-06, 8.13641e-07
1.80847e-06, 7.8864e-07
1.75311e-06, 7.64407e-07
1.69944e-06, 7.4092e-07
1.6474e-06, 7.18153e-07
1.59695e-06, 6.96078e-07
1.54806e-06, 6.74683e-07
1.50066e-06, 6.53945e-07
1.45472e-06, 6.33836e-07
1.41018e-06, 6.14344e-07
1.36701e-06, 5.95464e-07
1.32518e-06, 5.77158e-07
1.28462e-06, 5.59399e-07
1.24529e-06, 5.42182e-07
1.20718e-06, 5.25496e-07
1.17025e-06, 5.09335e-07
1.13445e-06, 4.93667e-07
1.09974e-06, 4.78473e-07
1.06608e-06, 4.63752e-07
1.03346e-06, 4.49488e-07
1.00183e-06, 4.35655e-07
9.71176e-07, 4.2224e-07
9.41449e-07, 4.09241e-07
9.1264e-07, 3.96647e-07
8.84722e-07, 3.84444e-07
8.57662e-07, 3.72622e-07
8.31429e-07, 3.61161e-07
8.06001e-07, 3.50049e-07
7.8135e-07, 3.39276e-07
7.57467e-07, 3.28834e-07
7.34317e-07, 3.18718e-07
7.11872e-07, 3.08915e-07
6.9012e-07, 2.99411e-07
6.69035e-07, 2.90203e-07
6.48605e-07, 2.81285e-07
6.28784e-07, 2.72624e-07
6.0957e-07, 2.64239e-07
5.90952e-07, 2.56113e-07
5.72906e-07, 2.48229e-07
5.55427e-07, 2.40591e-07
5.38476e-07, 2.33191e-07
5.22034e-07, 2.26012e-07
5.06097e-07, 2.19052e-07
4.90654e-07, 2.12312e-07
4.75691e-07, 2.05774e-07
4.61187e-07, 1.9944e-07
4.47122e-07, 1.93301e-07
4.3348e-07, 1.87346e-07
4.20265e-07, 1.81586e-07
4.07457e-07, 1.76009e-07
3.95038e-07, 1.70595e-07
3.83007e-07, 1.65348e-07
3.71338e-07, 1.60259e-07
3.6003e-07, 1.55324e-07
3.49073e-07, 1.5054e-07
3.38446e-07, 1.45902e-07
3.28148e-07, 1.41409e-07
3.1817e-07, 1.37061e-07
3.08496e-07, 1.32841e-07
2.99112e-07, 1.28745e-07
2.90023e-07, 1.2478e-07
2.81218e-07, 1.20942e-07
2.72676e-07, 1.1721e-07
2.64403e-07, 1.13592e-07
2.56385e-07, 1.10097e-07
2.48607e-07, 1.06702e-07
2.41075e-07, 1.03415e-07
2.33777e-07, 1.00228e-07
2.26694e-07, 9.71359e-08
2.19833e-07, 9.41484e-08
2.13177e-07, 9.12472e-08
2.06723e-07, 8.84314e-08
2.00475e-07, 8.57074e-08
1.94424e-07, 8.30699e-08
1.88558e-07, 8.05086e-08
1.82868e-07, 7.80216e-08
1.77356e-07, 7.56115e-08
1.72018e-07, 7.32813e-08
1.66841e-07, 7.10258e-08
1.61815e-07, 6.88368e-08
1.5695e-07, 6.67155e-08
1.52232e-07, 6.46598e-08
1.47652e-07, 6.26636e-08
1.43215e-07, 6.07278e-08
1.38919e-07, 5.8854e-08
1.34761e-07, 5.70402e-08
1.30729e-07, 5.52819e-08
1.26819e-07, 5.35727e-08
1.23033e-07, 5.19216e-08
1.19362e-07, 5.03211e-08
1.15802e-07, 4.87617e-08
1.12356e-07, 4.72501e-08
1.09015e-07, 4.5788e-08
1.05774e-07, 4.43713e-08
1.02636e-07, 4.3004e-08
9.95962e-08, 4.16815e-08
9.66496e-08, 4.0393e-08
9.37918e-08, 3.91445e-08
9.10224e-08, 3.79378e-08
8.83377e-08, 3.67642e-08
8.57331e-08, 3.56279e-08
8.32105e-08, 3.45304e-08
8.07697e-08, 3.34644e-08
7.84058e-08, 3.24349e-08
7.6114e-08, 3.14394e-08
7.38853e-08, 3.04677e-08
7.17275e-08, 2.95228e-08
6.96424e-08, 2.86104e-08
6.76215e-08, 2.77292e-08
6.56648e-08, 2.68723e-08
6.37654e-08, 2.60362e-08
6.19262e-08, 2.52266e-08
6.01446e-08, 2.4439e-08
5.8417e-08, 2.36777e-08
5.67445e-08, 2.29432e-08
5.51241e-08, 2.22292e-08
5.35573e-08, 2.15403e-08
5.20388e-08, 2.08744e-08
5.05633e-08, 2.0225e-08
4.91326e-08, 1.95923e-08
4.77436e-08, 1.89822e-08
4.63986e-08, 1.83926e-08
4.50993e-08, 1.78193e-08
4.38438e-08, 1.72628e-08
4.26302e-08, 1.67243e-08
4.14533e-08, 1.62002e-08
4.03107e-08, 1.56916e-08
3.92034e-08, 1.51992e-08
3.81331e-08, 1.47207e-08
3.70946e-08, 1.42549e-08
3.60895e-08, 1.38029e-08
3.5118e-08, 1.33666e-08
3.41754e-08, 1.29457e-08
3.32607e-08, 1.25389e-08
3.23725e-08, 1.21442e-08
3.15134e-08, 1.17641e-08
3.06822e-08, 1.13976e-08
2.98715e-08, 1.10411e-08
2.90861e-08, 1.06961e-08
2.8329e-08, 1.03654e-08
2.75942e-08, 1.00469e-08
2.6883e-08, 9.74112e-09
2.61958e-08, 9.44673e-09
2.55313e-08, 9.16467e-09
2.48877e-08, 8.89471e-09
2.426e-08, 8.62968e-09
2.36492e-08, 8.37432e-09
2.30565e-08, 8.12902e-09
2.24843e-08, 7.89592e-09
2.19301e-08, 7.67267e-09
2.13898e-08, 7.45534e-09
2.08635e-08, 7.24637e-09
2.035e-08, 7.04334e-09
1.98508e-08, 6.84778e-09
1.93653e-08, 6.65813e-09
1.88943e-08, 6.47602e-09
1.84344e-08, 6.30048e-09
1.79871e-08, 6.13244e-09
1.75553e-08, 5.97353e-09
1.71337e-08, 5.81868e-09
1.67222e-08, 5.66948e-09
1.6322e-08, 5.52653e-09
1.59306e-08, 5.38716e-09
1.55495e-08, 5.25387e-09
1.51811e-08, 5.12872e-09
1.48223e-08, 5.00936e-09
1.44715e-08, 4.89339e-09
1.41287e-08, 4.78098e-09
1.37941e-08, 4.6715e-09
1.34678e-08, 4.56376e-09
1.31494e-08, 4.45872e-09
1.28377e-08, 4.35672e-09
1.25325e-08, 4.25637e-09
1.22351e-08, 4.15771e-09
1.19451e-08, 4.06266e-09
1.16609e-08, 3.9696e-09
1.13828e-08, 3.87765e-09
1.11107e-08, 3.78818e-09
1.08447e-08, 3.70022e-09
1.05856e-08, 3.61416e-09
1.03325e-08, 3.53124e-09
1.0085e-08, 3.4507e-09
9.84346e-09, 3.37173e-09
9.60712e-09, 3.29484e-09
9.37612e-09, 3.22014e-09
9.15102e-09, 3.14696e-09
8.93124e-09, 3.0759e-09
8.71565e-09, 3.00726e-09
8.5051e-09, 2.93937e-09
8.29995e-09, 2.87249e-09
8.09898e-09, 2.80772e-09
7.90269e-09, 2.74474e-09
7.71177e-09, 2.68381e-09
7.52448e-09, 2.62364e-09
7.34154e-09, 2.56472e-09
7.1636e-09, 2.50809e-09
6.98765e-09, 2.45189e-09
6.81473e-09, 2.39652e-09
6.64744e-09, 2.34327e-09
6.48424e-09, 2.29206e-09
6.32453e-09, 2.24177e-09
6.16858e-09, 2.19182e-09
6.01593e-09, 2.14364e-09
5.86661e-09, 2.09683e-09
5.72048e-09, 2.05133e-09
5.57835e-09, 2.00673e-09
5.43922e-09, 1.96196e-09
5.30178e-09, 1.91876e-09
5.1679e-09, 1.87793e-09
5.03712e-09, 1.83775e-09
4.90816e-09, 1.79844e-09
4.78298e-09, 1.76012e-09
4.66142e-09, 1.72177e-09
4.54082e-09, 1.68494e-09
4.42376e-09, 1.64914e-09
4.30971e-09, 1.61373e-09
4.19658e-09, 1.5794e-09
4.08708e-09, 1.54602e-09
3.97944e-09, 1.5139e-09
3.87293e-09, 1.4828e-09
3.77009e-09, 1.45116e-09
3.67016e-09, 1.41947e-09
3.57196e-09, 1.38932e-09
3.47624e-09, 1.35942e-09
3.38263e-09, 1.3303e-09
3.29021e-09, 1.30279e-09
3.19947e-09, 1.27506e-09
3.10999e-09, 1.24728e-09
3.02193e-09, 1.2197e-09
2.93668e-09, 1.19313e-09
2.85393e-09, 1.16758e-09
2.77276e-09, 1.14147e-09
2.69311e-09, 1.11617e-09
2.61533e-09, 1.09227e-09
2.53928e-09, 1.06798e-09
2.46474e-09, 1.04461e-09
2.3921e-09, 1.02223e-09
2.32084e-09, 9.97474e-10
2.25111e-09, 9.72882e-10
2.18405e-09, 9.50793e-10
2.11687e-09, 9.28366e-10
2.05095e-09, 9.0582e-10
1.98863e-09, 8.84329e-10
1.92659e-09, 8.63295e-10
1.86595e-09, 8.43197e-10
1.80724e-09, 8.23496e-10
1.74882e-09, 8.03928e-10
1.69269e-09, 7.84359e-10
1.63746e-09, 7.65098e-10
1.58306e-09, 7.46144e-10
1.52971e-09, 7.27749e-10
1.47821e-09, 7.10809e-10
1.42919e-09, 6.94031e-10
1.38049e-09, 6.76283e-10
1.33266e-09, 6.58991e-10
1.28636e-09, 6.43021e-10
1.24122e-09, 6.27111e-10
1.19769e-09, 6.1093e-10
1.15465e-09, 5.95486e-10
1.11205e-09, 5.80163e-10
1.07e-09, 5.64011e-10
1.02906e-09, 5.47776e-10
9.90513e-10, 5.32156e-10
9.52352e-10, 5.17382e-10
9.15957e-10, 5.04021e-10
8.81151e-10, 4.90545e-10
8.46837e-10, 4.75523e-10
8.13042e-10, 4.62256e-10
7.79233e-10, 4.49784e-10
7.46403e-10, 4.35982e-10
7.15053e-10, 4.22272e-10
6.84745e-10, 4.10041e-10
6.55524e-10, 3.9759e-10
6.27096e-10, 3.85291e-10
5.98724e-10, 3.73838e-10
5.71685e-10, 3.61845e-10
5.45269e-10, 3.50326e-10
5.19287e-10, 3.40081e-10
4.94762e-10, 3.29642e-10
4.70568e-10, 3.18624e-10
4.46585e-10, 3.07656e-10
4.23938e-10, 2.96056e-10
4.03036e-10, 2.85932e-10
3.82424e-10, 2.76496e-10
3.62006e-10, 2.66401e-10
3.42162e-10, 2.56624e-10
3.23203e-10, 2.46626e-10
3.04911e-10, 2.36611e-10
2.87745e-10, 2.27767e-10
2.71072e-10, 2.1998e-10
2.54147e-10, 2.11241e-10
2.38473e-10, 2.02383e-10
2.23617e-10, 1.93399e-10
2.09416e-10, 1.84388e-10
1.96121e-10, 1.77172e-10
1.82934e-10, 1.69528e-10
1.70449e-10, 1.60934e-10
1.58391e-10, 1.53517e-10
1.47074e-10, 1.46554e-10
1.36413e-10, 1.38954e-10
1.25404e-10, 1.31697e-10
1.15584e-10, 1.25419e-10
1.06377e-10, 1.1915e-10
9.65744e-11, 1.1214e-10
8.80043e-11, 1.05671e-10
8.1266e-11, 9.95975e-11
7.39501e-11, 9.40055e-11
6.67293e-11, 8.87323e-11
6.04514e-11, 8.33679e-11
5.44879e-11, 7.7458e-11
4.85229e-11, 7.09574e-11
4.28737e-11, 6.50282e-11
3.79001e-11, 5.98979e-11
3.25722e-11, 5.52564e-11
2.79048e-11, 5.10137e-11
2.50606e-11, 4.56102e-11
2.17893e-11, 4.09093e-11
1.8595e-11, 3.74369e-11
1.5967e-11, 3.3597e-11
1.28874e-11, 2.90785e-11
1.08323e-11, 2.47078e-11
9.35954e-12, 2.20545e-11
7.54585e-12, 1.93185e-11
5.60636e-12, 1.67014e-11
3.83178e-12, 1.41491e-11
2.97768e-12, 1.09934e-11
2.23975e-12, 9.09212e-12
1.29659e-12, 7.93789e-12
4.94893e-13, 6.90135e-12
5.14078e-13, 6.2659e-12
1.04947e-12, 5.27524e-12
8.23045e-14, 5.38223e-12
-9.03603e-13, 4.98899e-12
-1.31643e-12, 4.5232e-12
-1.41614e-12, 5.80002e-12
-1.09054e-12, 6.2455e-12
-2.80901e-13, 5.72741e-12
-1.56201e-13, 5.44629e-12
-1.21239e-12, 5.03417e-12
-1.09853e-12, 5.66106e-12
-7.01839e-13, 6.06599e-12
-9.92125e-13, 4.96422e-12
-8.90754e-13, 4.8644e-12
-7.51902e-13, 5.69036e-12
-8.4676e-13, 5.6658e-12
-9.22995e-13, 5.004e-12
-8.02203e-13, 5.43802e-12
-9.48723e-13, 5.33068e-12
-9.16422e-13, 5.0333e-12
-2.66838e-13, 5.53181e-12
-4.13832e-13, 5.51406e-12
-5.34743e-13, 5.16748e-12
-2.59999e-13, 5.45677e-12
-7.01779e-13, 5.75826e-12
-3.99947e-13, 5.9794e-12
-1.05634e-13, 6.05998e-12
-7.73189e-13, 5.77328e-12
-7.8589e-13, 5.36691e-12
-4.4477e-13, 5.98656e-12
2.51266e-13, 5.81483e-12
-3.88341e-13, 5.49883e-12
-6.19652e-13, 5.93844e-12
-3.2309e-13, 6.0867e-12
-1.32623e-12, 5.87388e-12
-1.52021e-12, 5.65618e-12
-2.80546e-13, 5.24271e-12
-3.01181e-13, 5.31403e-12
-5.08186e-13, 5.72426e-12
-2.42088e-13, 5.18001e-12
-5.21805e-13, 5.27612e-12
-5.22042e-13, 5.46134e-12
-5.67398e-13, 4.61991e-12
-6.78924e-13, 4.69843e-12
-1.30737e-12, 5.31728e-12
-2.44693e-13, 4.40915e-12
1.64905e-14, 4.23059e-12
-1.01421e-12, 4.86689e-12
-7.83965e-13, 5.07156e-12
-2.50614e-13, 4.88815e-12
-3.23504e-13, 5.29068e-12
-5.07831e-13, 5.43206e-12
-5.08127e-13, 5.3087e-12
-9.91e-13, 5.94287e-12
-1.02374e-12, 5.8583e-12
-1.18983e-12, 5.97217e-12
-1.25583e-12, 5.38782e-12
-8.50757e-13, 5.38159e-12
-2.11979e-13, 6.16592e-12
1.13805e-13, 5.40273e-12
1.87465e-13, 4.36685e-12
1.4803e-16, 4.16856e-12
-3.201e-13, 5.12589e-12
-8.28907e-13, 4.60341e-12
-7.14243e-13, 4.62146e-12
-1.5176e-13, 4.86495e-12
-6.48252e-13, 5.56074e-12
-6.07603e-13, 5.29864e-12
-1.36987e-13, 4.88572e-12
-7.02964e-13, 4.99406e-12
-7.83048e-13, 5.22376e-12
-2.84336e-13, 5.20623e-12
-5.1393e-13, 5.05848e-12
-5.4771e-13, 5.73215e-12
-4.12322e-13, 5.8621e-12
-9.07422e-13, 5.43096e-12
-1.13755e-12, 5.18667e-12
-2.07153e-13, 5.1733e-12
-2.404e-14, 5.30849e-12
-1.00364e-14, 4.73039e-12
-6.10356e-13, 5.21602e-12
-1.16203e-12, 6.15309e-12
-9.84842e-13, 5.41708e-12
-1.03929e-12, 5.62764e-12
-3.75403e-13, 5.04591e-12
-3.82746e-13, 4.48245e-12
-1.14391e-12, 5.13035e-12
-7.52139e-13, 5.57676e-12
-7.66528e-13, 5.65779e-12
-7.10661e-13, 5.56097e-12
-8.56115e-13, 5.30763e-12
-1.37943e-12, 4.66593e-12
-1.07594e-12, 5.10183e-12
-4.6055e-13, 4.92886e-12
-3.02099e-13, 4.93587e-12
-6.20156e-13, 5.40648e-12
-2.52864e-13, 5.54422e-12
1.28786e-13, 5.6333e-12
3.51008e-13, 6.06918e-12
6.56364e-14, 5.10344e-12
-2.33473e-13, 4.69703e-12
-3.44998e-13, 5.23288e-12
-4.07674e-13, 5.1018e-12
-6.52278e-13, 4.53388e-12
-9.59706e-13, 4.38934e-12
-7.70643e-13, 4.86726e-12
-8.54961e-13, 4.64701e-12
-5.24825e-13, 4.61192e-12
-6.5894e-13, 4.95217e-12
-5.10436e-13, 4.95065e-12
4.10753e-13, 4.79175e-12
-4.20789e-13, 5.26744e-12
-9.8422e-13, 5.60506e-12
-9.98668e-13, 5.87843e-12
-7.57942e-13, 5.3731e-12
-5.67457e-13, 4.69621e-12
-4.74939e-13, 4.41013e-12
-4.96699e-13, 5.563e-12
-8.22779e-13, 5.69085e-12
-9.86381e-13, 5.48091e-12
-1.2706e-12, 5.42946e-12
-1.2563e-12, 4.48995e-12
-7.14628e-13, 4.57303e-12
-8.86402e-13, 4.59894e-12
-1.29994e-12, 4.86022e-12
-3.20662e-13, 5.07064e-12
-5.65178e-14, 5.1249e-12
-4.43053e-13, 5.55149e-12
-5.57806e-13, 5.82785e-12
-1.07455e-12, 5.55654e-12
-1.59884e-12, 5.53002e-12
-1.51236e-12, 5.79121e-12
-1.41188e-12, 5.84754e-12
-9.35844e-13, 5.98815e-12
-5.75569e-13, 5.83709e-12
-4.30855e-13, 5.69086e-12
-1.0821e-12, 5.47455e-12
-1.74705e-12, 4.61157e-12
-3.3431e-13, 4.92115e-12
8.10729e-13, 5.67977e-12
-4.62445e-14, 5.41622e-12
-7.35767e-13, 4.62189e-12
-1.08527e-12, 5.77683e-12
-1.35409e-12, 5.81756e-12
-8.36753e-13, 5.1834e-12
-7.93114e-13, 4.81811e-12
-9.31758e-13, 5.11305e-12
-5.41493e-14, 6.25077e-12
1.64491e-13, 6.40363e-12
-1.60817e-12, 6.74578e-12
-8.36901e-13, 6.25905e-12
3.65337e-13, 5.85302e-12
-4.57145e-13, 5.52601e-12
-3.83308e-13, 5.70915e-12
-1.11022e-13, 5.98961e-12
-3.72147e-14, 5.73757e-12
1.91521e-13, 5.77864e-12
-2.37173e-13, 6.30444e-12
-8.13394e-13, 6.42517e-12
-6.58022e-13, 5.43442e-12
-6.87776e-13, 5.42245e-12
-4.79912e-13, 4.9493e-12
-1.53566e-13, 4.73837e-12
-6.58851e-13, 5.11473e-12
-1.59931e-13, 5.31605e-12
2.4869e-13, 5.27735e-12
-4.89978e-14, 5.09199e-12
-7.17056e-14, 5.48001e-12
-1.03485e-12, 5.43747e-12
-1.07153e-12, 4.41219e-12
-2.34094e-13, 4.23153e-12
-6.08787e-13, 5.48518e-12
-3.75818e-13, 5.84075e-12
4.41365e-13, 4.78696e-12
4.78847e-13, 4.66625e-12
3.50919e-13, 5.88979e-12
-1.90899e-13, 5.56195e-12
-2.20624e-13, 5.37864e-12
-5.07594e-13, 6.3386e-12
-1.01279e-12, 6.7745e-12
-5.36697e-13, 6.09825e-12
-2.49578e-13, 5.64446e-12
-3.70785e-13, 5.70516e-12
-2.57098e-13, 6.02624e-12
1.52411e-13, 5.42843e-12
3.79992e-13, 5.4945e-12
4.55961e-13, 5.56457e-12
-6.80937e-16, 4.70793e-12
-1.11215e-12, 4.94263e-12
-1.43944e-12, 5.8273e-12
-7.60577e-13, 5.00023e-12
-1.06647e-12, 5.15244e-12
-8.2867e-13, 6.44782e-12
5.25061e-13, 5.86298e-12
4.96788e-14, 5.30783e-12
-1.0077e-12, 6.12393e-12
-1.11496e-12, 5.89124e-12
-6.92483e-13, 4.69746e-12
-1.15996e-13, 5.50724e-12
-2.77911e-13, 5.39022e-12
-9.94108e-13, 4.38575e-12
-1.04012e-12, 5.14571e-12
-1.08669e-12, 4.91896e-12
-1.44957e-12, 4.96884e-12
-6.37357e-13, 5.36762e-12
-1.89064e-13, 5.59434e-12
-7.07967e-13, 5.30551e-12
-1.0569e-12, 5.22893e-12
-1.13429e-12, 5.33501e-12
-2.87355e-13, 5.36048e-12
2.17693e-13, 5.03813e-12
-3.11632e-13, 5.06102e-12
-4.5158e-13, 5.90079e-12
3.18856e-14, 5.16866e-12
-4.36925e-13, 4.65077e-12
-1.06931e-12, 5.46569e-12
-6.23501e-13, 5.16559e-12
-7.02075e-13, 5.00961e-12
-6.38867e-13, 5.05917e-12
-8.04098e-13, 5.63987e-12
-1.56521e-12, 5.37135e-12
-1.20354e-12, 5.53832e-12
-5.51026e-13, 5.43835e-12
-2.59851e-13, 5.82948e-12
-1.04829e-12, 6.86734e-12
-1.34719e-12, 5.84541e-12
-1.03976e-12, 5.81262e-12
-7.70732e-13, 5.23566e-12
-6.84223e-13, 5.01405e-12
-9.53045e-13, 5.68889e-12
-9.21574e-13, 5.89508e-12
-5.6577e-14, 5.06347e-12
2.60177e-13, 5.45414e-12
2.84661e-13, 5.7734e-12
3.87394e-13, 4.0969e-12
-1.29674e-13, 5.16378e-12
-3.21076e-13, 5.66798e-12
-2.88836e-13, 5.83951e-12
-4.48915e-13, 5.15721e-12
-2.4869e-14, 5.47902e-12
5.58427e-13, 5.5589e-12
-8.10848e-13, 5.68588e-12
-1.32297e-12, 5.36955e-12
-1.34749e-12, 5.79174e-12
-1.45945e-12, 5.90705e-12
-1.03378e-12, 5.26547e-12
-4.38375e-13, 5.95614e-12
-3.74456e-13, 5.94761e-12
-1.1236e-12, 5.10465e-12
-1.30094e-12, 5.84585e-12
-1.04257e-12, 5.61123e-12
-3.96098e-13, 5.28719e-12
-3.23652e-13, 5.47002e-12
-1.4813e-12, 4.99531e-12
-1.56171e-12, 5.53802e-12
-1.39195e-12, 5.78e-12
-9.20508e-13, 5.4549e-12
-2.14317e-13, 4.95765e-12
-7.10217e-13, 4.92457e-12
-9.38005e-13, 4.93321e-12
-6.52722e-13, 5.31214e-12
-5.14344e-13, 6.34379e-12
-5.79418e-13, 5.57166e-12
-1.29043e-12, 4.28287e-12
-1.69864e-12, 5.22505e-12
-3.1554e-13, 5.31571e-12
7.68866e-14, 5.02399e-12
-4.96758e-13, 4.96907e-12
4.38997e-13, 4.37895e-12
1.17684e-13, 5.14642e-12
-6.70604e-13, 4.83613e-12
-2.90138e-14, 4.12121e-12
-2.18581e-13, 5.69993e-12
-7.80709e-14, 6.01675e-12
-5.15913e-13, 5.30768e-12
-1.25849e-12, 5.12704e-12
-6.71729e-13, 5.12503e-12
-9.2785e-14, 5.03243e-12
-3.58054e-13, 4.90222e-12
-6.97487e-13, 5.23346e-12
-8.63576e-13, 5.31124e-12
-1.13734e-12, 4.49035e-12
-5.05581e-13, 4.90872e-12
-1.73372e-13, 5.23793e-12
1.93327e-13, 5.12492e-12
6.26047e-13, 4.78737e-12
2.84306e-13, 4.97561e-12
-4.00213e-13, 6.0437e-12
-7.506e-13, 5.55132e-12
-7.00684e-13, 6.13463e-12
-1.73195e-13, 6.18039e-12
3.9592e-13, 5.86669e-12
4.79883e-13, 5.78136e-12
2.36285e-13, 5.29093e-12
-1.74971e-13, 4.67535e-12
-8.22483e-13, 5.8458e-12
-8.13423e-13, 5.07913e-12
-7.55218e-13, 5.55856e-12
-9.23232e-13, 5.95314e-12
-5.69263e-13, 5.84356e-12
3.2608e-13, 5.43861e-12
1.81573e-13, 5.821e-12
-1.70409e-12, 6.73706e-12
-1.14463e-12, 5.55037e-12
2.39512e-14, 5.68479e-12
-9.59854e-13, 5.80175e-12
-1.40054e-12, 5.26499e-12
-1.06954e-12, 5.578e-12
-1.9709e-12, 4.59401e-12
-1.52761e-12, 5.00554e-12
-2.84868e-13, 5.18186e-12
-3.78719e-13, 5.28416e-12
-1.78678e-12, 5.15086e-12
-2.0334e-12, 5.62765e-12
-5.12568e-13, 6.63336e-12
-4.5303e-13, 5.79937e-12
-1.95843e-13, 6.20628e-12
-1.10637e-13, 6.325e-12
-1.61678e-13, 5.50129e-12
3.52903e-14, 4.97982e-12
-4.80001e-13, 5.53587e-12
-5.91616e-13, 5.09737e-12
-4.02286e-13, 5.30217e-12
-3.85173e-13, 4.96402e-12
-2.64352e-13, 4.9754e-12
2.10291e-13, 5.63634e-12
6.50591e-13, 5.56746e-12
7.12023e-14, 4.76978e-12
-1.42502e-12, 4.50676e-12
-1.67552e-12, 4.9795e-12
-1.0606e-12, 4.81736e-12
-6.09527e-13, 5.78587e-12
-8.00841e-13, 6.06134e-12
-8.87349e-13, 6.1106e-12
-5.31101e-13, 6.14398e-12
-4.43971e-13, 5.83571e-12
-2.61184e-13, 4.85827e-12
-8.19256e-13, 4.9042e-12
-9.05972e-13, 5.04493e-12
-8.53836e-14, 5.24425e-12
-6.81825e-14, 6.08619e-12
-7.4154e-13, 5.35797e-12
-7.41274e-13, 5.13985e-12
-1.54395e-13, 5.29283e-12
2.8398e-13, 4.87914e-12
5.55704e-14, 5.00093e-12
1.08654e-13, 4.44429e-12
-5.00637e-14, 5.02847e-12
-7.18359e-13, 5.92207e-12
-1.23806e-12, 5.62295e-12
-1.39633e-12, 5.0222e-12
-5.6725e-13, 4.94004e-12
5.92711e-14, 6.18254e-12
-1.88323e-13, 6.62448e-12
-5.06469e-13, 5.53021e-12
-9.13758e-13, 5.2517e-12
-1.52462e-12, 5.68661e-12
-1.43586e-12, 6.15134e-12
-8.76928e-13, 6.2366e-12
-2.19972e-13, 5.10159e-12
-8.6026e-13, 5.87475e-12
-1.14427e-12, 5.85272e-12
-3.96809e-13, 4.53642e-12
-9.04935e-13, 5.43632e-12
-1.2166e-12, 6.05541e-12
-1.15434e-12, 6.48462e-12
-1.20777e-12, 6.2174e-12
-2.24295e-13, 6.47272e-12
2.58282e-13, 6.0727e-12
-7.2653e-13, 4.92032e-12
-1.39823e-12, 5.40037e-12
-1.10223e-12, 5.91495e-12
-2.76401e-13, 5.80478e-12
1.80596e-15, 5.77906e-12
2.89724e-13, 5.7707e-12
1.54365e-13, 6.40574e-12
-1.1512e-12, 7.25473e-12
-1.14163e-12, 6.28716e-12
-1.31687e-13, 5.97075e-12
-5.83474e-13, 6.09797e-12
-1.4866e-12, 4.55805e-12
-6.72469e-13, 5.15116e-12
8.83738e-13, 6.20977e-12
6.02422e-13, 6.21017e-12
-3.94203e-13, 5.90664e-12
-1.02031e-12, 5.95287e-12
-8.10996e-13, 7.01909e-12
5.60944e-13, 6.62681e-12
9.64562e-14, 5.73424e-12
-3.57877e-13, 6.01088e-12
-3.12846e-13, 4.98274e-12
-5.49457e-13, 5.682e-12
-8.51053e-13, 5.82037e-12
-1.16112e-12, 6.28939e-12
-1.04254e-12, 6.77617e-12
-1.08805e-12, 6.00437e-12
-7.03674e-13, 5.52395e-12
-4.39944e-14, 4.74458e-12
1.4803e-15, 5.5352e-12
2.95556e-13, 5.559e-12
-4.39944e-13, 5.85566e-12
-7.88081e-13, 6.91531e-12
3.42659e-13, 6.2567e-12
-6.33478e-13, 5.74719e-12
-1.25926e-12, 6.05392e-12
-8.35332e-13, 6.39998e-12
-1.1308e-12, 5.80526e-12
-9.55029e-13, 5.80875e-12
-8.07502e-13, 5.69102e-12
-3.35347e-13, 5.99459e-12
3.76973e-13, 5.88725e-12
4.41987e-13, 6.33287e-12
-1.60997e-13, 5.59082e-12
-1.03289e-12, 5.97881e-12
-1.08858e-12, 6.03237e-12
-7.53886e-13, 5.29136e-12
-5.21538e-13, 6.32189e-12
-5.2142e-13, 6.33714e-12
-4.65583e-13, 5.6523e-12
-6.70723e-13, 6.16743e-12
-8.38559e-13, 6.02086e-12
-2.22074e-13, 6.66727e-12
4.59869e-13, 6.38387e-12
-1.95044e-13, 5.98375e-12
-1.65497e-14, 6.55308e-12
3.66966e-13, 5.73568e-12
1.98597e-13, 5.0517e-12
4.14128e-13, 6.30752e-12
-8.40809e-15, 6.52541e-12
2.55114e-13, 4.98354e-12
7.72123e-13, 4.37684e-12
9.43542e-14, 5.16572e-12
-5.83504e-13, 5.41584e-12
-6.87213e-13, 6.54329e-12
-6.39933e-13, 7.75836e-12
-1.48829e-13, 5.91639e-12
7.39379e-13, 5.2863e-12
5.49753e-13, 6.21291e-12
-2.449e-13, 5.91799e-12
-3.01625e-13, 5.74273e-12
1.25026e-13, 5.55537e-12
-3.65337e-14, 5.32539e-12
-2.35486e-13, 5.95726e-12
-9.48604e-13, 5.97111e-12
-1.35669e-12, 5.19837e-12
-1.04311e-12, 5.21546e-12
-9.47598e-13, 6.25183e-12
1.57977e-13, 5.85013e-12
-9.0156e-13, 5.81406e-12
-9.19265e-13, 5.66266e-12
2.35693e-13, 5.89918e-12
-3.1856e-13, 5.86602e-12
-4.42964e-13, 6.09794e-12
-1.41978e-12, 7.07201e-12
-2.40643e-12, 6.47723e-12
-1.94588e-12, 6.07144e-12
-3.04734e-13, 5.75781e-12
-3.92072e-13, 5.39046e-12
-1.11224e-12, 6.32643e-12
-1.04518e-12, 7.19297e-12
-1.40122e-12, 6.56299e-12
-7.55485e-13, 5.79188e-12
-3.21965e-13, 6.08969e-12
-1.06499e-12, 6.33919e-12
-8.03742e-13, 6.4362e-12
-1.85659e-13, 6.32723e-12
-3.01566e-13, 6.28269e-12
-4.27451e-13, 6.23671e-12
-1.07618e-13, 5.66932e-12
-6.51064e-13, 5.70491e-12
-1.77597e-12, 6.10383e-12
-1.34864e-12, 6.27578e-12
-6.7845e-13, 5.72852e-12
-3.3813e-13, 5.72737e-12
-9.70957e-13, 6.16716e-12
-1.59378e-12, 6.75163e-12
-1.31128e-12, 6.71356e-12
-1.08695e-12, 6.75319e-12
-1.43852e-12, 6.15225e-12
-7.34642e-13, 5.11518e-12
-2.46618e-13, 4.9703e-12
-9.30989e-13, 4.70085e-12
-9.50469e-13, 4.63357e-12
-3.42896e-13, 5.5862e-12
4.60817e-13, 6.30183e-12
-3.04823e-13, 6.47531e-12
-8.54161e-13, 6.52514e-12
-8.64257e-13, 7.8359e-12
-8.34473e-13, 7.18918e-12
-1.13009e-12, 6.08087e-12
-8.53687e-13, 6.06759e-12
1.01844e-13, 5.90924e-12
-4.11108e-13, 5.98966e-12
-9.73444e-13, 6.17142e-12
-8.35065e-13, 5.49768e-12
-1.56698e-12, 4.61803e-12
-2.52616e-12, 5.23344e-12
-1.62501e-12, 5.63883e-12
-2.77852e-13, 5.28865e-12
-4.86426e-13, 6.19406e-12
-8.33407e-13, 5.92138e-12
-1.10181e-12, 5.17219e-12
-1.17103e-12, 4.91869e-12
2.21245e-13, 4.99633e-12
1.15463e-14, 5.33126e-12
-2.46736e-13, 5.73623e-12
-3.17139e-13, 5.67045e-12
-1.1446e-12, 5.97799e-12
-4.55665e-13, 5.10835e-12
-2.36285e-13, 6.15469e-12
-1.12594e-12, 6.66286e-12
-5.2515e-13, 6.47647e-12
-7.36211e-13, 6.7983e-12
-1.86772e-12, 6.96898e-12
-1.21589e-12, 6.96705e-12
-8.24822e-13, 6.99755e-12
2.39897e-13, 6.77801e-12
8.32046e-13, 5.90197e-12
5.78796e-14, 6.02879e-12
-4.15016e-13, 6.46729e-12
-8.0765e-13, 6.25139e-12
-7.06812e-13, 5.92304e-12
-8.38026e-13, 6.31273e-12
-9.58937e-13, 4.23261e-12
-1.60908e-13, 3.99428e-12
-5.01229e-14, 4.67442e-12
-1.16268e-12, 4.79315e-12
-1.37481e-12, 5.29375e-12
-1.51707e-12, 6.47671e-12
-1.47615e-12, 5.56657e-12
-7.56166e-13, 5.4896e-12
-5.02413e-13, 6.53673e-12
-4.82222e-13, 5.83857e-12
-2.78799e-13, 5.37038e-12
-2.38357e-13, 5.69526e-12
-1.06312e-12, 6.18763e-12
-1.96406e-13, 6.7023e-12
1.68754e-14, 6.75513e-12
-9.00879e-13, 6.11616e-12
-2.67697e-13, 6.08278e-12
3.65752e-13, 5.73627e-12
-6.47127e-13, 6.22656e-12
-9.53223e-13, 6.74903e-12
-5.85132e-13, 5.7283e-12
-2.97717e-13, 5.34357e-12
6.55742e-13, 5.74183e-12
9.02093e-13, 6.49698e-12
2.34213e-13, 5.75217e-12
-8.03565e-13, 5.96547e-12
-8.54872e-13, 5.70754e-12
7.92374e-13, 6.13525e-12
1.01797e-12, 6.8774e-12
-1.07413e-12, 7.59253e-12
-1.58945e-12, 6.41441e-12
-6.29452e-13, 6.65741e-12
-1.20857e-12, 5.71402e-12
-9.07837e-13, 5.99963e-12
7.05273e-13, 6.56934e-12
-1.74971e-13, 5.56882e-12
-1.2624e-12, 5.41804e-12
-1.55274e-12, 5.62823e-12
-1.5941e-12, 6.09597e-12
-9.81467e-13, 5.72075e-12
-3.89496e-13, 5.52001e-12
-9.71874e-13, 5.6426e-12
-1.7519e-12, 5.71143e-12
-3.66758e-13, 6.16931e-12
-9.68411e-14, 5.64584e-12
-7.7384e-13, 5.08864e-12
-1.00388e-12, 5.71242e-12
-7.94476e-13, 5.78094e-12
-6.27972e-13, 5.36265e-12
-8.88889e-13, 5.18762e-12
-1.02543e-12, 5.46261e-12
-2.08041e-13, 3.84479e-12
6.08402e-13, 5.96501e-12
-3.03579e-13, 7.95142e-12
-7.65314e-13, 6.81516e-12
-4.05009e-14, 6.90178e-12
7.36655e-13, 6.18735e-12
2.74033e-13, 6.05152e-12
-6.09942e-13, 6.96113e-12
-1.20991e-12, 6.73952e-12
-5.14315e-13, 6.06531e-12
-5.35868e-13, 6.82141e-12
-2.71487e-13, 7.39686e-12
1.82047e-13, 6.26069e-12
-3.77801e-13, 6.64493e-12
-3.03698e-13, 6.26257e-12
-1.02673e-13, 5.71689e-12
-2.29831e-13, 5.8638e-12
-1.6182e-12, 6.47372e-12
-2.61444e-12, 7.45103e-12
-7.25198e-13, 6.69615e-12
6.11896e-13, 5.7219e-12
-3.76351e-13, 5.77482e-12
-1.63188e-13, 5.90303e-12
5.06765e-13, 5.55558e-12
-6.64742e-13, 5.64875e-12
-9.51713e-13, 6.36074e-12
-8.7755e-13, 6.42418e-12
-4.3953e-13, 5.73301e-12
-5.36489e-13, 5.68992e-12
-1.11283e-12, 5.20889e-12
-4.39441e-13, 6.10937e-12
-1.18394e-13, 6.33347e-12
-3.43518e-13, 5.78211e-12
-8.46937e-13, 5.37315e-12
-2.14169e-13, 5.93283e-12
-1.82461e-13, 6.43821e-12
-8.05015e-13, 5.2572e-12
3.23356e-13, 4.50056e-12
1.04311e-12, 4.23814e-12
-5.17127e-13, 5.00393e-12
-1.47485e-12, 5.75945e-12
-9.14587e-13, 5.80328e-12
-3.43222e-13, 6.56487e-12
-6.45469e-13, 6.43341e-12
-1.19581e-12, 5.57187e-12
-6.01386e-13, 5.54919e-12
-6.5589e-13, 5.82114e-12
-5.58131e-13, 5.34977e-12
4.37546e-13, 5.60148e-12
1.33997e-13, 6.36215e-12
-5.16239e-13, 6.35356e-12
-8.52444e-13, 6.92197e-12
-1.02611e-12, 6.94012e-12
-1.06954e-12, 6.57696e-12
-8.5203e-13, 7.7719e-12
-1.06984e-12, 7.72667e-12
-1.13486e-12, 6.64479e-12
-6.33923e-13, 6.49463e-12
-3.6137e-13, 6.22691e-12
-1.54247e-13, 6.05837e-12
-8.52918e-13, 5.35332e-12
-1.48607e-12, 6.7141e-12
-7.97436e-13, 5.76279e-12
-2.72789e-13, 6.08901e-12
-4.58863e-13, 5.69508e-12
-5.13545e-13, 6.48557e-12
-9.70187e-14, 5.89922e-12
2.34183e-14, 6.46764e-12
-4.7035e-13, 7.22633e-12
-1.06342e-12, 6.20331e-12
-1.55784e-12, 6.20781e-12
-1.17284e-12, 6.1218e-12
-1.33831e-12, 5.48892e-12
-1.33792e-12, 5.49605e-12
-1.07384e-12, 6.33841e-12
-1.62498e-12, 6.28722e-12
-1.41511e-12, 6.20776e-12
-1.30494e-12, 6.89589e-12
-5.31308e-13, 6.11065e-12
1.00506e-12, 6.2922e-12
2.96504e-13, 5.98971e-12
-1.30829e-12, 5.89277e-12
-9.86707e-13, 6.10042e-12
-6.43426e-13, 5.89107e-12
-2.32732e-13, 3.81119e-12
0, 0
