0, 0
-0.00191189, 0
-1.14466e-05, 0
0.00948318, 0
0.0226702, 0
0.0394382, 0
0.0596446, 0
0.0831184, 0
0.109664, 0
0.139066, 0
0.171095, 0
0.205506, 0
0.242047, 0
0.280465, 0
0.320506, 0
0.361923, 0
0.404471, 0
0.447916, 0
0.492035, 0
0.536626, 0
0.581493, 0
0.626452, 0
0.671337, 0
0.715998, 0
0.760301, 0
0.804148, 0
0.847472, 0
0.890238, 0
0.932361, 0
0.973734, 0
1.0143, 0
1.05401, 0
1.09284, 0
1.13074, 0
1.16771, 0
1.20373, 0
1.23884, 0
1.27316, 0
1.30673, 0
1.33943, 0
1.3714, 0
1.40278, 0
1.43342, 0
1.46325, 0
1.49228, 0
1.52053, 0
1.54803, 0
1.57479, 0
1.60084, 0
1.62622, 0
1.65095, 0
1.67505, 0
1.69853, 0
1.72141, 0
1.74372, 0
1.76546, 0
1.78668, 0
1.80737, 0
1.82757, 0
1.8473, 0
1.86657, 0
1.8854, 0
1.90381, 0
1.92183, 0
1.93946, 0
1.95672, 0
1.97363, 0
1.99021, 0
2.00648, 0
2.02244, 0
2.03811, 0
2.06275, 0
2.08686, 0
2.11038, 0
2.13337, 0
2.15586, 0
2.1779, 0
2.19954, 0
2.22084, 0
2.24183, 0
2.26253, 0
2.28297, 0
2.30318, 0
2.3232, 0
2.34304, 0
2.36275, 0
2.38233, 0
2.40182, 0
2.42123, 0
2.4406, 0
2.45994, 0
2.47926, 0
2.49857, 0
2.51789, 0
2.53724, 0
2.55663, 0
2.57609, 0
2.5956, 0
2.61518, 0
2.63483, 0
2.65457, 0
2.67439, 0
2.6943, 0
2.71431, 0
2.73441, 0
2.75462, 0
2.77493, 0
2.79535, 0
2.81587, 0
2.83649, 0
2.85722, 0
2.87805, 0
2.89899, 0
2.92002, 0
2.94115, 0
2.96237, 0
2.98368, 0
3.00507, 0
3.02655, 0
3.0481, 0
3.06972, 0
3.09141, 0
3.11316, 0
3.13497, 0
3.15683, 0
3.17873, 0
3.20067, 0
3.22263, 0
3.24463, 0
3.26664, 0
3.28866, 0
3.31068, 0
3.33271, 0
3.35473, 0
3.37673, 0
3.39872, 0
3.42068, 0
3.4426, 0
3.46448, 0
3.48632, 0
3.5081, 0
3.54071, 0
3.57322, 0
3.60556, 0
3.63771, 0
3.66964, 0
3.70135, 0
3.73282, 0
3.76403, 0
3.79496, 0
3.82561, 0
3.85596, 0
3.886, 0
3.91572, 0
3.9451, 0
3.97414, 0
4.00283, 0
4.03116, 0
4.05913, 0
4.08673, 0
4.11395, 0
4.14079, 0
4.16725, 0
4.19332, 0
4.219, 0
4.2443, 0
4.2692, 0
4.29372, 0
4.31784, 0
4.34157, 0
4.36492, 0
4.38788, 0
4.41045, 0
4.43265, 0
4.45446, 0
4.4759, 0
4.49697, 0
4.51768, 0
4.53802, 0
4.55799, 0
4.57762, 0
4.5969, 0
4.61583, 0
4.63442, 0
4.65268, 0
4.6706, 0
4.68821, 0
4.70549, 0
4.72246, 0
4.73913, 0
4.75549, 0
4.77155, 0
4.78733, 0
4.80282, 0
4.81802, 0
4.83296, 0
4.84762, 0
4.86202, 0
4.87616, 0
4.89005, 0
4.90369, 0
4.91708, 0
4.93024, 0
4.94316, 0
4.95585, 0
4.96832, 0
4.98057, 0
4.99261, 0
5.00443, 0
5.01605, 0
5.02747, 0
5.04149, 0
5.05523, 0
5.06867, 0
5.08183, 0
5.09471, 0
5.10732, 0
5.11966, 0
5.13175, 0
5.14359, 0
5.15518, 0
5.16653, 0
5.17766, 0
5.18855, 0
5.19923, 0
5.20969, 0
5.21994, 0
5.22998, 0
5.23983, 0
5.24948, 0
5.25894, 0
5.26822, 0
5.27731, 0
5.28622, 0
5.29497, 0
5.30354, 0
5.31195, 0
5.32019, 0
5.32828, 0
5.33621, 0
5.34399, 0
5.35163, 0
5.35911, 0
5.36646, 0
5.37367, 0
5.38074, 0
5.38768, 0
5.39449, 0
5.40117, 0
5.40772, 0
5.41416, 0
5.42047, 0
5.42666, 0
5.43274, 0
5.43871, 0
5.44457, 0
5.45031, 0
5.45595, 0
5.46149, 0
5.46692, 0
5.47225, 0
5.47749, 0
5.48262, 0
5.48766, 0
5.49261, 0
5.49747, 0
5.50223, 0
5.50691, 0
5.5115, 0
5.51601, 0
5.52043, 0
5.52477, 0
5.52903, 0
5.53321, 0
5.53731, 0
5.54134, 0
5.54529, 0
5.54917, 0
5.55297, 0
5.55671, 0
5.56037, 0
5.56516, 0
5.56984, 0
5.57441, 0
5.57886, 0
5.5832, 0
5.58743, 0
5.59155, 0
5.59557, 0
5.59949, 0
5.60332, 0
5.60704, 0
5.61067, 0
5.61421, 0
5.61766, 0
5.62103, 0
5.62431, 0
5.6275, 0
5.63061, 0
5.63365, 0
5.6366, 0
5.63949, 0
5.64229, 0
5.64503, 0
5.64769, 0
5.65029, 0
5.65282, 0
5.65528, 0
5.65768, 0
5.66002, 0
5.6623, 0
5.66452, 0
5.66668, 0
5.66878, 0
5.67083, 0
5.67283, 0
5.67477, 0
5.67667, 0
5.67851, 0
5.68031, 0
5.68205, 0
5.68375, 0
5.68541, 0
5.68702, 0
5.6886, 0
5.69012, 0
5.69161, 0
5.69306, 0
5.69447, 0
5.69584, 0
5.69718, 0
5.69848, 0
5.69975, 0
5.70098, 0
5.70218, 0
5.70334, 0
5.70448, 0
5.70559, 0
5.70666, 0
5.70771, 0
5.70872, 0
5.70972, 0
5.71068, 0
5.71162, 0
5.71253, 0
5.71342, 0
5.71428, 0
5.71512, 0
5.71594, 0
5.71673, 0
5.71751, 0
