0.00493198, 0.0385091
-0.108839, 0.0387069
-0.22248, 0.0388672
-0.33585, 0.0389891
-0.44881, 0.0390717
-0.561222, 0.0391146
-0.672952, 0.0391177
-0.78387, 0.0390813
-0.893852, 0.0390059
-1.00278, 0.0388921
-1.11053, 0.0387411
-1.217, 0.0385544
-1.3221, 0.0383337
-1.42572, 0.0380811
-1.52777, 0.0377989
-1.62819, 0.0374895
-1.72689, 0.0371556
-1.82382, 0.0367998
-1.91892, 0.0364252
-2.01213, 0.0360345
-2.10343, 0.0356309
-2.19278, 0.0352171
-2.28016, 0.0347962
-2.36553, 0.0343709
-2.4489, 0.0339438
-2.53026, 0.0335176
-2.60961, 0.0330946
-2.68696, 0.032677
-2.76231, 0.0322669
-2.83568, 0.0318661
-2.90709, 0.0314763
-2.97657, 0.0310987
-3.04415, 0.0307347
-3.10985, 0.0303851
-3.17371, 0.0300507
-3.23576, 0.0297322
-3.29605, 0.0294299
-3.35461, 0.029144
-3.41149, 0.0288747
-3.46672, 0.0286218
-3.52034, 0.0283852
-3.57241, 0.0281646
-3.62297, 0.0279596
-3.67206, 0.0277697
-3.71972, 0.0275945
-3.76599, 0.0274333
-3.81093, 0.0272856
-3.85458, 0.0271507
-3.89696, 0.0270279
-3.93814, 0.0269167
-3.97814, 0.0268163
-4.01701, 0.026726
-4.05479, 0.0266453
-4.09151, 0.0265734
-4.12721, 0.0265098
-4.16193, 0.0264537
-4.1957, 0.0264047
-4.22856, 0.0263621
-4.26053, 0.0263254
-4.29165, 0.0262941
-4.32195, 0.0262676
-4.35146, 0.0262456
-4.3802, 0.0262274
-4.40821, 0.0262128
-4.43551, 0.0262013
-4.46212, 0.0261925
-4.48807, 0.0261861
-4.51339, 0.0261819
-4.53808, 0.0261793
-4.56219, 0.0261783
-4.58571, 0.0261786
-4.60869, 0.0261798
-4.63112, 0.0261818
-4.65304, 0.0261844
-4.67446, 0.0261873
-4.69539, 0.0261905
-4.71585, 0.0261936
-4.73586, 0.0261966
-4.75543, 0.0261993
-4.77457, 0.0262015
-4.7933, 0.026203
-4.81163, 0.0262039
-4.82957, 0.0262038
-4.84714, 0.0262028
-4.86434, 0.0262006
-4.88119, 0.0261972
-4.8977, 0.0261925
-4.91387, 0.0261863
-4.92972, 0.0261787
-4.94525, 0.0261695
-4.96047, 0.0261587
-4.9754, 0.0261462
-4.99004, 0.0261321
-5.00439, 0.0261162
-5.01848, 0.0260985
-5.03229, 0.0260792
-5.04584, 0.0260581
-5.05914, 0.0260353
-5.0722, 0.0260109
-5.08501, 0.0259849
-5.09759, 0.0259573
-5.12206, 0.0258979
-5.14566, 0.0258334
-5.16843, 0.0257645
-5.1904, 0.0256923
-5.21163, 0.0256176
-5.23213, 0.0255417
-5.25194, 0.0254655
-5.27109, 0.02539
-5.28961, 0.0253164
-5.30753, 0.0252455
-5.32488, 0.0251781
-5.34167, 0.025115
-5.35792, 0.0250567
-5.37368, 0.0250036
-5.38894, 0.024956
-5.40374, 0.024914
-5.41808, 0.0248777
-5.432, 0.0248469
-5.4455, 0.0248214
-5.45861, 0.0248011
-5.47134, 0.0247855
-5.48369, 0.0247745
-5.4957, 0.0247676
-5.50737, 0.0247645
-5.51871, 0.0247651
-5.52974, 0.024769
-5.54047, 0.0247762
-5.55091, 0.0247864
-5.56107, 0.0247996
-5.57097, 0.0248157
-5.58061, 0.0248348
-5.59, 0.0248567
-5.59916, 0.0248815
-5.60809, 0.0249093
-5.6168, 0.02494
-5.6253, 0.0249736
-5.63359, 0.0250102
-5.64169, 0.0250497
-5.6496, 0.025092
-5.65734, 0.0251372
-5.66489, 0.0251852
-5.67228, 0.025236
-5.67951, 0.0252894
-5.68658, 0.0253454
-5.6935, 0.0254039
-5.70028, 0.0254648
-5.70691, 0.025528
-5.71341, 0.0255934
-5.71978, 0.0256608
-5.72602, 0.02573
-5.73214, 0.025801
-5.73814, 0.0258734
-5.74403, 0.0259472
-5.74981, 0.0260221
-5.75548, 0.0260979
-5.76104, 0.0261744
-5.76651, 0.0262514
-5.77188, 0.0263287
-5.77715, 0.026406
-5.78233, 0.0264833
-5.78742, 0.0265602
-5.79243, 0.0266366
-5.79735, 0.0267123
-5.80219, 0.0267873
-5.80695, 0.0268613
-5.81164, 0.0269342
-5.81625, 0.0270059
-5.82078, 0.0270763
-5.82525, 0.0271453
-5.82965, 0.0272127
-5.83398, 0.0272785
-5.83824, 0.0273425
-5.84245, 0.0274047
-5.84659, 0.027465
-5.85067, 0.0275233
-5.85469, 0.0275794
-5.85865, 0.0276334
-5.86256, 0.027685
-5.86641, 0.0277343
-5.87021, 0.0277811
-5.87396, 0.0278254
-5.87765, 0.027867
-5.8813, 0.0279059
-5.8849, 0.0279421
-5.88845, 0.0279754
-5.89195, 0.0280058
-5.8954, 0.0280333
-5.89882, 0.0280577
-5.90218, 0.0280792
-5.90551, 0.0280975
-5.90879, 0.0281126
-5.91203, 0.0281246
-5.91523, 0.0281333
-5.91838, 0.0281388
-5.9215, 0.028141
-5.92458, 0.0281398
-5.92763, 0.0281354
-5.93063, 0.0281276
-5.9336, 0.0281164
-5.93653, 0.0281019
-5.94086, 0.0280739
-5.94511, 0.0280383
-5.94929, 0.0279953
-5.95339, 0.0279449
-5.95742, 0.0278872
-5.96138, 0.0278223
-5.96527, 0.0277503
-5.96909, 0.0276714
-5.97285, 0.0275857
-5.97654, 0.0274933
-5.98016, 0.0273944
-5.98372, 0.0272891
-5.98723, 0.0271777
-5.99067, 0.0270603
-5.99405, 0.026937
-5.99738, 0.0268082
-6.00065, 0.026674
-6.00386, 0.0265345
-6.00702, 0.02639
-6.01013, 0.0262407
-6.01318, 0.0260867
-6.01619, 0.0259282
-6.01914, 0.0257655
-6.02204, 0.0255986
-6.0249, 0.0254278
-6.0277, 0.0252531
-6.03046, 0.0250749
-6.03318, 0.0248932
-6.03585, 0.0247082
-6.03847, 0.02452
-6.04105, 0.0243288
-6.04359, 0.0241348
-6.04608, 0.0239381
-6.04853, 0.0237388
-6.05095, 0.0235371
-6.05332, 0.0233332
-6.05565, 0.0231272
-6.05794, 0.0229192
-6.0602, 0.0227095
-6.06242, 0.0224981
-6.0646, 0.0222853
-6.06674, 0.0220711
-6.06885, 0.0218557
-6.07092, 0.0216392
-6.07296, 0.0214219
-6.07497, 0.0212037
-6.07694, 0.0209849
-6.07888, 0.0207655
-6.08078, 0.0205458
-6.08266, 0.0203258
-6.0845, 0.0201056
-6.08631, 0.0198854
-6.08809, 0.0196652
-6.08985, 0.0194452
-6.09157, 0.0192254
-6.09326, 0.019006
-6.09493, 0.018787
-6.09657, 0.0185686
-6.09818, 0.0183508
-6.09976, 0.0181336
-6.10132, 0.0179173
-6.10285, 0.0177017
-6.10436, 0.0174871
-6.10584, 0.0172734
-6.1073, 0.0170607
-6.10873, 0.0168491
-6.11014, 0.0166386
-6.11152, 0.0164292
-6.11289, 0.0162211
-6.11422, 0.0160142
-6.11554, 0.0158087
-6.11684, 0.0156045
-6.11811, 0.0154017
-6.11936, 0.0152004
-6.12059, 0.0150006
-6.1218, 0.0148024
-6.12299, 0.0146058
-6.12416, 0.0144109
-6.12531, 0.0142176
-6.12645, 0.014026
-6.12756, 0.0138362
-6.12865, 0.013648
-6.12973, 0.0134616
-6.13079, 0.0132769
-6.13183, 0.013094
-6.13285, 0.0129128
-6.13385, 0.0127333
-6.13484, 0.0125555
-6.13581, 0.0123795
-6.13677, 0.0122052
-6.13771, 0.0120325
-6.13863, 0.0118616
-6.13954, 0.0116923
-6.14043, 0.0115248
-6.14131, 0.0113588
-6.14217, 0.0111946
-6.14302, 0.011032
-6.14385, 0.010871
-6.14467, 0.0107116
-6.14548, 0.0105539
-6.14653, 0.0103462
-6.14756, 0.0101414
-6.14856, 0.00993945
-6.14954, 0.00974046
-6.1505, 0.00954437
-6.15144, 0.00935119
-6.15235, 0.00916093
-6.15325, 0.0089736
-6.15412, 0.0087892
-6.15497, 0.00860775
-6.15581, 0.00842922
-6.15662, 0.00825361
-6.15742, 0.0080809
-6.15819, 0.00791105
-6.15895, 0.00774404
-6.15969, 0.00757983
-6.16042, 0.00741843
-6.16112, 0.00725981
-6.16181, 0.00710398
-6.16248, 0.00695091
-6.16314, 0.00680058
-6.16378, 0.00665299
-6.16441, 0.00650812
-6.16502, 0.00636594
-6.16562, 0.00622643
-6.1662, 0.00608957
-6.16677, 0.00595533
-6.16733, 0.00582369
-6.16787, 0.0056946
-6.1684, 0.00556807
-6.16892, 0.00544404
-6.16943, 0.0053225
-6.16992, 0.00520342
-6.1704, 0.00508677
-6.17087, 0.00497252
-6.17133, 0.00486064
-6.17178, 0.00475109
-6.17222, 0.00464383
-6.17265, 0.00453884
-6.17307, 0.00443608
-6.17348, 0.00433551
-6.17388, 0.00423712
-6.17427, 0.00414088
-6.17465, 0.00404676
-6.17502, 0.00395473
-6.17538, 0.00386478
-6.17573, 0.00377688
-6.17608, 0.00369098
-6.17642, 0.00360706
-6.17675, 0.00352507
-6.17707, 0.00344499
-6.17738, 0.00336678
-6.17769, 0.00329038
-6.17799, 0.00321577
-6.17829, 0.00314289
-6.17857, 0.0030717
-6.17885, 0.00300216
-6.17913, 0.00293423
-6.17939, 0.00286785
-6.17965, 0.002803
-6.17991, 0.00273963
-6.18016, 0.00267771
-6.1804, 0.00261721
-6.18064, 0.00255808
-6.18087, 0.00250031
-6.1811, 0.00244386
-6.18132, 0.00238872
-6.18154, 0.00233485
-6.18175, 0.00228223
-6.18196, 0.00223082
-6.18216, 0.00218061
-6.18236, 0.00213156
-6.18255, 0.00208364
-6.18274, 0.00203682
-6.18292, 0.00199107
-6.1831, 0.00194636
-6.18328, 0.00190268
-6.18345, 0.00185999
-6.18362, 0.00181827
-6.18378, 0.0017775
-6.18394, 0.00173767
-6.1841, 0.00169873
-6.18425, 0.00166068
-6.1844, 0.00162349
-6.18455, 0.00158715
-6.18469, 0.00155163
-6.18483, 0.00151691
-6.18497, 0.00148297
-6.1851, 0.00144979
-6.18523, 0.00141736
-6.18536, 0.00138564
-6.18548, 0.00135464
-6.1856, 0.00132433
-6.18572, 0.00129469
-6.18584, 0.0012657
-6.18595, 0.00123734
-6.18606, 0.00120959
-6.18617, 0.00118242
-6.18628, 0.00115581
-6.18638, 0.00112977
-6.18648, 0.00110429
-6.18658, 0.00107937
-6.18668, 0.001055
-6.18677, 0.00103116
-6.18686, 0.00100786
-6.18695, 0.000985059
-6.18704, 0.00096276
-6.18713, 0.000940949
-6.18721, 0.000919616
-6.1873, 0.000898753
-6.18738, 0.000878351
-6.18745, 0.000858403
-6.18753, 0.000838904
-6.18761, 0.000819847
-6.18768, 0.000801225
-6.18775, 0.000783032
-6.18782, 0.000765261
-6.18789, 0.000747903
-6.18796, 0.00073095
-6.18802, 0.00071439
-6.18809, 0.000698209
-6.18815, 0.000682397
-6.18821, 0.000666942
-6.18827, 0.000651835
-6.18833, 0.000637068
-6.18839, 0.000622632
-6.18844, 0.000608518
-6.1885, 0.000594718
-6.18855, 0.000581221
-6.1886, 0.00056802
-6.18865, 0.000555107
-6.1887, 0.000542475
-6.18875, 0.000530116
-6.1888, 0.000518024
-6.18885, 0.00050619
-6.18889, 0.000494608
-6.18894, 0.000483272
-6.18898, 0.000472182
-6.18902, 0.000461339
-6.18907, 0.000450752
-6.18911, 0.000440431
-6.18915, 0.000430389
-6.18919, 0.000420634
-6.18922, 0.000411174
-6.18926, 0.000402007
-6.1893, 0.000393126
-6.18933, 0.000384517
-6.18937, 0.000376168
-6.1894, 0.000368063
-6.18944, 0.000360189
-6.18947, 0.000352537
-6.1895, 0.000345098
-6.18953, 0.000337865
-6.18956, 0.000330834
-6.18959, 0.000323999
-6.18962, 0.000317355
-6.18965, 0.000310892
-6.18967, 0.000304598
-6.1897, 0.000298465
-6.18973, 0.000292486
-6.18975, 0.000286655
-6.18978, 0.000280968
-6.1898, 0.000275421
-6.18983, 0.000270012
-6.18985, 0.00026474
-6.18988, 0.000259601
-6.1899, 0.000254594
-6.18992, 0.00024972
-6.18994, 0.000244977
-6.18996, 0.000240366
-6.18998, 0.000235885
-6.19, 0.00023153
-6.19002, 0.000227297
-6.19004, 0.000223182
-6.19006, 0.000219181
-6.19008, 0.000215291
-6.1901, 0.000211511
-6.19012, 0.000207838
-6.19013, 0.000204271
-6.19015, 0.000200808
-6.19017, 0.000197447
-6.19018, 0.000194187
-6.1902, 0.000191026
-6.19022, 0.000187964
-6.19023, 0.000185001
-6.19025, 0.000182138
-6.19026, 0.000179374
-6.19027, 0.000176709
-6.19029, 0.000174139
-6.1903, 0.000171661
-6.19031, 0.00016927
-6.19033, 0.000166964
-6.19034, 0.000164738
-6.19035, 0.000162589
-6.19037, 0.000160513
-6.19038, 0.000158509
-6.19039, 0.000156574
-6.1904, 0.000154705
-6.19041, 0.000152901
-6.19042, 0.00015116
-6.19043, 0.00014948
-6.19044, 0.000147859
-6.19045, 0.000146295
-6.19046, 0.000144788
-6.19047, 0.000143335
-6.19048, 0.000141935
-6.19049, 0.000140587
-6.1905, 0.000139288
-6.19051, 0.000138037
-6.19052, 0.000136834
-6.19053, 0.000135677
-6.19054, 0.000134564
-6.19055, 0.000133494
-6.19055, 0.000132466
-6.19056, 0.000131479
-6.19057, 0.000130531
-6.19058, 0.000129622
-6.19058, 0.00012875
-6.19059, 0.000127914
-6.1906, 0.000127113
-6.19061, 0.000126345
-6.19061, 0.00012561
-6.19062, 0.000124906
-6.19063, 0.000124232
-6.19063, 0.000123586
-6.19064, 0.000122969
-6.19065, 0.000122379
-6.19065, 0.000121814
-6.19066, 0.000121275
-6.19066, 0.00012076
-6.19067, 0.000120269
-6.19068, 0.0001198
-6.19068, 0.000119353
-6.19069, 0.000118927
-6.19069, 0.000118521
-6.1907, 0.000118135
-6.1907, 0.000117768
-6.19071, 0.00011742
-6.19071, 0.00011709
-6.19072, 0.000116777
-6.19072, 0.000116479
-6.19073, 0.000116196
-6.19073, 0.000115928
-6.19074, 0.000115674
-6.19074, 0.000115434
-6.19074, 0.000115207
-6.19075, 0.000114993
-6.19075, 0.000114792
-6.19076, 0.000114602
-6.19076, 0.000114424
-6.19076, 0.000114256
-6.19077, 0.000114097
-6.19077, 0.000113949
-6.19078, 0.000113809
-6.19078, 0.000113677
-6.19078, 0.000113554
-6.19079, 0.000113439
-6.19079, 0.000113332
-6.19079, 0.000113232
-6.1908, 0.00011314
-6.1908, 0.000113054
-6.1908, 0.000112976
-6.19081, 0.000112904
-6.19081, 0.000112838
-6.19081, 0.000112778
-6.19081, 0.000112724
-6.19082, 0.000112675
-6.19082, 0.000112631
-6.19082, 0.000112592
-6.19083, 0.000112558
-6.19083, 0.000112528
-6.19083, 0.000112503
-6.19083, 0.000112481
-6.19084, 0.000112463
-6.19084, 0.000112449
-6.19084, 0.000112439
-6.19084, 0.000112431
-6.19084, 0.000112428
-6.19085, 0.000112428
-6.19085, 0.000112431
-6.19085, 0.000112437
-6.19085, 0.000112447
-6.19086, 0.000112459
-6.19086, 0.000112475
-6.19086, 0.000112493
-6.19086, 0.000112513
-6.19086, 0.000112535
-6.19087, 0.000112558
-6.19087, 0.000112582
-6.19087, 0.000112608
-6.19087, 0.000112634
-6.19087, 0.000112661
-6.19088, 0.000112688
-6.19088, 0.000112716
-6.19088, 0.000112744
-6.19088, 0.000112772
-6.19088, 0.000112801
-6.19088, 0.00011283
-6.19089, 0.000112861
-6.19089, 0.000112891
-6.19089, 0.000112931
-6.19089, 0.000112972
-6.19089, 0.000113014
-6.19089, 0.000113057
-6.1909, 0.000113102
-6.1909, 0.000113147
-6.1909, 0.000113194
-6.1909, 0.000113242
-6.1909, 0.000113292
-6.1909, 0.000113342
-6.19091, 0.000113393
-6.19091, 0.000113445
-6.19091, 0.000113498
-6.19091, 0.000113552
-6.19091, 0.000113608
-6.19091, 0.000113664
-6.19091, 0.000113721
-6.19092, 0.00011378
-6.19092, 0.000113839
-6.19092, 0.0001139
-6.19092, 0.000113963
-6.19092, 0.000114025
-6.19092, 0.000114088
-6.19092, 0.00011415
-6.19093, 0.000114211
-6.19093, 0.000114273
-6.19093, 0.000114334
-6.19093, 0.000114397
-6.19093, 0.000114458
-6.19093, 0.00011452
-6.19093, 0.00011458
-6.19093, 0.000114639
-6.19093, 0.000114697
-6.19094, 0.000114754
-6.19094, 0.000114812
-6.19094, 0.000114869
-6.19094, 0.000114927
-6.19094, 0.000114985
-6.19094, 0.000115043
-6.19094, 0.000115101
-6.19094, 0.000115159
-6.19094, 0.000115216
-6.19094, 0.000115274
-6.19094, 0.000115331
-6.19095, 0.000115388
-6.19095, 0.000115445
-6.19095, 0.000115502
-6.19095, 0.000115557
-6.19095, 0.00011561
-6.19095, 0.000115661
-6.19095, 0.000115708
-6.19095, 0.000115754
-6.19095, 0.000115799
-6.19095, 0.000115842
-6.19095, 0.000115885
-6.19095, 0.000115927
-6.19096, 0.000115969
-6.19096, 0.00011601
-6.19096, 0.000116051
-6.19096, 0.000116092
-6.19096, 0.000116132
-6.19096, 0.000116172
-6.19096, 0.000116211
-6.19096, 0.00011625
-6.19096, 0.000116288
-6.19096, 0.000116325
-6.19096, 0.000116362
-6.19096, 0.000116399
-6.19096, 0.000116435
-6.19096, 0.00011647
-6.19097, 0.000116504
-6.19097, 0.000116537
-6.19097, 0.000116569
-6.19097, 0.000116601
-6.19097, 0.000116632
-6.19097, 0.000116662
-6.19097, 0.000116692
-6.19097, 0.000116722
-6.19097, 0.000116751
-6.19097, 0.00011678
-6.19097, 0.000116808
-6.19097, 0.000116836
-6.19097, 0.000116864
-6.19097, 0.000116891
-6.19097, 0.000116918
-6.19097, 0.000116945
-6.19097, 0.000116972
-6.19098, 0.000116998
-6.19098, 0.000117024
-6.19098, 0.00011705
-6.19098, 0.000117076
-6.19098, 0.000117102
-6.19098, 0.000117127
-6.19098, 0.000117152
-6.19098, 0.000117178
-6.19098, 0.000117203
-6.19098, 0.000117228
-6.19098, 0.000117254
-6.19098, 0.000117279
-6.19098, 0.000117304
