0, 0
-0.00508653, 0.0237765
-0.00509346, 0.0235242
-0.00510251, 0.0232824
-0.00511375, 0.0230517
-0.00512722, 0.0228325
-0.00514295, 0.0226256
-0.00516099, 0.0224316
-0.00518138, 0.0222512
-0.00520413, 0.022085
-0.00522928, 0.0219337
-0.00525685, 0.021798
-0.00528685, 0.0216786
-0.00531929, 0.0215762
-0.00535419, 0.0214913
-0.00539154, 0.0214245
-0.00543133, 0.0213765
-0.00547356, 0.0213477
-0.00551821, 0.0213385
-0.00556526, 0.0213494
-0.00561467, 0.0213807
-0.00566643, 0.0214325
-0.00572047, 0.021505
-0.00577677, 0.0215983
-0.00583527, 0.0217124
-0.00589591, 0.0218471
-0.00595863, 0.0220022
-0.00602336, 0.0221775
-0.00609004, 0.0223725
-0.00615858, 0.022587
-0.00622891, 0.0228203
-0.00630094, 0.0230719
-0.00637457, 0.0233412
-0.00644972, 0.0236275
-0.00652629, 0.0239302
-0.00660417, 0.0242485
-0.00668327, 0.0245817
-0.00676347, 0.024929
-0.00684467, 0.0252896
-0.00692676, 0.0256627
-0.00700963, 0.0260477
-0.00709317, 0.0264436
-0.00717725, 0.0268497
-0.00726177, 0.0272653
-0.00734661, 0.0276897
-0.00743165, 0.028122
-0.00751679, 0.0285617
-0.0076019, 0.029008
-0.00768688, 0.0294603
-0.00777162, 0.0299179
-0.007856, 0.0303803
-0.00793991, 0.0308468
-0.00802325, 0.031317
-0.00810592, 0.0317902
-0.00818781, 0.0322661
-0.00826883, 0.032744
-0.00834887, 0.0332236
-0.00842786, 0.0337044
-0.00850569, 0.0341861
-0.00858227, 0.0346682
-0.00865754, 0.0351504
-0.00873141, 0.0356324
-0.00880379, 0.0361138
-0.00887463, 0.0365943
-0.00894385, 0.0370737
-0.00901139, 0.0375518
-0.00907719, 0.0380282
-0.0091412, 0.0385028
-0.00920335, 0.0389753
-0.00926361, 0.0394456
-0.00932193, 0.0399136
-0.00937827, 0.0403789
-0.0094326, 0.0408416
-0.00948488, 0.0413014
-0.00953508, 0.0417583
-0.00958319, 0.0422121
-0.00962918, 0.0426628
-0.00967304, 0.0431103
-0.00971475, 0.0435544
-0.00975431, 0.0439952
-0.00979172, 0.0444326
-0.00982696, 0.0448665
-0.00986005, 0.0452968
-0.00989099, 0.0457237
-0.00991979, 0.046147
-0.00994647, 0.0465667
-0.00997103, 0.0469828
-0.00999349, 0.0473953
-0.0100139, 0.0478042
-0.0100322, 0.0482096
-0.0100486, 0.0486114
-0.0100629, 0.0490096
-0.0100753, 0.0494043
-0.0100858, 0.0497954
-0.0100944, 0.0501832
-0.0101011, 0.0505674
-0.010106, 0.0509483
-0.0101092, 0.0513257
-0.0101107, 0.0516999
-0.0101105, 0.0520707
-0.0101087, 0.0524383
-0.0101023, 0.0530439
-0.0100917, 0.0536409
-0.0100774, 0.0542295
-0.0100595, 0.05481
-0.0100383, 0.0553826
-0.0100142, 0.0559476
-0.0099873, 0.0565053
-0.00995807, 0.057056
-0.00992675, 0.0576
-0.00989367, 0.0581376
-0.00985914, 0.0586691
-0.00982347, 0.0591947
-0.009787, 0.0597147
-0.00975004, 0.0602296
-0.00971293, 0.0607394
-0.00967598, 0.0612446
-0.00963952, 0.0617454
-0.00960388, 0.0622421
-0.00956938, 0.062735
-0.00953635, 0.0632244
-0.00950511, 0.0637104
-0.00947598, 0.0641935
-0.00944928, 0.0646738
-0.00942533, 0.0651516
-0.00940443, 0.0656272
-0.0093869, 0.0661007
-0.00937305, 0.0665725
-0.00936319, 0.0670428
-0.0093576, 0.0675117
-0.0093566, 0.0679796
-0.00936047, 0.0684466
-0.0093695, 0.068913
-0.00938399, 0.0693788
-0.00940421, 0.0698445
-0.00943043, 0.07031
-0.00946295, 0.0707757
-0.00950202, 0.0712416
-0.00954791, 0.071708
-0.00960088, 0.0721751
-0.00966119, 0.0726429
-0.0097291, 0.0731117
-0.00980485, 0.0735815
-0.00988869, 0.0740526
-0.00998086, 0.0745251
-0.0100816, 0.074999
-0.0101911, 0.0754746
-0.0103097, 0.0759519
-0.0104375, 0.0764311
-0.0105748, 0.0769122
-0.0107218, 0.0773954
-0.0108787, 0.0778808
-0.0110457, 0.0783684
-0.011223, 0.0788584
-0.0114108, 0.0793508
-0.0116093, 0.0798456
-0.0118188, 0.0803431
-0.0120393, 0.0808432
-0.0122711, 0.081346
-0.0125144, 0.0818515
-0.0127693, 0.0823598
-0.0130361, 0.082871
-0.0133148, 0.0833851
-0.0136057, 0.0839022
-0.0139089, 0.0844222
-0.0142245, 0.0849451
-0.0145528, 0.0854712
-0.0148939, 0.0860002
-0.0152479, 0.0865323
-0.015615, 0.0870675
-0.0159954, 0.0876058
-0.016389, 0.0881471
-0.0167962, 0.0886915
-0.0172171, 0.0892391
-0.0176516, 0.0897897
-0.0181001, 0.0903433
-0.0185626, 0.0909
-0.0190392, 0.0914598
-0.01953, 0.0920225
-0.0200352, 0.0925883
-0.0205549, 0.093157
-0.0210891, 0.0937287
-0.021638, 0.0943032
-0.0222017, 0.0948807
-0.0227802, 0.0954609
-0.0233738, 0.096044
-0.0239823, 0.0966298
-0.024606, 0.0972182
-0.0252449, 0.0978094
-0.0258992, 0.0984031
-0.0265688, 0.0989993
-0.0272538, 0.0995981
-0.0279544, 0.100199
-0.0286706, 0.100803
-0.0294024, 0.101409
-0.03015, 0.102017
-0.0309133, 0.102627
-0.0316925, 0.103239
-0.0324875, 0.103854
-0.0332985, 0.10447
-0.0341254, 0.105088
-0.0361755, 0.106579
-0.0383184, 0.108079
-0.0405545, 0.109587
-0.042884, 0.111102
-0.0453073, 0.112623
-0.0478243, 0.114149
-0.0504351, 0.115677
-0.0531396, 0.117208
-0.0559377, 0.118739
-0.0588289, 0.120269
-0.061813, 0.121797
-0.0648893, 0.123322
-0.0680574, 0.124841
-0.0713166, 0.126355
-0.0746661, 0.127861
-0.0781051, 0.129358
-0.0816326, 0.130845
-0.0852475, 0.132321
-0.0889489, 0.133784
-0.0927355, 0.135232
-0.0966061, 0.136666
-0.100559, 0.138082
-0.104594, 0.139482
-0.108708, 0.140862
-0.112901, 0.142222
-0.11717, 0.143561
-0.121514, 0.144878
-0.125931, 0.146172
-0.13042, 0.147441
-0.134979, 0.148686
-0.139606, 0.149904
-0.144299, 0.151096
-0.149055, 0.15226
-0.153874, 0.153395
-0.158754, 0.154501
-0.163691, 0.155578
-0.168685, 0.156624
-0.173732, 0.157639
-0.178832, 0.158622
-0.183981, 0.159573
-0.189179, 0.160491
-0.194422, 0.161377
-0.199709, 0.162229
-0.205037, 0.163047
-0.210405, 0.163831
-0.21581, 0.164582
-0.22125, 0.165297
-0.226724, 0.165978
-0.232228, 0.166624
-0.237762, 0.167236
-0.243323, 0.167812
-0.248908, 0.168354
-0.254517, 0.168861
-0.260147, 0.169333
-0.265796, 0.16977
-0.271462, 0.170172
-0.277143, 0.17054
-0.282838, 0.170874
-0.288544, 0.171174
-0.294261, 0.17144
-0.299985, 0.171672
-0.305715, 0.171871
-0.311451, 0.172037
-0.317189, 0.17217
-0.322928, 0.172271
-0.328667, 0.17234
-0.334405, 0.172377
-0.340139, 0.172383
-0.345868, 0.172358
-0.351591, 0.172303
-0.357306, 0.172218
-0.363012, 0.172104
-0.368708, 0.171961
-0.374393, 0.171789
-0.380065, 0.171589
-0.385722, 0.171362
-0.391365, 0.171108
-0.396991, 0.170827
-0.4026, 0.17052
-0.40819, 0.170188
-0.413761, 0.169831
-0.419311, 0.16945
-0.42484, 0.169044
-0.430347, 0.168616
-0.43583, 0.168165
-0.44129, 0.167691
-0.446725, 0.167196
-0.452134, 0.16668
-0.457517, 0.166143
-0.462873, 0.165586
-0.468201, 0.165009
-0.473502, 0.164414
-0.478773, 0.1638
-0.484014, 0.163168
-0.489226, 0.162519
-0.494407, 0.161853
-0.499557, 0.16117
-0.504676, 0.160472
-0.509762, 0.159758
-0.514817, 0.159029
-0.525241, 0.157466
-0.535519, 0.155845
-0.54565, 0.15417
-0.55563, 0.152445
-0.565457, 0.150675
-0.57513, 0.148864
-0.584648, 0.147015
-0.59401, 0.145132
-0.603214, 0.143218
-0.61226, 0.141277
-0.621149, 0.139313
-0.62988, 0.137327
-0.638454, 0.135324
-0.64687, 0.133305
-0.655129, 0.131275
-0.663233, 0.129234
-0.671182, 0.127187
-0.678978, 0.125135
-0.68662, 0.12308
-0.694111, 0.121024
-0.701453, 0.118971
-0.708646, 0.11692
-0.715692, 0.114875
-0.722593, 0.112837
-0.72935, 0.110807
-0.735965, 0.108787
-0.742441, 0.106779
-0.748779, 0.104784
-0.75498, 0.102802
-0.761047, 0.100836
-0.766982, 0.0988857
-0.772787, 0.0969528
-0.778463, 0.0950382
-0.784014, 0.0931426
-0.78944, 0.0912668
-0.794744, 0.0894115
-0.799928, 0.0875775
-0.804994, 0.0857654
-0.809944, 0.0839756
-0.81478, 0.0822087
-0.819505, 0.0804651
-0.82412, 0.0787453
-0.828626, 0.0770496
-0.833028, 0.0753783
-0.837325, 0.0737316
-0.841521, 0.0721098
-0.845617, 0.070513
-0.849615, 0.0689415
-0.853518, 0.0673953
-0.857326, 0.0658746
-0.861043, 0.0643792
-0.864669, 0.0629094
-0.868208, 0.061465
-0.871659, 0.0600461
-0.875027, 0.0586525
-0.878311, 0.0572843
-0.881514, 0.0559412
-0.884638, 0.0546232
-0.887685, 0.0533302
-0.890655, 0.0520619
-0.893552, 0.0508181
-0.896375, 0.0495988
-0.899128, 0.0484036
-0.901812, 0.0472324
-0.904427, 0.046085
-0.906977, 0.044961
-0.909461, 0.0438602
-0.911883, 0.0427824
-0.914242, 0.0417272
-0.916541, 0.0406944
-0.918781, 0.0396838
-0.920964, 0.038695
-0.92309, 0.0377276
-0.925162, 0.0367815
-0.927179, 0.0358562
-0.929145, 0.0349515
-0.931059, 0.0340671
-0.932924, 0.0332026
-0.93474, 0.0323577
-0.936508, 0.0315321
-0.93823, 0.0307255
-0.939907, 0.0299374
-0.94154, 0.0291677
-0.94313, 0.028416
-0.944678, 0.0276819
-0.946185, 0.0269652
-0.947652, 0.0262654
-0.94908, 0.0255824
-0.950471, 0.0249156
-0.951824, 0.024265
-0.953141, 0.02363
-0.954424, 0.0230105
-0.955672, 0.0224061
-0.956887, 0.0218165
-0.958069, 0.0212413
-0.959219, 0.0206804
-0.960339, 0.0201333
-0.961429, 0.0195998
-0.962489, 0.0190796
-0.963521, 0.0185725
-0.964525, 0.018078
-0.965501, 0.017596
-0.966452, 0.0171262
-0.967377, 0.0166683
-0.968276, 0.016222
-0.969152, 0.0157871
-0.970003, 0.0153633
-0.970832, 0.0149504
-0.971638, 0.0145481
-0.972422, 0.0141561
-0.973185, 0.0137743
-0.973927, 0.0134023
-0.974648, 0.01304
-0.97535, 0.0126871
-0.976033, 0.0123434
-0.976697, 0.0120087
-0.977343, 0.0116827
-0.977972, 0.0113653
-0.978583, 0.0110562
-0.979177, 0.0107552
-0.979755, 0.0104622
-0.980318, 0.0101769
-0.980864, 0.00989918
-0.981396, 0.00962881
-0.981913, 0.00936561
-0.982416, 0.00910942
-0.982905, 0.00886005
-0.983381, 0.00861732
-0.983843, 0.00838108
-0.984293, 0.00815116
-0.98473, 0.0079274
-0.985156, 0.00770964
-0.985569, 0.00749773
-0.985971, 0.00729152
-0.986362, 0.00709085
-0.986742, 0.0068956
-0.987112, 0.00670562
-0.987471, 0.00652077
-0.987821, 0.00634092
-0.988161, 0.00616594
-0.988491, 0.0059957
-0.988812, 0.00583008
-0.989125, 0.00566896
-0.989428, 0.00551222
-0.989723, 0.00535974
-0.990011, 0.00521142
-0.99029, 0.00506714
-0.990561, 0.00492679
-0.990825, 0.00479028
-0.991081, 0.0046575
-0.99133, 0.00452835
-0.991573, 0.00440273
-0.991808, 0.00428056
-0.992037, 0.00416173
-0.99226, 0.00404617
-0.992477, 0.00393377
-0.992687, 0.00382446
-0.992892, 0.00371816
-0.993091, 0.00361478
-0.993284, 0.00351424
-0.993472, 0.00341647
-0.993655, 0.0033214
-0.993832, 0.00322894
-0.994005, 0.00313904
-0.994173, 0.00305161
-0.994336, 0.0029666
-0.994495, 0.00288394
-0.994649, 0.00280356
-0.994799, 0.00272541
-0.994945, 0.00264941
-0.995086, 0.00257552
-0.995224, 0.00250368
-0.995358, 0.00243382
-0.995488, 0.0023659
-0.995614, 0.00229986
-0.995737, 0.00223566
-0.995857, 0.00217323
-0.995973, 0.00211254
-0.996086, 0.00205353
-0.996195, 0.00199616
-0.996302, 0.00194038
-0.996406, 0.00188616
-0.996507, 0.00183344
-0.996605, 0.00178218
-0.9967, 0.00173236
-0.996792, 0.00168391
-0.996882, 0.00163682
-0.99697, 0.00159104
-0.997055, 0.00154653
-0.997137, 0.00150326
-0.997218, 0.0014612
-0.997296, 0.00142031
-0.997372, 0.00138056
-0.997445, 0.00134191
-0.997517, 0.00130435
-0.997587, 0.00126783
-0.997654, 0.00123233
-0.99772, 0.00119782
-0.997784, 0.00116428
-0.997846, 0.00113167
-0.997907, 0.00109997
-0.997966, 0.00106915
-0.998023, 0.0010392
-0.998078, 0.00101008
-0.998132, 0.00098178
-0.998185, 0.000954268
-0.998235, 0.000927524
-0.998285, 0.000901528
-0.998333, 0.000876259
-0.99838, 0.000851696
-0.998425, 0.00082782
-0.99847, 0.000804612
-0.998513, 0.000782053
-0.998554, 0.000760125
-0.998595, 0.000738811
-0.998634, 0.000718093
-0.998673, 0.000697955
-0.99871, 0.00067838
-0.998746, 0.000659353
-0.998781, 0.000640859
-0.998816, 0.000622883
-0.998849, 0.00060541
-0.998881, 0.000588426
-0.998913, 0.000571918
-0.998943, 0.000555873
-0.998973, 0.000540276
-0.999002, 0.000525117
-0.99903, 0.000510383
-0.999057, 0.000496061
-0.999084, 0.000482141
-0.999109, 0.00046861
-0.999134, 0.000455459
-0.999159, 0.000442677
-0.999182, 0.000430252
-0.999205, 0.000418176
-0.999228, 0.000406439
-0.999249, 0.000395031
-0.99927, 0.000383942
-0.999291, 0.000373164
-0.999311, 0.000362689
-0.99933, 0.000352507
-0.999349, 0.000342611
-0.999367, 0.000332993
-0.999385, 0.000323644
-0.999402, 0.000314557
-0.999419, 0.000305726
-0.999435, 0.000297142
-0.999451, 0.000288799
-0.999467, 0.00028069
-0.999482, 0.000272808
-0.999496, 0.000265148
-0.99951, 0.000257702
-0.999524, 0.000250466
-0.999537, 0.000243432
-0.99955, 0.000236596
-0.999563, 0.000229952
-0.999575, 0.000223494
-0.999587, 0.000217218
-0.999599, 0.000211117
-0.99961, 0.000205188
-0.999621, 0.000199425
-0.999632, 0.000193824
-0.999642, 0.00018838
-0.999652, 0.000183089
-0.999662, 0.000177947
-0.999671, 0.000172949
-0.999681, 0.000168091
-0.99969, 0.00016337
-0.999698, 0.000158781
-0.999707, 0.000154321
-0.999715, 0.000149986
-0.999723, 0.000145773
-0.999731, 0.000141678
-0.999738, 0.000137699
-0.999746, 0.00013383
-0.999753, 0.000130071
-0.99976, 0.000126417
-0.999767, 0.000122866
-0.999773, 0.000119414
-0.99978, 0.00011606
-0.999786, 0.000112799
-0.999792, 0.000109631
-0.999798, 0.000106551
-0.999803, 0.000103557
-0.999809, 0.000100648
-0.999814, 9.78205e-05
-0.999819, 9.50723e-05
-0.999824, 9.24013e-05
-0.999829, 8.98054e-05
-0.999834, 8.72823e-05
-0.999839, 8.48302e-05
-0.999843, 8.24469e-05
-0.999848, 8.01305e-05
-0.999852, 7.78792e-05
-0.999856, 7.56912e-05
-0.99986, 7.35646e-05
-0.999864, 7.14977e-05
-0.999868, 6.94889e-05
-0.999872, 6.75365e-05
-0.999875, 6.5639e-05
