0, 0
1.19208e-19, 0
4.31175e-35, 0
9.61867e-35, 0
1.69709e-34, 0
2.61081e-34, 0
3.69929e-34, 0
5.2484e-34, 0
6.79928e-34, 0
7.02305e-34, 0
1.01933e-33, 0
9.99758e-34, 0
1.21357e-33, 0
1.65162e-33, 0
2.20437e-33, 0
2.50673e-33, 0
2.54741e-33, 0
2.89047e-33, 0
3.28296e-33, 0
3.86766e-33, 0
4.40355e-33, 0
4.93213e-33, 0
5.54652e-33, 0
6.21594e-33, 0
6.94464e-33, 0
7.76831e-33, 0
8.68244e-33, 0
9.67878e-33, 0
1.07614e-32, 0
1.19086e-32, 0
1.31168e-32, 0
1.4515e-32, 0
1.60814e-32, 0
1.79389e-32, 0
2.02366e-32, 0
2.32333e-32, 0
2.73977e-32, 0
3.34668e-32, 0
4.2756e-32, 0
5.71414e-32, 0
7.95986e-32, 0
1.14562e-31, 0
1.68677e-31, 0
2.5167e-31, 0
3.77735e-31, 0
5.67528e-31, 0
8.50386e-31, 0
1.26806e-30, 0
1.87854e-30, 0
2.76294e-30, 0
4.03284e-30, 0
5.84118e-30, 0
8.39605e-30, 0
1.19778e-29, 0
1.69639e-29, 0
2.38568e-29, 0
3.33232e-29, 0
4.62421e-29, 0
6.37666e-29, 0
8.74007e-29, 0
1.19098e-28, 0
1.61383e-28, 0
2.17504e-28, 0
2.91619e-28, 0
3.89034e-28, 0
5.16487e-28, 0
6.82504e-28, 0
8.97828e-28, 0
1.17595e-27, 0
1.53376e-27, 0
1.9923e-27, 0
2.57773e-27, 0
3.32247e-27, 0
4.26652e-27, 0
5.45915e-27, 0
6.96083e-27, 0
8.84554e-27, 0
1.12036e-26, 0
1.4145e-26, 0
1.7803e-26, 0
2.23393e-26, 0
2.7949e-26, 0
3.48671e-26, 0
4.33761e-26, 0
5.38148e-26, 0
6.65884e-26, 0
8.21808e-26, 0
1.01168e-25, 0
1.24236e-25, 0
1.52195e-25, 0
1.86009e-25, 0
2.26814e-25, 0
2.75949e-25, 0
3.34991e-25, 0
4.05794e-25, 0
4.90531e-25, 0
5.91745e-25, 0
7.12408e-25, 0
8.55989e-25, 0
1.02653e-24, 0
1.22872e-24, 0
1.46802e-24, 0
1.75075e-24, 0
2.08423e-24, 0
2.47692e-24, 0
2.93856e-24, 0
3.48042e-24, 0
4.11544e-24, 0
4.85848e-24, 0
5.72662e-24, 0
6.73942e-24, 0
7.91927e-24, 0
9.29177e-24, 0
1.08861e-23, 0
1.27357e-23, 0
1.48784e-23, 0
1.73575e-23, 0
2.02219e-23, 0
2.35274e-23, 0
2.7337e-23, 0
3.17223e-23, 0
3.67641e-23, 0
4.25536e-23, 0
4.9194e-23, 0
5.68016e-23, 0
6.55072e-23, 0
7.54582e-23, 0
8.68201e-23, 0
9.97791e-23, 0
1.14544e-22, 0
1.31348e-22, 0
1.50453e-22, 0
1.72153e-22, 0
1.96775e-22, 0
2.24685e-22, 0
2.56291e-22, 0
2.92047e-22, 0
3.32462e-22, 0
3.78098e-22, 0
4.29584e-22, 0
4.87616e-22, 0
5.52968e-22, 0
6.26499e-22, 0
7.0916e-22, 0
8.02005e-22, 0
9.06202e-22, 0
1.02304e-21, 0
1.15394e-21, 0
1.30049e-21, 0
1.46442e-21, 0
1.64764e-21, 0
1.85227e-21, 0
2.08063e-21, 0
2.33528e-21, 0
2.61904e-21, 0
2.935e-21, 0
3.28655e-21, 0
3.67743e-21, 0
4.11171e-21, 0
4.5939e-21, 0
5.12888e-21, 0
2.57363e-10, 0
1.04588e-09, 0
2.39054e-09, 0
4.31676e-09, 0
6.8504e-09, 0
1.00178e-08, 0
1.38456e-08, 0
1.83611e-08, 0
2.35918e-08, 0
2.95659e-08, 0
3.63117e-08, 0
4.38582e-08, 0
5.22348e-08, 0
6.14712e-08, 0
7.15976e-08, 0
8.26446e-08, 0
9.46433e-08, 0
1.07625e-07, 0
1.21622e-07, 0
1.36666e-07, 0
1.52791e-07, 0
1.70028e-07, 0
1.88413e-07, 0
2.07978e-07, 0
2.28758e-07, 0
2.50788e-07, 0
2.74103e-07, 0
2.98739e-07, 0
3.24731e-07, 0
3.52116e-07, 0
3.80931e-07, 0
4.11213e-07, 0
4.42998e-07, 0
4.76326e-07, 0
5.11235e-07, 0
5.47762e-07, 0
5.85947e-07, 0
6.2583e-07, 0
6.6745e-07, 0
7.10847e-07, 0
1.1703e-06, 0
1.80693e-06, 0
2.65404e-06, 0
3.74693e-06, 0
5.12252e-06, 0
6.81918e-06, 0
8.87628e-06, 0
1.13339e-05, 0
1.42324e-05, 0
1.88191e-05, 0
2.47363e-05, 0
3.17056e-05, 0
3.98019e-05, 0
4.97256e-05, 0
6.32617e-05, 0
7.88832e-05, 0
9.67064e-05, 0
0.000116842, 0
0.000139395, 0
0.00016446, 0
0.000192128, 0
0.000222481, 0
0.00025657, 0
0.000293693, 0
0.00033393, 0
0.000377345, 0
0.000423995, 0
0.000473872, 0
0.00052714, 0
0.000584091, 0
0.000644697, 0
0.000708961, 0
0.000776914, 0
0.000848539, 0
0.000923779, 0
0.00100147, 0
0.00108269, 0
0.00116741, 0
0.00125608, 0
0.00134832, 0
0.00144389, 0
0.00157517, 0
0.00171111, 0
0.00185158, 0
0.00199646, 0
0.00214562, 0
0.00229893, 0
0.00245625, 0
0.00261749, 0
0.00278249, 0
0.00295112, 0
0.00312323, 0
0.00329868, 0
0.00347732, 0
0.00365898, 0
0.00384349, 0
0.00403075, 0
0.00422058, 0
0.00441704, 0
0.00461602, 0
0.00481665, 0
0.00502456, 0
0.00523501, 0
0.00544746, 0
0.00566212, 0
0.00587881, 0
0.00609703, 0
0.00631893, 0
0.00654131, 0
0.00676518, 0
0.00699012, 0
0.0072163, 0
0.00744394, 0
0.00767222, 0
0.0079007, 0
0.00812921, 0
0.0083578, 0
0.00858634, 0
0.00881467, 0
0.00904271, 0
0.00927124, 0
0.00950032, 0
0.00976631, 0
0.010068, 0
0.0103689, 0
0.0106688, 0
0.0109669, 0
0.011264, 0
0.0115589, 0
0.0118514, 0
0.0121401, 0
0.0124257, 0
0.0127085, 0
0.0129877, 0
0.0132629, 0
0.0135315, 0
0.013796, 0
0.0140574, 0
0.0143154, 0
0.01457, 0
0.014823, 0
0.0150722, 0
0.0153198, 0
0.0155633, 0
0.0158037, 0
0.0160408, 0
0.0162735, 0
0.0165015, 0
0.0167249, 0
0.016945, 0
0.0171611, 0
0.0173734, 0
0.0175819, 0
0.0177866, 0
0.0179876, 0
0.0181837, 0
0.0183745, 0
0.0185599, 0
0.01874, 0
0.0189145, 0
0.0190794, 0
0.0192343, 0
0.0193834, 0
0.0195219, 0
0.0196497, 0
0.0197713, 0
0.0198851, 0
0.0199921, 0
0.0200923, 0
0.020189, 0
0.0202789, 0
0.0203619, 0
0.0204398, 0
0.0205125, 0
0.0205783, 0
0.020637, 0
0.0206886, 0
0.0207336, 0
0.020771, 0
0.020801, 0
0.0208233, 0
0.0208386, 0
0.0208461, 0
0.0208459, 0
0.0208379, 0
0.020822, 0
0.0207981, 0
0.0207661, 0
0.020726, 0
0.0206778, 0
0.0206149, 0
0.0205421, 0
0.0204609, 0
0.0203618, 0
0.0202543, 0
0.0201382, 0
0.0200137, 0
0.0198805, 0
0.0197387, 0
0.0195882, 0
0.019429, 0
0.0192034, 0
0.0189478, 0
0.0186749, 0
0.0183877, 0
0.0180868, 0
0.0177693, 0
0.017436, 0
0.0170901, 0
0.0167316, 0
0.0163603, 0
0.0159763, 0
0.0155681, 0
0.015119, 0
0.014656, 0
0.014179, 0
0.0136879, 0
0.0131826, 0
0.0126631, 0
0.0121294, 0
0.0115813, 0
0.0110189, 0
0.0104421, 0
0.00985089, 0
0.0092452, 0
0.00862502, 0
0.0079903, 0
0.00734103, 0
0.00667717, 0
0.00599869, 0
0.00530559, 0
0.00459782, 0
0.00387539, 0
0.00313826, 0
0.00238714, 0
0.00162197, 0
0.000842034, 0
4.73308e-05, 0
-0.000762148, 0
-0.00158641, 0
-0.002518, 0
-0.00346794, 0
-0.00443622, 0
-0.00542405, 0
-0.0064314, 0
-0.00745703, 0
-0.00850092, 0
-0.00956565, 0
-0.0106486, 0
-0.0117497, 0
-0.0128689, 0
-0.0140062, 0
-0.0151618, 0
-0.0163353, 0
-0.0175269, 0
-0.0187365, 0
-0.019964, 0
-0.0212095, 0
-0.0224727, 0
-0.0237537, 0
-0.0250531, 0
-0.0263701, 0
-0.0277048, 0
-0.0290571, 0
-0.0304269, 0
-0.0318142, 0
-0.0332188, 0
-0.0346437, 0
-0.0360859, 0
-0.0375454, 0
-0.0390219, 0
-0.0405154, 0
-0.04203, 0
-0.0435615, 0
-0.0451098, 0
-0.0466749, 0
-0.0482566, 0
-0.0498548, 0
-0.0514695, 0
-0.0531019, 0
-0.0547521, 0
-0.0564184, 0
-0.0581007, 0
-0.059799, 0
-0.061513, 0
-0.0632426, 0
-0.0649878, 0
-0.0667484, 0
-0.0685242, 0
-0.0703152, 0
-0.0721212, 0
-0.073942, 0
-0.0757776, 0
-0.0776338, 0
-0.0795045, 0
-0.0813897, 0
-0.0832891, 0
-0.0852026, 0
-0.0871301, 0
-0.0890713, 0
-0.0910417, 0
-0.093031, 0
-0.095034, 0
-0.0970506, 0
-0.0990805, 0
-0.101124, 0
-0.10318, 0
-0.105249, 0
-0.107331, 0
-0.109426, 0
-0.111533, 0
-0.113652, 0
-0.115783, 0
-0.117926, 0
-0.120081, 0
-0.122248, 0
-0.124426, 0
-0.126615, 0
-0.128816, 0
-0.131027, 0
-0.133249, 0
-0.135481, 0
-0.137724, 0
-0.139977, 0
-0.14224, 0
-0.144513, 0
-0.146796, 0
-0.149088, 0
-0.15139, 0
-0.1537, 0
-0.15602, 0
-0.158348, 0
-0.160685, 0
-0.163031, 0
-0.165385, 0
-0.167746, 0
-0.170116, 0
-0.172494, 0
-0.174879, 0
-0.177271, 0
-0.179671, 0
-0.182077, 0
-0.184491, 0
-0.186911, 0
-0.189338, 0
-0.191771, 0
-0.19421, 0
-0.196655, 0
-0.199106, 0
-0.201563, 0
-0.204025, 0
-0.206492, 0
-0.208965, 0
-0.211443, 0
-0.213925, 0
-0.216412, 0
-0.218904, 0
-0.2214, 0
-0.2239, 0
-0.226404, 0
-0.228912, 0
-0.231423, 0
-0.233938, 0
-0.236457, 0
-0.238978, 0
-0.241503, 0
-0.24403, 0
-0.246561, 0
-0.249094, 0
-0.251629, 0
-0.254166, 0
-0.256706, 0
-0.259248, 0
-0.261791, 0
-0.264337, 0
-0.266883, 0
-0.269432, 0
-0.271981, 0
-0.274532, 0
-0.277083, 0
-0.279636, 0
-0.282189, 0
-0.284742, 0
-0.287296, 0
-0.289851, 0
-0.292405, 0
-0.29496, 0
-0.297515, 0
-0.300069, 0
-0.302623, 0
-0.305176, 0
-0.307729, 0
-0.310282, 0
-0.312833, 0
-0.315383, 0
-0.317933, 0
-0.320481, 0
-0.323028, 0
-0.325574, 0
-0.328118, 0
-0.33066, 0
-0.3332, 0
-0.335739, 0
-0.338276, 0
-0.340811, 0
-0.343343, 0
-0.345874, 0
-0.348402, 0
-0.350927, 0
-0.35345, 0
-0.35597, 0
-0.358488, 0
-0.361002, 0
-0.363514, 0
-0.366022, 0
-0.368528, 0
-0.37103, 0
-0.373529, 0
-0.376024, 0
-0.378516, 0
-0.381005, 0
-0.38349, 0
-0.385971, 0
-0.388448, 0
-0.390921, 0
-0.393391, 0
-0.395856, 0
-0.398317, 0
-0.400774, 0
-0.403227, 0
-0.405676, 0
-0.40812, 0
-0.410559, 0
-0.412994, 0
-0.415424, 0
-0.41785, 0
-0.420271, 0
-0.422687, 0
-0.425099, 0
-0.427505, 0
-0.429906, 0
-0.432303, 0
-0.434694, 0
-0.43708, 0
-0.439461, 0
-0.441836, 0
-0.444206, 0
-0.446571, 0
-0.448931, 0
-0.451285, 0
-0.453633, 0
-0.455976, 0
-0.458313, 0
-0.460645, 0
-0.462971, 0
-0.465291, 0
-0.467605, 0
-0.469913, 0
-0.472216, 0
-0.474513, 0
-0.476803, 0
-0.479088, 0
-0.481367, 0
-0.483639, 0
-0.485906, 0
-0.488166, 0
-0.49042, 0
-0.492668, 0
-0.49491, 0
-0.497146, 0
-0.499375, 0
-0.501598, 0
-0.503814, 0
-0.506024, 0
-0.508228, 0
-0.510425, 0
-0.512616, 0
-0.5148, 0
-0.516978, 0
-0.519149, 0
-0.521314, 0
-0.523472, 0
-0.525623, 0
-0.527768, 0
-0.529906, 0
-0.532038, 0
-0.534163, 0
-0.536281, 0
-0.538393, 0
-0.540497, 0
-0.542595, 0
-0.544687, 0
-0.546771, 0
-0.548849, 0
-0.55092, 0
-0.552984, 0
-0.555041, 0
-0.557091, 0
-0.559135, 0
-0.561172, 0
-0.563202, 0
-0.565225, 0
-0.567241, 0
-0.56925, 0
-0.571252, 0
-0.573248, 0
-0.575236, 0
-0.577218, 0
-0.579193, 0
-0.58116, 0
-0.583121, 0
-0.585075, 0
-0.587022, 0
-0.588962, 0
-0.590895, 0
-0.592821, 0
-0.59474, 0
-0.596653, 0
-0.598558, 0
-0.600456, 0
-0.602348, 0
-0.604232, 0
-0.60611, 0
-0.60798, 0
-0.609844, 0
-0.6117, 0
-0.61355, 0
-0.615393, 0
-0.617229, 0
-0.619058, 0
-0.62088, 0
-0.622695, 0
-0.624503, 0
-0.626304, 0
-0.628099, 0
-0.629886, 0
-0.631667, 0
-0.633441, 0
-0.635208, 0
-0.636967, 0
-0.638721, 0
-0.640467, 0
-0.642206, 0
-0.643939, 0
-0.645664, 0
-0.647383, 0
-0.649095, 0
-0.650801, 0
-0.652499, 0
-0.654191, 0
-0.655876, 0
-0.657554, 0
-0.659225, 0
-0.66089, 0
-0.662548, 0
-0.664199, 0
-0.665843, 0
-0.667481, 0
-0.669112, 0
-0.670736, 0
-0.672354, 0
-0.673965, 0
-0.67557, 0
-0.677167, 0
-0.678759, 0
-0.680343, 0
-0.681921, 0
-0.683493, 0
-0.685057, 0
-0.686616, 0
-0.688167, 0
-0.689713, 0
-0.691251, 0
-0.692784, 0
-0.694309, 0
-0.695829, 0
-0.697341, 0
-0.698848, 0
-0.700348, 0
-0.701841, 0
-0.703329, 0
-0.704809, 0
-0.706284, 0
-0.707752, 0
-0.709214, 0
-0.710669, 0
-0.712118, 0
-0.713561, 0
-0.714998, 0
-0.716428, 0
-0.717853, 0
-0.71927, 0
-0.720682, 0
-0.722088, 0
-0.723487, 0
-0.72488, 0
-0.726268, 0
-0.727649, 0
-0.729024, 0
-0.730392, 0
-0.731755, 0
-0.733112, 0
-0.734463, 0
-0.735807, 0
-0.737146, 0
-0.738479, 0
-0.739806, 0
-0.741127, 0
-0.742442, 0
-0.743751, 0
-0.745054, 0
-0.746351, 0
-0.747643, 0
-0.748928, 0
-0.750208, 0
-0.751482, 0
-0.75275, 0
-0.754013, 0
-0.755269, 0
-0.756521, 0
-0.757766, 0
-0.759005, 0
-0.760239, 0
-0.761468, 0
-0.762691, 0
-0.763908, 0
-0.765119, 0
-0.766325, 0
-0.767526, 0
-0.76872, 0
-0.76991, 0
-0.771094, 0
-0.772272, 0
-0.773445, 0
-0.774612, 0
-0.775774, 0
-0.776931, 0
-0.778082, 0
-0.779228, 0
-0.780369, 0
-0.781504, 0
-0.782634, 0
-0.783759, 0
-0.784878, 0
-0.785992, 0
-0.787101, 0
-0.788205, 0
-0.789303, 0
-0.790396, 0
-0.791485, 0
-0.792568, 0
-0.793645, 0
-0.794718, 0
-0.795786, 0
-0.796849, 0
-0.797906, 0
-0.798959, 0
-0.800006, 0
-0.801049, 0
-0.802086, 0
-0.803119, 0
-0.804147, 0
-0.80517, 0
-0.806188, 0
-0.807201, 0
-0.808209, 0
-0.809212, 0
-0.810211, 0
-0.811204, 0
-0.812193, 0
-0.813177, 0
-0.814157, 0
-0.815132, 0
-0.816102, 0
-0.817067, 0
-0.818028, 0
-0.818983, 0
-0.819935, 0
-0.820882, 0
-0.821824, 0
-0.822761, 0
-0.823694, 0
-0.824623, 0
-0.825547, 0
-0.826466, 0
-0.827381, 0
-0.828291, 0
-0.829197, 0
-0.830099, 0
-0.830996, 0
-0.831889, 0
-0.832777, 0
-0.833661, 0
-0.834541, 0
-0.835416, 0
-0.836287, 0
-0.837154, 0
-0.838017, 0
-0.838875, 0
-0.839729, 0
-0.840579, 0
-0.841424, 0
-0.842266, 0
-0.843103, 0
-0.843936, 0
-0.844765, 0
-0.84559, 0
-0.84641, 0
-0.847227, 0
-0.84804, 0
-0.848848, 0
-0.849653, 0
-0.850453, 0
-0.85125, 0
-0.852042, 0
-0.852831, 0
-0.853615, 0
-0.854396, 0
-0.855173, 0
-0.855946, 0
-0.856715, 0
-0.85748, 0
-0.858241, 0
-0.858999, 0
-0.859752, 0
-0.860502, 0
-0.861248, 0
-0.861991, 0
-0.86273, 0
-0.863464, 0
-0.864196, 0
-0.864923, 0
-0.865647, 0
-0.866367, 0
-0.867084, 0
-0.867797, 0
-0.868506, 0
-0.869212, 0
-0.869914, 0
-0.870612, 0
-0.871307, 0
-0.871999, 0
-0.872687, 0
-0.873371, 0
-0.874052, 0
-0.87473, 0
-0.875404, 0
-0.876074, 0
-0.876742, 0
-0.877405, 0
-0.878066, 0
-0.878723, 0
-0.879376, 0
-0.880027, 0
-0.880674, 0
-0.881318, 0
-0.881958, 0
-0.882595, 0
-0.883229, 0
-0.883859, 0
-0.884487, 0
-0.885111, 0
-0.885732, 0
-0.88635, 0
-0.886964, 0
-0.887575, 0
-0.888184, 0
-0.888789, 0
-0.889391, 0
-0.88999, 0
-0.890585, 0
-0.891178, 0
-0.891768, 0
-0.892354, 0
-0.892938, 0
-0.893518, 0
-0.894096, 0
-0.89467, 0
-0.895242, 0
-0.89581, 0
-0.896376, 0
-0.896939, 0
-0.897499, 0
-0.898055, 0
-0.898609, 0
-0.89916, 0
-0.899709, 0
-0.900254, 0
-0.900797, 0
-0.901336, 0
-0.901873, 0
-0.902407, 0
-0.902938, 0
-0.903467, 0
-0.903993, 0
-0.904516, 0
-0.905036, 0
-0.905554, 0
-0.906068, 0
-0.906581, 0
-0.90709, 0
-0.907597, 0
-0.908101, 0
-0.908603, 0
-0.909101, 0
-0.909598, 0
-0.910091, 0
-0.910582, 0
-0.911071, 0
-0.911557, 0
-0.91204, 0
-0.912521, 0
-0.912999, 0
-0.913475, 0
-0.913948, 0
-0.914419, 0
-0.914887, 0
-0.915353, 0
-0.915816, 0
-0.916277, 0
-0.916736, 0
-0.917192, 0
-0.917645, 0
-0.918097, 0
-0.918546, 0
-0.918992, 0
-0.919436, 0
-0.919878, 0
-0.920317, 0
-0.920754, 0
-0.921189, 0
-0.921622, 0
-0.922052, 0
-0.92248, 0
-0.922905, 0
-0.923329, 0
-0.92375, 0
-0.924169, 0
-0.924585, 0
-0.925, 0
-0.925412, 0
-0.925822, 0
-0.92623, 0
-0.926635, 0
-0.927039, 0
-0.92744, 0
-0.92784, 0
-0.928237, 0
-0.928632, 0
-0.929025, 0
-0.929415, 0
-0.929804, 0
-0.930191, 0
-0.930575, 0
-0.930958, 0
-0.931338, 0
-0.931716, 0
-0.932093, 0
-0.932467, 0
-0.932839, 0
-0.93321, 0
-0.933578, 0
-0.933945, 0
-0.934309, 0
-0.934672, 0
-0.935032, 0
-0.935391, 0
-0.935747, 0
-0.936102, 0
-0.936455, 0
-0.936806, 0
-0.937155, 0
-0.937502, 0
-0.937848, 0
-0.938191, 0
-0.938533, 0
-0.938872, 0
-0.93921, 0
-0.939546, 0
-0.939881, 0
-0.940213, 0
-0.940544, 0
-0.940873, 0
-0.9412, 0
-0.941526, 0
-0.941849, 0
-0.942171, 0
-0.942491, 0
-0.94281, 0
-0.943127, 0
-0.943442, 0
-0.943755, 0
-0.944066, 0
-0.944376, 0
-0.944685, 0
-0.944991, 0
-0.945296, 0
-0.945599, 0
-0.945901, 0
-0.946201, 0
-0.946499, 0
-0.946796, 0
-0.947091, 0
-0.947385, 0
-0.947677, 0
-0.947967, 0
-0.948256, 0
-0.948543, 0
-0.948829, 0
-0.949113, 0
-0.949396, 0
-0.949677, 0
-0.949956, 0
-0.950234, 0
-0.950511, 0
-0.950786, 0
-0.951059, 0
-0.951331, 0
-0.951602, 0
-0.951871, 0
-0.952138, 0
-0.952404, 0
-0.952669, 0
-0.952932, 0
-0.953194, 0
-0.953454, 0
-0.953713, 0
-0.953971, 0
-0.954227, 0
-0.954482, 0
-0.954735, 0
-0.954987, 0
-0.955238, 0
-0.955487, 0
-0.955735, 0
-0.955981, 0
-0.956227, 0
-0.95647, 0
-0.956713, 0
-0.956954, 0
-0.957194, 0
-0.957432, 0
-0.95767, 0
-0.957906, 0
-0.95814, 0
-0.958374, 0
-0.958606, 0
-0.958836, 0
-0.959066, 0
-0.959294, 0
-0.959521, 0
-0.959747, 0
-0.959972, 0
-0.960195, 0
-0.960417, 0
-0.960638, 0
-0.960858, 0
-0.961076, 0
-0.961293, 0
-0.961509, 0
-0.961724, 0
-0.961938, 0
-0.962151, 0
-0.962362, 0
-0.962572, 0
-0.962781, 0
-0.962989, 0
-0.963196, 0
-0.963401, 0
-0.963606, 0
-0.963809, 0
-0.964012, 0
-0.964213, 0
-0.964413, 0
-0.964612, 0
-0.96481, 0
-0.965006, 0
-0.965202, 0
-0.965397, 0
-0.96559, 0
-0.965782, 0
-0.965974, 0
-0.966164, 0
-0.966353, 0
-0.966542, 0
-0.966729, 0
-0.966915, 0
-0.9671, 0
-0.967284, 0
-0.967467, 0
-0.96765, 0
-0.967831, 0
-0.968011, 0
-0.96819, 0
-0.968368, 0
-0.968545, 0
-0.968721, 0
-0.968896, 0
-0.969071, 0
-0.969244, 0
-0.969416, 0
-0.969587, 0
-0.969758, 0
-0.969927, 0
-0.970096, 0
-0.970263, 0
-0.97043, 0
-0.970596, 0
-0.970761, 0
-0.970924, 0
-0.971087, 0
-0.97125, 0
-0.971411, 0
-0.971571, 0
-0.97173, 0
-0.971889, 0
-0.972047, 0
-0.972203, 0
-0.972359, 0
-0.972514, 0
-0.972669, 0
-0.972822, 0
-0.972974, 0
-0.973126, 0
-0.973277, 0
-0.973427, 0
-0.973576, 0
-0.973724, 0
-0.973872, 0
-0.974018, 0
-0.974164, 0
-0.974309, 0
-0.974453, 0
-0.974597, 0
-0.97474, 0
-0.974881, 0
-0.975022, 0
-0.975163, 0
-0.975302, 0
-0.975441, 0
