0, 0
0.00873782, 0.000198443
0.034302, 0.000792695
0.0752907, 0.00175868
0.129821, 0.0030439
0.195658, 0.00457458
0.270364, 0.00626712
0.351438, 0.00804128
0.436441, 0.00983247
0.523105, 0.0116007
0.609407, 0.013335
0.693615, 0.0150512
0.774316, 0.0167852
0.850407, 0.0185815
0.921089, 0.0204814
0.985829, 0.0225126
1.04433, 0.024683
1.0965, 0.0269823
1.14241, 0.0293848
1.18223, 0.0318545
1.21627, 0.0343508
1.24486, 0.0368328
1.26842, 0.0392633
1.28736, 0.0416088
1.3021, 0.0438423
1.31309, 0.045942
1.32075, 0.0478925
1.32546, 0.0496831
1.32762, 0.0513076
1.32757, 0.0527629
1.32565, 0.0540503
1.32216, 0.0551729
1.31738, 0.0561361
1.31155, 0.0569482
1.3049, 0.0576155
1.29764, 0.0581473
1.28994, 0.0585535
1.28196, 0.0588449
1.27385, 0.0590293
1.26574, 0.0591181
1.25772, 0.0591207
1.24989, 0.0590468
1.24234, 0.0589045
1.23514, 0.058704
1.22834, 0.0584527
1.222, 0.0581605
1.21616, 0.057832
1.21085, 0.0574757
1.20611, 0.0570979
1.20195, 0.0567049
1.1984, 0.0563009
1.19546, 0.0558918
1.19314, 0.0554818
1.19146, 0.0550746
1.19041, 0.054675
1.18999, 0.054285
1.1902, 0.0539077
1.19104, 0.0535452
1.19249, 0.0532
1.19456, 0.0528739
1.19722, 0.0525681
1.20048, 0.0522834
1.20431, 0.0520213
1.20871, 0.0517824
1.21365, 0.0515666
1.21914, 0.0513753
1.22514, 0.0512083
1.23166, 0.0510655
1.23866, 0.050948
1.24615, 0.0508549
1.25409, 0.0507871
1.26247, 0.0507444
1.27128, 0.050727
1.2805, 0.0507352
1.29012, 0.0507711
1.30011, 0.0508324
1.31046, 0.0509209
1.32116, 0.0510384
1.33218, 0.0511859
1.34352, 0.0513627
1.35515, 0.0515722
1.36706, 0.0518146
1.37923, 0.0520933
1.39165, 0.0524091
1.40429, 0.0527632
1.41716, 0.0531583
1.43022, 0.0535977
1.44347, 0.0540833
1.45689, 0.0546167
1.47047, 0.0552013
1.48418, 0.0558392
1.49802, 0.0565342
1.51197, 0.057287
1.52602, 0.0581013
1.54015, 0.0589779
1.55435, 0.0599212
1.56861, 0.0609314
1.58292, 0.062012
1.59725, 0.063163
1.6116, 0.0643874
1.62596, 0.0656854
1.67558, 0.0691422
1.71122, 0.07308
1.74652, 0.0774988
1.78131, 0.0823906
1.81545, 0.087739
1.84878, 0.0935205
1.88118, 0.0997061
1.91251, 0.106262
1.94268, 0.113153
1.97157, 0.120338
1.99909, 0.127777
2.02518, 0.13543
2.04974, 0.143254
2.07274, 0.151209
2.09411, 0.159252
2.11381, 0.167346
2.13182, 0.17545
2.1481, 0.183528
2.16265, 0.191544
2.17546, 0.199464
2.18653, 0.207257
2.19587, 0.214893
2.20349, 0.222345
2.20942, 0.229587
2.21367, 0.236598
2.21629, 0.243356
2.2173, 0.249843
2.21675, 0.256044
2.21469, 0.261946
2.21115, 0.267537
2.2062, 0.272808
2.19989, 0.277753
2.19226, 0.282367
2.18338, 0.286646
2.1733, 0.29059
2.16209, 0.294198
2.14979, 0.297474
2.13649, 0.300419
2.12222, 0.30304
2.10705, 0.305342
2.09105, 0.307331
2.07426, 0.309016
2.05675, 0.310405
2.03858, 0.311508
2.01979, 0.312335
2.00044, 0.312895
1.98058, 0.313201
1.96027, 0.313263
1.93955, 0.313093
1.91847, 0.312702
1.89707, 0.312102
1.8754, 0.311304
1.85351, 0.310321
1.83142, 0.309164
1.80918, 0.307844
1.78682, 0.306373
1.76438, 0.304762
1.74189, 0.303021
1.71938, 0.301162
1.69689, 0.299194
1.67442, 0.297127
1.65202, 0.294971
1.6297, 0.292736
1.60749, 0.290429
1.58541, 0.28806
1.56348, 0.285636
1.5417, 0.283166
1.52011, 0.280656
1.49872, 0.278115
1.47753, 0.275548
1.45656, 0.272961
1.43582, 0.270361
1.41533, 0.267753
1.39508, 0.265142
1.3751, 0.262532
1.35538, 0.25993
1.33593, 0.257338
1.31676, 0.25476
1.29786, 0.252201
1.27926, 0.249663
1.26094, 0.247148
1.24291, 0.244661
1.22517, 0.242203
1.20772, 0.239776
1.19057, 0.237383
1.17371, 0.235024
1.15714, 0.232702
1.14087, 0.230418
1.12488, 0.228172
1.10919, 0.225966
1.09378, 0.2238
1.07865, 0.221675
1.06381, 0.219592
1.04924, 0.21755
1.03495, 0.215549
1.02093, 0.213589
1.00719, 0.211671
0.993702, 0.209795
0.98048, 0.207959
0.967516, 0.206163
0.954805, 0.204408
0.942343, 0.202692
0.930125, 0.201014
0.918149, 0.199374
0.906409, 0.197771
0.894901, 0.196204
0.88362, 0.194672
0.872562, 0.193175
0.861723, 0.191712
0.851097, 0.190281
0.84068, 0.188883
0.830469, 0.187515
0.820457, 0.186176
0.810642, 0.184867
0.801018, 0.183586
0.791582, 0.182331
0.782328, 0.181102
0.773251, 0.179898
0.76435, 0.178717
0.755617, 0.177559
0.747051, 0.176423
0.738645, 0.175307
0.730399, 0.174212
0.722306, 0.173136
0.714362, 0.172078
0.706566, 0.171037
0.698911, 0.170013
0.691395, 0.169004
0.684014, 0.168009
0.676765, 0.167029
0.669644, 0.166062
0.662647, 0.165108
0.655773, 0.164166
0.649016, 0.163235
0.642374, 0.162315
0.635845, 0.161404
0.629424, 0.160504
0.623109, 0.159612
0.616898, 0.158728
0.610786, 0.157852
0.604773, 0.156984
0.598854, 0.156122
0.593027, 0.155267
0.587291, 0.154417
0.581642, 0.153573
0.576078, 0.152735
0.570596, 0.151901
0.565195, 0.151071
0.559873, 0.150245
0.554626, 0.149423
0.549453, 0.148605
0.544353, 0.14779
0.539322, 0.146978
0.53436, 0.146168
0.529465, 0.145361
0.524634, 0.144556
0.519865, 0.143753
0.515158, 0.142952
0.510511, 0.142153
0.505922, 0.141355
0.501389, 0.140559
0.496912, 0.139764
0.492488, 0.13897
0.488116, 0.138177
0.483796, 0.137385
0.479525, 0.136593
0.475302, 0.135803
0.471127, 0.135013
0.466998, 0.134224
0.462914, 0.133435
0.458874, 0.132647
0.454876, 0.13186
0.450921, 0.131073
0.447006, 0.130286
0.443132, 0.1295
0.439296, 0.128714
0.435499, 0.127927
0.431739, 0.127142
0.428015, 0.126358
0.424327, 0.125572
0.420674, 0.124788
0.417055, 0.124004
0.41347, 0.123221
0.409917, 0.122439
0.406397, 0.121657
0.402908, 0.120875
0.399451, 0.120092
0.396023, 0.119312
0.392625, 0.118532
0.389256, 0.117753
0.385917, 0.116974
0.382605, 0.116196
0.379321, 0.115419
0.376064, 0.114644
0.372834, 0.113868
0.36963, 0.113094
0.366452, 0.112321
0.3633, 0.111548
0.360173, 0.110777
0.35707, 0.110008
0.353993, 0.109238
0.35094, 0.108471
0.347909, 0.107704
0.344904, 0.106939
0.34192, 0.106176
0.338959, 0.105413
0.336022, 0.104652
0.333106, 0.103893
0.330212, 0.103136
0.327342, 0.102378
0.32449, 0.101625
0.321662, 0.100873
0.318854, 0.100122
0.316066, 0.0993748
0.3133, 0.0986286
0.310553, 0.0978847
0.307828, 0.0971422
0.305121, 0.096402
0.302434, 0.0956652
0.299766, 0.0949305
0.297117, 0.0941973
0.294488, 0.0934673
0.291878, 0.0927388
0.289286, 0.0920141
0.286715, 0.0912909
0.284161, 0.0905708
0.281624, 0.0898525
0.279108, 0.0891373
0.276609, 0.0884256
0.274127, 0.0877161
0.271665, 0.0870093
0.269221, 0.0863051
0.26679, 0.0856037
0.264381, 0.0849056
0.261988, 0.0842096
0.259613, 0.0835173
0.257254, 0.0828286
0.254913, 0.0821411
0.252587, 0.0814548
0.250281, 0.0807755
0.247992, 0.0800985
0.245718, 0.0794251
0.243459, 0.0787532
0.24122, 0.0780854
0.238996, 0.0774193
0.236788, 0.0767581
0.234597, 0.0760997
0.232421, 0.0754442
0.230262, 0.0747935
0.228119, 0.0741435
0.225992, 0.0734992
0.223879, 0.0728583
0.221785, 0.0722193
0.219706, 0.0715853
0.217641, 0.0709542
0.215593, 0.0703254
0.213558, 0.0697019
0.211543, 0.0690838
0.209541, 0.0684659
0.207554, 0.0678538
0.205582, 0.0672433
0.203624, 0.0666367
0.201683, 0.0660361
0.199757, 0.0654354
0.197846, 0.0648409
0.195949, 0.0642511
0.194066, 0.0636634
0.1922, 0.06308
0.190346, 0.0625003
0.188508, 0.0619232
0.186686, 0.061351
0.184876, 0.0607823
0.183081, 0.0602178
0.181299, 0.0596551
0.179533, 0.059097
0.17778, 0.0585431
0.176042, 0.0579941
0.174317, 0.057447
0.172606, 0.0569037
0.17091, 0.0563649
0.169227, 0.0558312
0.167557, 0.0553014
0.165901, 0.0547726
0.164259, 0.0542483
0.162631, 0.0537279
0.161015, 0.0532122
0.159413, 0.052699
0.157825, 0.0521923
0.156249, 0.0516872
0.154686, 0.0511844
0.153137, 0.0506887
0.151601, 0.0501957
0.150078, 0.0497058
0.148567, 0.0492184
0.147069, 0.0487365
0.145583, 0.0482566
0.14411, 0.0477806
0.14265, 0.0473081
0.141203, 0.046841
0.139768, 0.0463775
0.138344, 0.045916
0.136933, 0.045457
0.135535, 0.0450046
0.134149, 0.0445557
0.132775, 0.0441096
0.131412, 0.043665
0.130061, 0.043226
0.128723, 0.0427916
0.127396, 0.0423595
0.12608, 0.0419302
0.124777, 0.0415053
0.123485, 0.041084
0.122204, 0.0406662
0.120935, 0.0402518
0.119677, 0.0398408
0.118431, 0.0394334
0.117196, 0.0390294
0.115971, 0.0386288
0.114758, 0.0382316
0.113556, 0.0378378
0.112364, 0.0374474
0.111184, 0.0370603
0.110014, 0.0366766
0.108855, 0.0362961
0.107707, 0.035919
0.106569, 0.0355452
0.105441, 0.0351747
0.104324, 0.0348074
0.103217, 0.0344434
0.102121, 0.0340825
0.101035, 0.0337249
0.0999586, 0.0333705
0.0988925, 0.0330193
0.0978363, 0.0326711
0.0967901, 0.0323261
0.0957537, 0.0319843
0.094727, 0.0316455
0.0937101, 0.0313098
0.0927028, 0.0309772
0.091705, 0.0306476
0.0907167, 0.030321
0.0897379, 0.0299974
0.0887684, 0.0296768
0.0878081, 0.0293592
0.0868571, 0.0290446
0.0859152, 0.0287328
0.0849824, 0.0284239
0.0840585, 0.028118
0.0831437, 0.0278149
0.0822376, 0.0275147
0.0813404, 0.0272173
0.0804519, 0.0269227
0.0795721, 0.026631
0.0787009, 0.0263419
0.0778382, 0.0260557
0.0769839, 0.0257721
0.0761381, 0.0254913
0.0753006, 0.0252132
0.0744714, 0.0249378
0.0736503, 0.024665
0.0728374, 0.0243948
0.0720325, 0.0241273
0.0712357, 0.0238624
0.0704468, 0.0236001
0.0696658, 0.0233403
0.0688926, 0.0230831
0.0681271, 0.0228284
0.0673693, 0.0225762
0.0666191, 0.0223264
0.0658765, 0.0220792
0.0651414, 0.0218344
0.0644137, 0.021592
0.0636934, 0.0213521
0.0629804, 0.0211145
0.0622746, 0.0208793
0.0615761, 0.0206464
0.0608846, 0.0204159
0.0602002, 0.0201877
0.0595228, 0.0199618
0.0588524, 0.0197382
0.0581888, 0.0195168
0.057532, 0.0192977
0.0568821, 0.0190808
0.0562388, 0.0188661
0.0556022, 0.0186536
0.0549721, 0.0184433
0.0543486, 0.0182351
0.0537316, 0.018029
0.0531209, 0.0178251
0.0525167, 0.0176232
0.0519187, 0.0174235
0.051327, 0.0172258
0.0507415, 0.0170301
0.0501621, 0.0168365
0.0495888, 0.0166448
0.0490216, 0.0164552
0.0484603, 0.0162675
0.0479049, 0.0160818
0.0473554, 0.0158981
0.0468116, 0.0157162
0.0461856, 0.0155089
0.0453374, 0.0152257
0.0445042, 0.0149474
0.0436834, 0.0146726
0.0428775, 0.0144025
0.0420859, 0.014138
0.0413066, 0.0138773
0.0405421, 0.0136217
0.0397901, 0.0133705
0.0390511, 0.0131221
0.0383243, 0.0128784
0.0376118, 0.01264
0.0369102, 0.0124044
0.0362216, 0.0121748
0.0355446, 0.0119476
0.0348791, 0.0117238
0.0342257, 0.011504
0.0335837, 0.0112889
0.0329535, 0.0110778
0.0323341, 0.0108699
0.0317257, 0.0106657
0.0311275, 0.0104645
0.0305397, 0.0102664
0.0299629, 0.0100728
0.0293964, 0.00988242
0.0288397, 0.00969542
0.0282928, 0.00951107
0.027756, 0.00933097
0.0272286, 0.0091536
0.0267109, 0.00897989
0.0262022, 0.00880888
0.0257029, 0.00864146
0.0252123, 0.00847629
0.0247307, 0.00831453
0.024258, 0.00815635
0.0237937, 0.00800057
0.0233373, 0.00784606
0.0228897, 0.00769591
0.0224502, 0.00754868
0.0220184, 0.00740296
0.0215947, 0.00726069
0.0211787, 0.00712099
0.0207703, 0.00698381
0.0203694, 0.00684914
0.0199758, 0.00671694
0.0195894, 0.00658716
0.0192101, 0.00645975
0.0188378, 0.00633466
0.0184724, 0.00621189
0.0181137, 0.0060914
0.0177616, 0.0059731
0.0174161, 0.005857
0.0170769, 0.00574304
0.016744, 0.00563118
0.0164173, 0.00552141
0.0160967, 0.00541366
0.0157821, 0.00530794
0.0154733, 0.00520417
0.0151703, 0.0051023
0.0148729, 0.00500237
0.0145812, 0.0049043
0.0142948, 0.00480805
0.0140139, 0.00471362
0.0137382, 0.00462096
0.0134678, 0.00453006
0.0132024, 0.00444081
0.012942, 0.00435327
0.0126865, 0.0042674
0.0124359, 0.00418314
0.01219, 0.0041005
0.0119488, 0.00401939
0.0117121, 0.00393983
0.01148, 0.00386176
0.0112522, 0.00378519
0.0110288, 0.00371009
0.0108097, 0.00363638
0.0105947, 0.0035641
0.0103838, 0.00349319
0.010177, 0.00342364
0.00997414, 0.00335544
0.00977514, 0.00328852
0.00957998, 0.00322288
0.00938856, 0.00315851
0.00920081, 0.00309536
0.0090167, 0.00303344
0.00883612, 0.00297272
0.00865903, 0.00291317
0.00848535, 0.00285474
0.00831503, 0.00279746
0.008148, 0.00274128
0.00798421, 0.00268618
0.00782361, 0.00263219
0.0076661, 0.0025792
0.00751165, 0.00252725
0.00736021, 0.00247631
0.00721174, 0.00242638
0.00706614, 0.0023774
0.00692338, 0.00232938
0.00678341, 0.0022823
0.00664616, 0.00223613
0.00649895, 0.00218662
0.0063348, 0.00213156
0.00617457, 0.00207749
0.00601831, 0.00202494
0.00586588, 0.00197366
0.00571718, 0.00192363
0.00557214, 0.00187484
0.00543067, 0.00182725
0.00529266, 0.00178082
0.00515805, 0.00173554
0.00502679, 0.00169139
0.00489873, 0.00164829
0.00477385, 0.00160626
0.00465206, 0.0015653
0.00453328, 0.00152534
0.00441745, 0.00148638
0.00430448, 0.00144837
0.00419432, 0.00141131
0.00408691, 0.00137518
0.00398215, 0.00133992
0.00388002, 0.00130556
0.00378043, 0.00127205
0.00368332, 0.00123938
0.00358864, 0.00120754
0.00349633, 0.00117648
0.00340632, 0.00114619
0.00331857, 0.00111666
0.00323302, 0.00108788
0.00314962, 0.00105982
0.00306831, 0.00103247
0.00298904, 0.00100579
0.00291178, 0.000979799
0.00283645, 0.000954446
0.00276303, 0.000929744
0.00269145, 0.000905654
0.00262169, 0.000882191
0.00255369, 0.000859307
0.0024874, 0.000837011
0.0024228, 0.000815266
0.00235982, 0.000794074
0.00229845, 0.000773425
0.00223864, 0.000753297
0.00218035, 0.000733682
0.00212353, 0.000714572
0.00206816, 0.000695936
0.0020142, 0.00067778
0.00196162, 0.00066009
0.00191038, 0.000642847
0.00186045, 0.000626044
0.00181179, 0.000609673
0.00176437, 0.000593723
0.00171817, 0.000578169
0.00167315, 0.000563023
0.00162929, 0.000548265
0.00158654, 0.000533878
0.0015449, 0.00051987
0.00150432, 0.00050621
0.00146479, 0.000492913
0.00142627, 0.000479952
0.00138875, 0.000467328
0.00135219, 0.000455021
0.00131658, 0.000443038
0.00128188, 0.000431361
0.00124807, 0.000419985
0.00121515, 0.000408905
0.00118307, 0.000398112
0.00115182, 0.000387598
0.00112138, 0.000377354
0.00109173, 0.00036738
0.00106284, 0.000357655
0.00103471, 0.000348188
0.00100731, 0.000338968
0.000980615, 0.000329989
0.000954614, 0.000321235
0.000929292, 0.000312719
0.000904628, 0.000304418
0.000880604, 0.000296331
0.000857211, 0.000288461
0.000834422, 0.000280793
0.000812231, 0.000273324
0.000790619, 0.000266053
0.00076957, 0.000258968
0.000749073, 0.000252071
0.00072911, 0.000245353
0.000709668, 0.000238812
0.000690739, 0.000232442
0.000672304, 0.000226238
0.000654351, 0.000220196
0.000636873, 0.000214317
0.000619851, 0.000208588
0.000603276, 0.000203011
0.000587137, 0.000197578
0.000571424, 0.000192292
0.000556122, 0.000187141
0.000541222, 0.000182129
0.000526716, 0.00017725
0.000512591, 0.000172493
0.000498839, 0.000167865
0.000485451, 0.000163362
0.000472415, 0.000158975
