7.04764, 0.168286
7.04715, 0.168286
7.04564, 0.168288
7.0431, 0.168292
7.03956, 0.168297
7.03501, 0.168304
7.02946, 0.168313
7.02293, 0.168325
7.01542, 0.168338
7.00694, 0.168354
6.99752, 0.168373
6.98715, 0.168393
6.97587, 0.168417
6.96368, 0.168444
6.95061, 0.168473
6.93668, 0.168505
6.92191, 0.16854
6.90631, 0.168578
6.88992, 0.168619
6.87276, 0.168662
6.85485, 0.168709
6.83622, 0.168759
6.81689, 0.168811
6.79689, 0.168866
6.77625, 0.168924
6.75499, 0.168985
6.73315, 0.169048
6.71075, 0.169113
6.68782, 0.169181
6.66438, 0.169251
6.64046, 0.169323
6.6161, 0.169397
6.59131, 0.169472
6.56614, 0.16955
6.54059, 0.169629
6.51471, 0.169709
6.48851, 0.169791
6.46202, 0.169874
6.43527, 0.169958
6.40828, 0.170042
6.38108, 0.170128
6.35369, 0.170214
6.32613, 0.170301
6.29843, 0.170388
6.2706, 0.170475
6.24267, 0.170562
6.21466, 0.17065
6.18659, 0.170737
6.15848, 0.170825
6.13034, 0.170912
6.10219, 0.170999
6.07405, 0.171085
6.04594, 0.171171
6.01787, 0.171257
5.98986, 0.171342
5.96192, 0.171426
5.93406, 0.17151
5.9063, 0.171593
5.87864, 0.171675
5.85111, 0.171756
5.82371, 0.171836
5.79645, 0.171916
5.76933, 0.171995
5.74238, 0.172072
5.7156, 0.172149
5.68899, 0.172225
5.66257, 0.1723
5.63633, 0.172373
5.6103, 0.172446
5.58446, 0.172518
5.55883, 0.172589
5.53342, 0.172658
5.50822, 0.172727
5.48325, 0.172794
5.4585, 0.172861
5.43398, 0.172926
5.40969, 0.172991
5.38563, 0.173054
5.36181, 0.173116
5.33823, 0.173178
5.31489, 0.173238
5.29179, 0.173298
5.26893, 0.173356
5.24632, 0.173413
5.22394, 0.17347
5.20182, 0.173525
5.17994, 0.17358
5.1583, 0.173633
5.13691, 0.173686
5.11576, 0.173738
5.09485, 0.173789
5.07419, 0.173839
5.05376, 0.173889
5.03358, 0.173937
5.01364, 0.173985
4.99393, 0.174032
4.97446, 0.174078
4.95522, 0.174124
4.93622, 0.174169
4.91745, 0.174213
4.89891, 0.174256
4.8684, 0.174328
4.8384, 0.174399
4.80902, 0.174468
4.78024, 0.174536
4.75207, 0.174602
4.72448, 0.174667
4.69746, 0.174731
4.67101, 0.174794
4.64511, 0.174856
4.61976, 0.174917
4.59493, 0.174977
4.57062, 0.175037
4.54681, 0.175096
4.5235, 0.175155
4.50067, 0.175213
4.47831, 0.175271
4.45641, 0.175329
4.43496, 0.175387
4.41395, 0.175445
4.39336, 0.175503
4.37319, 0.175561
4.35342, 0.17562
4.33405, 0.175678
4.31506, 0.175738
4.29645, 0.175797
4.2782, 0.175858
4.26031, 0.175918
4.24276, 0.17598
4.22555, 0.176042
4.20866, 0.176105
4.1921, 0.176169
4.17584, 0.176234
4.15988, 0.1763
4.14422, 0.176367
4.12884, 0.176434
4.11374, 0.176503
4.09891, 0.176574
4.08434, 0.176645
4.07002, 0.176718
4.05596, 0.176791
4.04213, 0.176867
4.02854, 0.176943
4.01518, 0.177021
4.00203, 0.177101
3.98911, 0.177182
3.97639, 0.177264
3.96387, 0.177348
3.95156, 0.177433
3.93943, 0.17752
3.9275, 0.177609
3.91574, 0.177699
3.90416, 0.177791
3.89275, 0.177884
3.88151, 0.17798
3.87043, 0.178076
3.85951, 0.178175
3.84874, 0.178275
3.83812, 0.178377
3.82765, 0.178481
3.81732, 0.178587
3.80712, 0.178694
3.79705, 0.178803
3.78712, 0.178914
3.77731, 0.179027
3.76762, 0.179141
3.75805, 0.179258
3.7486, 0.179376
3.73925, 0.179496
3.73002, 0.179617
3.72089, 0.179741
3.71187, 0.179867
3.70294, 0.179994
3.69411, 0.180123
3.68538, 0.180254
3.67673, 0.180387
3.66818, 0.180521
3.65971, 0.180658
3.65133, 0.180796
3.64302, 0.180936
3.6348, 0.181078
3.62665, 0.181222
3.61857, 0.181368
3.61057, 0.181515
3.60264, 0.181664
3.59478, 0.181815
3.58698, 0.181968
3.57924, 0.182123
3.57157, 0.182279
3.56396, 0.182438
3.5564, 0.182598
3.54891, 0.182759
3.54146, 0.182923
3.53407, 0.183088
3.52674, 0.183255
3.51945, 0.183424
3.51221, 0.183594
3.50501, 0.183766
3.49786, 0.18394
3.49076, 0.184115
3.48369, 0.184293
3.46684, 0.184724
3.45013, 0.185165
3.43363, 0.185614
3.41731, 0.186073
3.40117, 0.18654
3.38519, 0.187016
3.36935, 0.1875
3.35364, 0.187992
3.33804, 0.188492
3.32255, 0.188999
3.30715, 0.189513
3.29183, 0.190033
3.27658, 0.19056
3.26139, 0.191093
3.24625, 0.191631
3.23116, 0.192175
3.2161, 0.192723
3.20106, 0.193276
3.18605, 0.193833
3.17104, 0.194394
3.15605, 0.194957
3.14105, 0.195524
3.12604, 0.196092
3.11103, 0.196662
3.09599, 0.197234
3.08093, 0.197806
3.06585, 0.198379
3.05074, 0.198951
3.03559, 0.199522
3.0204, 0.200092
3.00517, 0.20066
2.9899, 0.201226
2.97458, 0.201789
2.95921, 0.202348
2.94378, 0.202904
2.92831, 0.203454
2.91277, 0.204
2.89718, 0.204539
2.88153, 0.205073
2.86582, 0.205599
2.85005, 0.206118
2.83421, 0.206629
2.81831, 0.207131
2.80235, 0.207624
2.78633, 0.208107
2.77024, 0.20858
2.75408, 0.209042
2.73787, 0.209492
2.72159, 0.209931
2.70525, 0.210357
2.68884, 0.21077
2.67238, 0.211169
2.65585, 0.211554
2.63927, 0.211924
2.62262, 0.212279
2.60592, 0.212619
2.58917, 0.212942
2.57236, 0.213249
2.55549, 0.213539
2.53858, 0.213811
2.52162, 0.214065
2.50461, 0.214301
2.48755, 0.214518
2.47045, 0.214716
2.45331, 0.214895
2.43613, 0.215053
2.41892, 0.215192
2.40167, 0.215309
2.38438, 0.215406
2.36707, 0.215482
2.34973, 0.215536
2.33237, 0.215569
2.31498, 0.21558
2.29757, 0.215568
2.28014, 0.215535
2.2627, 0.215478
2.24525, 0.215399
2.22779, 0.215298
2.21032, 0.215173
2.19285, 0.215025
2.17537, 0.214855
2.1579, 0.214661
2.14043, 0.214443
2.12297, 0.214203
2.10551, 0.213939
2.08807, 0.213652
2.07065, 0.213342
2.05324, 0.213008
2.03585, 0.212652
2.01848, 0.212272
2.00114, 0.21187
1.98383, 0.211444
1.96654, 0.210996
1.94929, 0.210525
1.93208, 0.210032
1.91491, 0.209517
1.89777, 0.208979
1.88068, 0.20842
1.86363, 0.207839
1.84664, 0.207237
1.82545, 0.206455
1.80433, 0.205643
1.7833, 0.204799
1.76237, 0.203923
1.74153, 0.203016
1.72078, 0.202079
1.70015, 0.201112
1.67962, 0.200117
1.6592, 0.199093
1.6389, 0.198041
1.61872, 0.196963
1.59866, 0.195858
1.57873, 0.194728
1.55892, 0.193574
1.53925, 0.192395
1.51971, 0.191194
1.50031, 0.18997
1.48105, 0.188725
1.46193, 0.187459
1.44296, 0.186174
1.42414, 0.184869
1.40547, 0.183546
1.38695, 0.182206
1.36858, 0.180849
1.35037, 0.179477
1.33232, 0.178089
1.31442, 0.176688
1.29669, 0.175273
1.27912, 0.173845
1.26171, 0.172406
1.24447, 0.170956
1.22739, 0.169495
1.21048, 0.168026
1.19374, 0.166547
1.17716, 0.165061
1.16076, 0.163567
1.14452, 0.162067
1.12845, 0.160561
1.11256, 0.159051
1.09683, 0.157536
1.08127, 0.156017
1.06589, 0.154495
1.05067, 0.152971
1.03563, 0.151445
1.02076, 0.149918
1.00605, 0.14839
0.99152, 0.146862
0.977157, 0.145335
0.962963, 0.14381
0.948938, 0.142286
0.935081, 0.140764
0.921391, 0.139245
0.907869, 0.137729
0.894513, 0.136217
0.881323, 0.134709
0.868297, 0.133205
0.855435, 0.131707
0.842737, 0.130214
0.8302, 0.128727
0.817824, 0.127246
0.805609, 0.125772
0.793552, 0.124305
0.781654, 0.122845
0.769912, 0.121392
0.758325, 0.119948
0.746893, 0.118512
0.735615, 0.117084
0.724488, 0.115665
0.713512, 0.114255
0.702685, 0.112855
0.692007, 0.111464
0.681475, 0.110082
0.671089, 0.108711
0.660847, 0.10735
0.650747, 0.105999
0.640789, 0.104658
0.630971, 0.103329
0.621291, 0.10201
0.611749, 0.100702
0.602342, 0.0994046
0.593069, 0.0981188
0.583929, 0.0968443
0.574921, 0.0955811
0.566042, 0.0943295
0.557292, 0.0930894
0.548669, 0.091861
0.540172, 0.0906443
0.531799, 0.0894394
0.523548, 0.0882463
0.515419, 0.087065
0.507409, 0.0858957
0.499518, 0.0847382
0.491743, 0.0835927
0.484084, 0.0824592
0.476539, 0.0813376
0.469107, 0.080228
0.461786, 0.0791303
0.454574, 0.0780447
0.447471, 0.076971
0.440475, 0.0759092
0.429011, 0.0741614
0.417799, 0.0724422
0.406868, 0.0707558
0.396214, 0.069102
0.385829, 0.0674807
0.375709, 0.0658915
0.365846, 0.0643343
0.356234, 0.0628087
0.346869, 0.0613144
0.337744, 0.059851
0.328854, 0.0584182
0.320192, 0.0570156
0.311754, 0.0556428
0.303534, 0.0542995
0.295527, 0.0529852
0.287727, 0.0516996
0.280131, 0.0504421
0.272732, 0.0492124
0.265525, 0.04801
0.258507, 0.0468345
0.251672, 0.0456854
0.245016, 0.0445623
0.238534, 0.0434647
0.232222, 0.0423922
0.226075, 0.0413443
0.22009, 0.0403206
0.214263, 0.0393207
0.208588, 0.038344
0.203063, 0.0373901
0.197684, 0.0364587
0.192446, 0.0355492
0.187347, 0.0346612
0.182382, 0.0337942
0.177548, 0.032948
0.172842, 0.0321219
0.168261, 0.0313156
0.1638, 0.0305287
0.159458, 0.0297608
0.15523, 0.0290114
0.151115, 0.0282802
0.147109, 0.0275667
0.143208, 0.0268707
0.139412, 0.0261916
0.135716, 0.0255291
0.132117, 0.0248829
0.128615, 0.0242525
0.125205, 0.0236377
0.121886, 0.023038
0.118654, 0.0224531
0.115509, 0.0218827
0.112447, 0.0213264
0.109466, 0.0207839
0.106565, 0.020255
0.103741, 0.0197391
0.100991, 0.0192362
0.0983147, 0.0187458
0.0957093, 0.0182677
0.0931731, 0.0178015
0.0907043, 0.017347
0.0883011, 0.0169039
0.0859616, 0.016472
0.0836843, 0.0160509
0.0814675, 0.0156404
0.0793096, 0.0152402
0.0772089, 0.0148502
0.075164, 0.0144699
0.0731734, 0.0140993
0.0712356, 0.0137381
0.0693493, 0.013386
0.067513, 0.0130428
0.0657255, 0.0127083
0.0639854, 0.0123822
0.0622915, 0.0120645
0.0606426, 0.0117548
0.0590374, 0.011453
0.0574747, 0.0111588
0.0559535, 0.0108722
0.0544727, 0.0105928
0.0530311, 0.0103205
0.0516277, 0.0100552
0.0502616, 0.00979665
0.0489316, 0.00954468
0.0476369, 0.00929913
0.0463765, 0.00905985
0.0451495, 0.00882668
0.043955, 0.00859946
0.0427922, 0.00837804
0.0416601, 0.00816228
0.0405581, 0.00795204
0.0394852, 0.00774717
0.0384407, 0.00754754
0.0374238, 0.00735301
0.0364339, 0.00716347
0.0354702, 0.00697877
0.0345319, 0.00679881
0.0336185, 0.00662344
0.0327293, 0.00645257
0.0318635, 0.00628607
0.0310207, 0.00612384
0.0302001, 0.00596576
0.0294013, 0.00581174
0.0286235, 0.00566166
0.0278663, 0.00551543
0.0271291, 0.00537295
0.0264114, 0.00523413
0.0257127, 0.00509887
0.0250324, 0.00496708
0.0243701, 0.00483867
0.0237253, 0.00471356
0.0230975, 0.00459166
0.0224863, 0.00447289
0.0218912, 0.00435717
0.0213118, 0.00424442
0.0207477, 0.00413457
0.0201985, 0.00402755
0.0196637, 0.00392328
0.0191431, 0.00382168
0.0186362, 0.00372269
0.0181427, 0.00362624
0.0176622, 0.00353227
0.0171943, 0.00344071
0.0167388, 0.0033515
0.0162952, 0.00326459
0.0158634, 0.0031799
0.015443, 0.00309739
0.0150336, 0.003017
0.014635, 0.00293867
0.0142469, 0.00286236
0.013869, 0.00278801
0.0135011, 0.00271556
0.0131429, 0.00264498
0.0127941, 0.00257621
0.0124545, 0.00250921
0.0121238, 0.00244393
0.0118018, 0.00238032
0.0114883, 0.00231836
0.0111831, 0.00225798
0.0108859, 0.00219916
0.0105965, 0.00214185
0.0103147, 0.00208601
0.0100403, 0.00203162
0.00977315, 0.00197862
0.00951301, 0.00192698
0.00925971, 0.00187667
0.00901307, 0.00182765
0.00877291, 0.00177989
0.00853906, 0.00173336
0.00831136, 0.00168802
0.00808964, 0.00164385
0.00787373, 0.00160082
0.00766349, 0.00155889
0.00745878, 0.00151804
0.00725945, 0.00147824
0.00706535, 0.00143946
0.00687635, 0.00140168
0.00669232, 0.00136487
0.00651311, 0.001329
0.00633861, 0.00129405
0.00616869, 0.00126
0.00600324, 0.00122683
0.00584212, 0.00119451
0.00568523, 0.00116302
0.00553246, 0.00113234
0.0053837, 0.00110244
0.00523884, 0.00107332
0.00509778, 0.00104494
0.00496042, 0.00101729
0.00482666, 0.000990347
0.00469641, 0.000964098
0.00456958, 0.000938524
0.00444607, 0.000913607
0.0043258, 0.000889329
0.00420868, 0.000865675
0.00409464, 0.000842627
0.00398358, 0.000820172
0.00387543, 0.000798293
0.00377012, 0.000776975
0.00366757, 0.000756205
0.00356771, 0.000735968
0.00347046, 0.00071625
0.00337576, 0.000697039
0.00328354, 0.00067832
0.00319374, 0.000660082
0.00310629, 0.000642312
0.00302113, 0.000624998
0.0029382, 0.000608128
0.00285745, 0.000591691
0.0027788, 0.000575676
0.00270222, 0.000560071
0.00262764, 0.000544867
0.00255502, 0.000530053
0.0024843, 0.00051562
0.00241542, 0.000501556
0.00234835, 0.000487853
0.00228304, 0.000474502
0.00221944, 0.000461493
0.0021575, 0.000448817
0.00209718, 0.000436467
0.00203844, 0.000424433
0.00198123, 0.000412708
0.00192553, 0.000401284
0.00187128, 0.000390153
0.00181845, 0.000379307
0.001767, 0.000368739
0.0017169, 0.000358442
0.00166811, 0.000348409
0.00162059, 0.000338633
0.00157432, 0.000329108
0.00152926, 0.000319828
0.00148538, 0.000310786
0.00144264, 0.000301977
0.00140103, 0.000293393
0.0013605, 0.00028503
0.00132104, 0.000276881
0.00128261, 0.000268941
0.00124518, 0.000261205
0.00120873, 0.000253668
0.00117323, 0.000246323
0.00113866, 0.000239165
0.00110499, 0.000232189
0.0010722, 0.000225392
0.00104026, 0.00021877
0.00100916, 0.000212318
0.000978878, 0.000206032
0.000949384, 0.000199906
0.000920658, 0.000193937
0.00089268, 0.00018812
0.000865434, 0.000182452
0.0008389, 0.00017693
0.00081306, 0.000171549
0.000787896, 0.000166306
0.000763389, 0.000161198
0.000739522, 0.000156221
0.000716274, 0.000151369
0.00069363, 0.000146641
0.000671578, 0.000142034
0.000650104, 0.000137546
0.000629192, 0.000133173
0.000608826, 0.000128913
0.000588992, 0.000124761
0.000569676, 0.000120716
0.000550864, 0.000116774
0.000532543, 0.000112933
0.0005147, 0.00010919
0.000497323, 0.000105544
0.0004804, 0.00010199
0.000463918, 9.85277e-05
0.000447866, 9.51538e-05
0.000432234, 9.18663e-05
0.000417009, 8.86629e-05
0.000402181, 8.55415e-05
0.00038774, 8.25e-05
0.000373676, 7.95363e-05
0.000359979, 7.66484e-05
0.000346639, 7.38344e-05
0.000333647, 7.10924e-05
0.000320994, 6.84206e-05
0.00030867, 6.58171e-05
0.000296664, 6.32782e-05
0.000284964, 6.08026e-05
0.000273572, 5.83914e-05
0.000262481, 5.60431e-05
0.00025168, 5.37552e-05
0.000241162, 5.15259e-05
0.000230918, 4.93539e-05
0.000220941, 4.72374e-05
0.000211224, 4.5175e-05
0.000201761, 4.31653e-05
0.000192544, 4.12068e-05
0.000183568, 3.92984e-05
0.000174826, 3.74389e-05
0.000166311, 3.56268e-05
0.000158018, 3.38611e-05
0.000149942, 3.21406e-05
0.000142076, 3.04639e-05
0.000134415, 2.88302e-05
0.000126953, 2.72382e-05
0.000119686, 2.56868e-05
0.000112609, 2.41751e-05
0.000105715, 2.27021e-05
9.90017e-05, 2.12666e-05
9.24629e-05, 1.98679e-05
8.60944e-05, 1.85049e-05
7.98918e-05, 1.71767e-05
7.38507e-05, 1.58824e-05
6.7967e-05, 1.46212e-05
6.22366e-05, 1.33923e-05
5.66553e-05, 1.21947e-05
5.12194e-05, 1.10277e-05
4.59251e-05, 9.89052e-06
4.07686e-05, 8.78239e-06
3.57464e-05, 7.70256e-06
3.08549e-05, 6.65032e-06
2.60908e-05, 5.62496e-06
2.14507e-05, 4.62579e-06
1.69313e-05, 3.65214e-06
1.25296e-05, 2.70336e-06
8.24249e-06, 1.77882e-06
4.06692e-06, 8.77901e-07
0, 0
