7.11121, 0.221667
7.11071, 0.221668
7.10921, 0.22167
7.10668, 0.221675
7.10315, 0.22168
7.09861, 0.221688
7.09308, 0.221696
7.08657, 0.221706
7.07908, 0.221716
7.07062, 0.221727
7.06122, 0.221739
7.05087, 0.221752
7.03961, 0.221764
7.02744, 0.221777
7.01438, 0.22179
7.00046, 0.221803
6.98569, 0.221815
6.9701, 0.221827
6.95371, 0.221839
6.93654, 0.22185
6.91862, 0.22186
6.89997, 0.22187
6.88062, 0.221878
6.8606, 0.221886
6.83992, 0.221893
6.81863, 0.221898
6.79674, 0.221903
6.77428, 0.221906
6.75129, 0.221908
6.72778, 0.221909
6.70379, 0.221909
6.67935, 0.221908
6.65448, 0.221905
6.62921, 0.221901
6.60356, 0.221897
6.57757, 0.221891
6.55126, 0.221884
6.52466, 0.221876
6.49778, 0.221868
6.47067, 0.221858
6.44333, 0.221848
6.4158, 0.221837
6.3881, 0.221825
6.36025, 0.221812
6.33227, 0.221799
6.30419, 0.221786
6.27602, 0.221772
6.24778, 0.221758
6.21951, 0.221744
6.1912, 0.22173
6.16288, 0.221715
6.13458, 0.221701
6.10629, 0.221686
6.07805, 0.221672
6.04986, 0.221658
6.02175, 0.221644
5.99371, 0.221631
5.96577, 0.221618
5.93794, 0.221606
5.91024, 0.221595
5.88266, 0.221584
5.85522, 0.221573
5.82794, 0.221564
5.80081, 0.221556
5.77386, 0.221548
5.74708, 0.221542
5.72049, 0.221537
5.69409, 0.221532
5.66788, 0.221529
5.64189, 0.221528
5.6161, 0.221527
5.59052, 0.221528
5.56517, 0.22153
5.54004, 0.221534
5.51514, 0.221539
5.49046, 0.221545
5.46603, 0.221553
5.44182, 0.221563
5.41786, 0.221574
5.39414, 0.221586
5.37066, 0.221601
5.34742, 0.221616
5.32443, 0.221634
5.30169, 0.221653
5.27919, 0.221674
5.25694, 0.221696
5.23493, 0.221721
5.21318, 0.221746
5.19166, 0.221774
5.1704, 0.221803
5.14938, 0.221834
5.1286, 0.221866
5.10807, 0.221901
5.08778, 0.221937
5.06774, 0.221974
5.04793, 0.222013
5.02836, 0.222054
5.00903, 0.222096
4.98993, 0.22214
4.97107, 0.222186
4.95244, 0.222233
4.92178, 0.222315
4.89164, 0.222401
4.86213, 0.222491
4.83323, 0.222586
4.80493, 0.222684
4.77722, 0.222787
4.75009, 0.222893
4.72353, 0.223003
4.69752, 0.223116
4.67207, 0.223233
4.64714, 0.223353
4.62274, 0.223477
4.59884, 0.223604
4.57544, 0.223734
4.55253, 0.223867
4.5301, 0.224003
4.50812, 0.224142
4.4866, 0.224284
4.46552, 0.224428
4.44487, 0.224575
4.42464, 0.224725
4.40481, 0.224877
4.38538, 0.225031
4.36634, 0.225188
4.34767, 0.225346
4.32938, 0.225508
4.31143, 0.225671
4.29384, 0.225836
4.27658, 0.226003
4.25966, 0.226173
4.24305, 0.226344
4.22675, 0.226517
4.21076, 0.226692
4.19506, 0.226869
4.17965, 0.227048
4.16452, 0.227228
4.14965, 0.22741
4.13506, 0.227594
4.12071, 0.227779
4.10662, 0.227966
4.09277, 0.228155
4.07915, 0.228345
4.06577, 0.228537
4.0526, 0.22873
4.03965, 0.228925
4.02692, 0.229121
4.01438, 0.229319
4.00205, 0.229518
3.98991, 0.229719
3.97795, 0.229922
3.96618, 0.230125
3.95459, 0.230331
3.94317, 0.230537
3.93192, 0.230746
3.92083, 0.230955
3.90989, 0.231166
3.89912, 0.231379
3.88849, 0.231593
3.87801, 0.231808
3.86767, 0.232025
3.85746, 0.232243
3.84739, 0.232463
3.83745, 0.232684
3.82764, 0.232906
3.81795, 0.23313
3.80838, 0.233356
3.79892, 0.233583
3.78958, 0.233811
3.78034, 0.234041
3.77121, 0.234272
3.76219, 0.234505
3.75327, 0.234739
3.74444, 0.234974
3.73571, 0.235211
3.72707, 0.235449
3.71852, 0.235689
3.71006, 0.235931
3.70168, 0.236173
3.69338, 0.236418
3.68516, 0.236663
3.67703, 0.23691
3.66896, 0.237159
3.66097, 0.237409
3.65305, 0.237661
3.64519, 0.237914
3.63741, 0.238168
3.62969, 0.238424
3.62203, 0.238681
3.61443, 0.23894
3.60689, 0.2392
3.59941, 0.239462
3.59198, 0.239725
3.58461, 0.23999
3.57729, 0.240256
3.57002, 0.240523
3.5628, 0.240792
3.55563, 0.241062
3.5485, 0.241334
3.54141, 0.241607
3.53437, 0.241882
3.51757, 0.242547
3.50092, 0.24322
3.48449, 0.243902
3.46824, 0.244591
3.45217, 0.245288
3.43627, 0.245992
3.42051, 0.246704
3.40488, 0.247423
3.38937, 0.248149
3.37398, 0.248882
3.35867, 0.249621
3.34346, 0.250366
3.32831, 0.251117
3.31323, 0.251874
3.29821, 0.252636
3.28324, 0.253403
3.2683, 0.254175
3.25339, 0.25495
3.2385, 0.25573
3.22363, 0.256513
3.20877, 0.2573
3.19392, 0.258088
3.17906, 0.258879
3.16419, 0.259672
3.1493, 0.260465
3.1344, 0.26126
3.11947, 0.262054
3.10452, 0.262848
3.08953, 0.263641
3.07451, 0.264432
3.05945, 0.265222
3.04435, 0.266008
3.0292, 0.266791
3.014, 0.267571
2.99876, 0.268345
2.98346, 0.269115
2.96811, 0.269879
2.9527, 0.270636
2.93723, 0.271386
2.9217, 0.272128
2.90612, 0.272862
2.89047, 0.273587
2.87476, 0.274302
2.85899, 0.275006
2.84315, 0.2757
2.82725, 0.276381
2.81129, 0.27705
2.79526, 0.277706
2.77917, 0.278348
2.76302, 0.278975
2.74681, 0.279587
2.73053, 0.280183
2.71419, 0.280763
2.69779, 0.281325
2.68133, 0.28187
2.66482, 0.282396
2.64824, 0.282903
2.63161, 0.28339
2.61493, 0.283857
2.59819, 0.284304
2.5814, 0.284728
2.56457, 0.285131
2.54768, 0.28551
2.53075, 0.285867
2.51377, 0.2862
2.49675, 0.286509
2.47969, 0.286793
2.4626, 0.287052
2.44546, 0.287285
2.4283, 0.287492
2.4111, 0.287673
2.39387, 0.287827
2.37661, 0.287954
2.35934, 0.288053
2.34203, 0.288124
2.32471, 0.288167
2.30738, 0.288181
2.29002, 0.288167
2.27266, 0.288123
2.25529, 0.28805
2.23791, 0.287948
2.22052, 0.287816
2.20313, 0.287654
2.18575, 0.287462
2.16837, 0.28724
2.15099, 0.286988
2.13362, 0.286706
2.11627, 0.286393
2.09892, 0.28605
2.0816, 0.285677
2.06429, 0.285273
2.04701, 0.284839
2.02975, 0.284375
2.01251, 0.283881
1.99531, 0.283357
1.97813, 0.282804
1.96099, 0.28222
1.94389, 0.281607
1.92683, 0.280965
1.90981, 0.280293
1.88858, 0.279415
1.86741, 0.278495
1.84632, 0.27753
1.82531, 0.276522
1.80439, 0.27547
1.78356, 0.274376
1.76282, 0.273241
1.74217, 0.272065
1.72163, 0.270848
1.7012, 0.269592
1.68087, 0.268297
1.66065, 0.266965
1.64056, 0.265596
1.62058, 0.264191
1.60072, 0.262751
1.58099, 0.261277
1.56138, 0.259769
1.54191, 0.258229
1.52257, 0.256659
1.50337, 0.255058
1.4843, 0.253428
1.46538, 0.251769
1.4466, 0.250084
1.42797, 0.248373
1.40948, 0.246636
1.39114, 0.244876
1.37296, 0.243092
1.35493, 0.241287
1.33705, 0.239461
1.31933, 0.237615
1.30176, 0.235751
1.28436, 0.233868
1.26712, 0.23197
1.25003, 0.230055
1.23311, 0.228126
1.21635, 0.226183
1.19976, 0.224228
1.18333, 0.22226
1.16706, 0.220283
1.15096, 0.218295
1.13502, 0.216299
1.11926, 0.214295
1.10365, 0.212284
1.08822, 0.210267
1.07295, 0.208245
1.05785, 0.206218
1.04291, 0.204188
1.02814, 0.202156
1.01354, 0.200122
0.9991, 0.198086
0.984829, 0.196051
0.970723, 0.194016
0.956781, 0.191982
0.943004, 0.18995
0.929391, 0.187921
0.915941, 0.185895
0.902653, 0.183873
0.889527, 0.181856
0.876562, 0.179844
0.863757, 0.177838
0.851112, 0.175838
0.838625, 0.173845
0.826295, 0.17186
0.814122, 0.169882
0.802104, 0.167913
0.790241, 0.165954
0.778532, 0.164003
0.766974, 0.162063
0.755568, 0.160132
0.744312, 0.158213
0.733205, 0.156304
0.722245, 0.154407
0.711432, 0.152522
0.700764, 0.150649
0.690241, 0.148789
0.679859, 0.146941
0.66962, 0.145106
0.65952, 0.143284
0.649559, 0.141477
0.639736, 0.139682
0.630049, 0.137902
0.620496, 0.136137
0.611077, 0.134385
0.60179, 0.132648
0.592633, 0.130926
0.583606, 0.129219
0.574707, 0.127527
0.565935, 0.125851
0.557287, 0.124189
0.548763, 0.122543
0.540362, 0.120913
0.532081, 0.119298
0.523921, 0.117699
0.515878, 0.116116
0.507952, 0.114548
0.500142, 0.112997
0.492445, 0.111461
0.484862, 0.109941
0.477389, 0.108438
0.470027, 0.10695
0.457958, 0.1045
0.446148, 0.102087
0.434628, 0.0997197
0.423393, 0.0973962
0.412437, 0.0951167
0.401753, 0.0928811
0.391336, 0.090689
0.381179, 0.0885402
0.371278, 0.0864343
0.361625, 0.084371
0.352216, 0.0823499
0.343045, 0.0803704
0.334107, 0.0784323
0.325395, 0.076535
0.316905, 0.074678
0.308632, 0.0728608
0.30057, 0.0710828
0.292714, 0.0693436
0.28506, 0.0676426
0.277602, 0.0659791
0.270336, 0.0643527
0.263257, 0.0627628
0.256361, 0.0612086
0.249643, 0.0596898
0.243099, 0.0582056
0.236724, 0.0567554
0.230514, 0.0553387
0.224466, 0.0539549
0.218574, 0.0526033
0.212836, 0.0512833
0.207247, 0.0499944
0.201804, 0.0487358
0.196502, 0.0475072
0.191339, 0.0463078
0.18631, 0.045137
0.181413, 0.0439943
0.176644, 0.0428791
0.172, 0.0417908
0.167477, 0.0407289
0.163072, 0.0396928
0.158783, 0.038682
0.154607, 0.0376958
0.15054, 0.0367338
0.146579, 0.0357955
0.142723, 0.0348802
0.138967, 0.0339875
0.135311, 0.033117
0.13175, 0.032268
0.128283, 0.0314401
0.124907, 0.0306329
0.12162, 0.0298457
0.118419, 0.0290783
0.115302, 0.02833
0.112268, 0.0276006
0.109313, 0.0268895
0.106436, 0.0261962
0.103635, 0.0255205
0.100907, 0.0248618
0.0982514, 0.0242197
0.0956655, 0.0235939
0.0931477, 0.022984
0.0906963, 0.0223895
0.0883093, 0.0218102
0.0859852, 0.0212455
0.0837224, 0.0206953
0.0815191, 0.0201591
0.0793738, 0.0196365
0.077285, 0.0191274
0.0752513, 0.0186312
0.0732711, 0.0181477
0.071343, 0.0176766
0.0694657, 0.0172176
0.0676379, 0.0167704
0.0658582, 0.0163346
0.0641253, 0.0159101
0.0624381, 0.0154964
0.0607953, 0.0150934
0.0591958, 0.0147007
0.0576383, 0.0143182
0.0561219, 0.0139455
0.0546454, 0.0135825
0.0532077, 0.0132288
0.0518079, 0.0128842
0.0504449, 0.0125486
0.0491178, 0.0122216
0.0478256, 0.011903
0.0465675, 0.0115927
0.0453424, 0.0112905
0.0441495, 0.010996
0.042988, 0.0107092
0.0418571, 0.0104298
0.0407559, 0.0101576
0.0396837, 0.00989249
0.0386397, 0.00963424
0.0376231, 0.00938269
0.0366332, 0.00913765
0.0356693, 0.00889898
0.0347308, 0.0086665
0.033817, 0.00844005
0.0329271, 0.00821949
0.0320607, 0.00800465
0.031217, 0.00779539
0.0303954, 0.00759157
0.0295954, 0.00739306
0.0288165, 0.00719969
0.028058, 0.00701135
0.0273194, 0.00682791
0.0266002, 0.00664924
0.0258999, 0.00647522
0.025218, 0.00630571
0.0245539, 0.00614062
0.0239073, 0.00597982
0.0232777, 0.00582321
0.0226646, 0.00567066
0.0220675, 0.00552209
0.0214862, 0.00537738
0.02092, 0.00523644
0.0203687, 0.00509917
0.0198319, 0.00496546
0.0193092, 0.00483524
0.0188001, 0.0047084
0.0183044, 0.00458486
0.0178217, 0.00446454
0.0173517, 0.00434736
0.0168939, 0.00423322
0.0164482, 0.00412206
0.0160141, 0.00401379
0.0155914, 0.00390834
0.0151798, 0.00380563
0.0147789, 0.00370559
0.0143886, 0.00360816
0.0140085, 0.00351327
0.0136383, 0.00342085
0.0132778, 0.00333083
0.0129268, 0.00324315
0.0125849, 0.00315777
0.012252, 0.0030746
0.0119278, 0.0029936
0.0116121, 0.00291471
0.0113047, 0.00283788
0.0110053, 0.00276304
0.0107137, 0.00269015
0.0104298, 0.00261916
0.0101532, 0.00255001
0.00988396, 0.00248267
0.00962172, 0.00241707
0.00936634, 0.00235319
0.00911764, 0.00229096
0.00887543, 0.00223036
0.00863957, 0.00217134
0.00840987, 0.00211385
0.00818617, 0.00205785
0.00796831, 0.0020033
0.00775615, 0.00195017
0.00754954, 0.00189843
0.00734832, 0.00184803
0.00715236, 0.00179895
0.00696153, 0.00175114
0.00677568, 0.00170458
0.00659468, 0.00165922
0.00641841, 0.00161504
0.00624673, 0.00157201
0.00607955, 0.0015301
0.00591673, 0.00148928
0.00575816, 0.00144952
0.00560374, 0.00141079
0.00545334, 0.00137307
0.00530688, 0.00133633
0.00516423, 0.00130055
0.00502532, 0.00126569
0.00489002, 0.00123174
0.00475826, 0.00119868
0.00462993, 0.00116647
0.00450495, 0.00113511
0.00438323, 0.00110456
0.00426468, 0.0010748
0.00414923, 0.00104581
0.0040368, 0.00101758
0.00392729, 0.000990078
0.00382064, 0.000963292
0.00371678, 0.000937202
0.00361562, 0.000911789
0.0035171, 0.000887036
0.00342116, 0.000862926
0.00332771, 0.000839442
0.0032367, 0.000816568
0.00314806, 0.000794288
0.00306173, 0.000772586
0.00297766, 0.000751447
0.00289577, 0.000730857
0.00281602, 0.000710808
0.00273834, 0.000691288
0.00266268, 0.000672274
0.002589, 0.00065375
0.00251724, 0.000635703
0.00244734, 0.000618122
0.00237926, 0.000600996
0.00231296, 0.000584313
0.00224839, 0.000568064
0.0021855, 0.000552236
0.00212426, 0.00053682
0.0020646, 0.000521803
0.0020065, 0.000507176
0.00194992, 0.000492928
0.00189481, 0.000479048
0.00184113, 0.000465528
0.00178885, 0.000452359
0.00173793, 0.000439532
0.00168834, 0.000427038
0.00164005, 0.000414869
0.001593, 0.000403016
0.00154719, 0.000391471
0.00150257, 0.000380226
0.00145911, 0.000369271
0.00141678, 0.000358601
0.00137555, 0.000348207
0.00133539, 0.000338083
0.00129628, 0.000328221
0.00125819, 0.000318615
0.00122109, 0.000309257
0.00118496, 0.000300143
0.00114976, 0.000291264
0.00111549, 0.000282616
0.0010821, 0.000274191
0.00104958, 0.000265985
0.00101791, 0.000257992
0.000987064, 0.000250206
0.000957019, 0.000242622
0.000927756, 0.000235234
0.000899255, 0.000228037
0.000871494, 0.000221027
0.000844456, 0.000214198
0.000818121, 0.000207546
0.000792466, 0.000201057
0.000767474, 0.00019473
0.000743136, 0.000188573
0.000719433, 0.000182578
0.000696346, 0.00017674
0.00067386, 0.000171053
0.000651959, 0.000165513
0.000630627, 0.000160117
0.00060985, 0.000154861
0.000589613, 0.00014974
0.000569903, 0.000144752
0.000550704, 0.000139893
0.000532005, 0.00013516
0.000513791, 0.000130549
0.000496051, 0.000126057
0.000478772, 0.000121682
0.000461942, 0.000117419
0.00044555, 0.000113267
0.000429583, 0.000109223
0.000414032, 0.000105282
0.000398884, 0.000101444
0.00038413, 9.77051e-05
0.000369759, 9.40627e-05
0.000355762, 9.05145e-05
0.000342122, 8.70487e-05
0.000328832, 8.36627e-05
0.000315889, 8.03688e-05
0.000303286, 7.71668e-05
0.000291012, 7.405e-05
0.000279058, 7.10146e-05
0.000267414, 6.80581e-05
0.000256072, 6.5178e-05
0.000245025, 6.23725e-05
0.000234265, 5.96394e-05
0.000223784, 5.69769e-05
0.000213576, 5.43832e-05
0.000203632, 5.18564e-05
0.000193947, 4.93949e-05
0.000184513, 4.69969e-05
0.000175323, 4.46608e-05
0.000166373, 4.2385e-05
0.000157655, 4.0168e-05
0.000149163, 3.80081e-05
0.000140891, 3.5904e-05
0.000132835, 3.38541e-05
0.000124987, 3.18571e-05
0.000117343, 2.99117e-05
0.000109897, 2.80164e-05
0.000102645, 2.617e-05
9.55806e-05, 2.43712e-05
8.86997e-05, 2.26189e-05
8.19973e-05, 2.09117e-05
7.54689e-05, 1.92485e-05
6.91098e-05, 1.76282e-05
6.29157e-05, 1.60497e-05
5.68823e-05, 1.45119e-05
5.10053e-05, 1.30137e-05
4.52809e-05, 1.15542e-05
3.97049e-05, 1.01323e-05
3.42736e-05, 8.74703e-06
2.89831e-05, 7.39748e-06
2.38298e-05, 6.08271e-06
1.88102e-05, 4.80183e-06
1.39207e-05, 3.55396e-06
9.15805e-06, 2.33825e-06
4.51888e-06, 1.15386e-06
0, 0
