0, 0
0.00105188, 0
0.00206449, 0
0.00303663, 0
0.00396758, 0
0.0048569, 0
0.00570441, 0
0.00651019, 0
0.00727458, 0
0.00799815, 0
0.00868166, 0
0.00932607, 0
0.00993252, 0
0.0105023, 0
0.0110368, 0
0.0115377, 0
0.0120064, 0
0.0124446, 0
0.0128538, 0
0.0132355, 0
0.0135913, 0
0.0139226, 0
0.014231, 0
0.014518, 0
0.014785, 0
0.0150333, 0
0.0152641, 0
0.0154788, 0
0.0156785, 0
0.0158642, 0
0.0160369, 0
0.0161976, 0
0.0163472, 0
0.0164864, 0
0.0166159, 0
0.0167366, 0
0.0168491, 0
0.0169539, 0
0.0170516, 0
0.0171427, 0
0.0172278, 0
0.0173071, 0
0.0173812, 0
0.0174504, 0
0.017515, 0
0.0175754, 0
0.0176319, 0
0.0176847, 0
0.0177341, 0
0.0177804, 0
0.0178238, 0
0.0178643, 0
0.0179021, 0
0.0179373, 0
0.0179698, 0
0.0179998, 0
0.018027, 0
0.0180517, 0
0.0180739, 0
0.0180939, 0
0.0181117, 0
0.0181277, 0
0.0181419, 0
0.0181547, 0
0.0181662, 0
0.0181765, 0
0.0181857, 0
0.0181941, 0
0.0182016, 0
0.0182084, 0
0.0182145, 0
0.0182227, 0
0.0182294, 0
0.0182346, 0
0.0182386, 0
0.0182415, 0
0.0182436, 0
0.0182449, 0
0.0182455, 0
0.0182457, 0
0.0182453, 0
0.0182446, 0
0.0182436, 0
0.0182422, 0
0.0182407, 0
0.0182389, 0
0.0182369, 0
0.0182348, 0
0.0182326, 0
0.0182302, 0
0.0182277, 0
0.0182251, 0
0.0182225, 0
0.0182197, 0
0.0182168, 0
0.0182139, 0
0.0182109, 0
0.0182079, 0
0.0182047, 0
0.0182015, 0
0.0181982, 0
0.0181947, 0
0.0181912, 0
0.0181876, 0
0.0181839, 0
0.0181801, 0
0.0181762, 0
0.0181721, 0
0.0181679, 0
0.0181635, 0
0.018159, 0
0.0181544, 0
0.0181496, 0
0.0181446, 0
0.0181394, 0
0.018134, 0
0.0181285, 0
0.0181227, 0
0.0181168, 0
0.0181106, 0
0.0181042, 0
0.0180975, 0
0.0180906, 0
0.0180835, 0
0.0180762, 0
0.0180685, 0
0.0180607, 0
0.0180526, 0
0.0180442, 0
0.0180355, 0
0.0180265, 0
0.0180173, 0
0.0180078, 0
0.017998, 0
0.017988, 0
0.0179776, 0
0.017967, 0
0.0179561, 0
0.0179449, 0
0.0179334, 0
0.0179216, 0
0.0179034, 0
0.0178845, 0
0.0178651, 0
0.0178449, 0
0.0178242, 0
0.0178028, 0
0.0177808, 0
0.0177582, 0
0.017735, 0
0.0177113, 0
0.0176869, 0
0.017662, 0
0.0176366, 0
0.0176106, 0
0.0175842, 0
0.0175572, 0
0.0175298, 0
0.0175019, 0
0.0174736, 0
0.0174449, 0
0.0174158, 0
0.0173864, 0
0.0173565, 0
0.0173264, 0
0.017296, 0
0.0172652, 0
0.0172343, 0
0.017203, 0
0.0171716, 0
0.01714, 0
0.0171083, 0
0.0170764, 0
0.0170444, 0
0.0170122, 0
0.0169801, 0
0.0169478, 0
0.0169156, 0
0.0168833, 0
0.016851, 0
0.0168188, 0
0.0167866, 0
0.0167545, 0
0.0167225, 0
0.0166906, 0
0.0166588, 0
0.0166272, 0
0.0165957, 0
0.0165644, 0
0.0165333, 0
0.0165024, 0
0.0164718, 0
0.0164413, 0
0.0164111, 0
0.0163812, 0
0.0163515, 0
0.0163221, 0
0.016293, 0
0.0162642, 0
0.0162358, 0
0.0162076, 0
0.0161798, 0
0.0161522, 0
0.0161251, 0
0.0160983, 0
0.0160718, 0
0.0160457, 0
0.0160199, 0
0.0159945, 0
0.0159695, 0
0.0159448, 0
0.0159145, 0
0.0158848, 0
0.0158557, 0
0.0158271, 0
0.0157992, 0
0.0157718, 0
0.015745, 0
0.0157188, 0
0.0156932, 0
0.0156682, 0
0.0156438, 0
0.0156199, 0
0.0155966, 0
0.0155738, 0
0.0155516, 0
0.0155299, 0
0.0155088, 0
0.0154882, 0
0.0154682, 0
0.0154486, 0
0.0154296, 0
0.0154111, 0
0.015393, 0
0.0153755, 0
0.0153584, 0
0.0153417, 0
0.0153256, 0
0.0153098, 0
0.0152945, 0
0.0152797, 0
0.0152652, 0
0.0152512, 0
0.0152375, 0
0.0152243, 0
0.0152114, 0
0.0151989, 0
0.0151867, 0
0.0151749, 0
0.0151635, 0
0.0151524, 0
0.0151416, 0
0.0151311, 0
0.0151209, 0
0.0151111, 0
0.0151015, 0
0.0150922, 0
0.0150832, 0
0.0150744, 0
0.015066, 0
0.0150577, 0
0.0150497, 0
0.015042, 0
0.0150345, 0
0.0150272, 0
0.0150202, 0
0.0150133, 0
0.0150067, 0
0.0150002, 0
0.014994, 0
0.0149879, 0
0.0149821, 0
0.0149764, 0
0.0149708, 0
0.0149655, 0
0.0149603, 0
0.0149553, 0
0.0149504, 0
0.0149456, 0
0.0149411, 0
0.0149366, 0
0.0149309, 0
0.0149254, 0
0.0149201, 0
0.014915, 0
0.0149101, 0
0.0149055, 0
0.014901, 0
0.0148967, 0
0.0148925, 0
0.0148886, 0
0.0148847, 0
0.0148811, 0
0.0148775, 0
0.0148742, 0
0.0148709, 0
0.0148678, 0
0.0148648, 0
0.0148619, 0
0.0148591, 0
0.0148564, 0
0.0148538, 0
0.0148514, 0
0.014849, 0
0.0148467, 0
0.0148445, 0
0.0148424, 0
0.0148404, 0
0.0148384, 0
0.0148365, 0
0.0148347, 0
0.0148329, 0
0.0148313, 0
0.0148296, 0
0.0148281, 0
0.0148266, 0
0.0148251, 0
0.0148237, 0
0.0148223, 0
0.014821, 0
0.0148198, 0
0.0148186, 0
0.0148174, 0
0.0148163, 0
0.0148152, 0
0.0148142, 0
0.0148132, 0
0.0148122, 0
0.0148112, 0
0.0148103, 0
0.0148095, 0
0.0148086, 0
0.0148078, 0
0.014807, 0
0.0148062, 0
0.0148055, 0
0.0148048, 0
0.0148041, 0
0.0148035, 0
0.0148028, 0
0.0148022, 0
0.0148016, 0
0.014801, 0
0.0148005, 0
0.0147999, 0
0.0147994, 0
0.0147989, 0
0.0147984, 0
0.014798, 0
0.0147975, 0
0.0147971, 0
