0.0947237, 0
0.0961973, 0
0.097593, 0
0.0989115, 0
0.100154, 0
0.10132, 0
0.102413, 0
0.103433, 0
0.104381, 0
0.105259, 0
0.106069, 0
0.106812, 0
0.10749, 0
0.108105, 0
0.10866, 0
0.109156, 0
0.109594, 0
0.109979, 0
0.110311, 0
0.110592, 0
0.110825, 0
0.111013, 0
0.111157, 0
0.111259, 0
0.111321, 0
0.111346, 0
0.111336, 0
0.111293, 0
0.111218, 0
0.111114, 0
0.110982, 0
0.110824, 0
0.110643, 0
0.110439, 0
0.110215, 0
0.109972, 0
0.109711, 0
0.109433, 0
0.109142, 0
0.108836, 0
0.108518, 0
0.10819, 0
0.107851, 0
0.107503, 0
0.107148, 0
0.106785, 0
0.106416, 0
0.106042, 0
0.105663, 0
0.105281, 0
0.103528, 0
0.101757, 0
0.100002, 0
0.0982845, 0
0.096616, 0
0.0950021, 0
0.0934437, 0
0.091939, 0
0.090484, 0
0.0890741, 0
0.0877041, 0
0.0863693, 0
0.0850649, 0
0.0837871, 0
0.0825324, 0
0.0812981, 0
0.080082, 0
0.0788825, 0
0.0776986, 0
0.0765297, 0
0.0753756, 0
0.0742365, 0
0.0731127, 0
0.0720048, 0
0.0709135, 0
0.0698397, 0
0.0687843, 0
0.0677481, 0
0.066732, 0
0.0657371, 0
0.0647639, 0
0.0638133, 0
0.062886, 0
0.0619826, 0
0.0611034, 0
0.060249, 0
0.0594196, 0
0.0586153, 0
0.0578364, 0
0.0570828, 0
0.0563544, 0
0.0556512, 0
0.0549728, 0
0.0543191, 0
0.0536897, 0
0.0530842, 0
0.0525022, 0
0.0519432, 0
0.0514067, 0
0.0508922, 0
0.050399, 0
0.0499267, 0
0.0494745, 0
0.049042, 0
0.0486285, 0
0.0482334, 0
0.047856, 0
0.0474958, 0
0.047152, 0
0.0468242, 0
0.0465117, 0
0.046214, 0
0.0459304, 0
0.0456603, 0
0.0454033, 0
0.0451588, 0
0.0449262, 0
0.044705, 0
0.0444949, 0
0.0442952, 0
0.0441055, 0
0.0439253, 0
0.0437543, 0
0.043592, 0
0.043438, 0
0.043292, 0
0.0431534, 0
0.0430221, 0
0.0428977, 0
0.0427797, 0
0.042668, 0
0.0425622, 0
0.042462, 0
0.0423672, 0
0.0422775, 0
0.0421926, 0
0.0421123, 0
0.0420363, 0
0.0419646, 0
0.0418967, 0
0.0418326, 0
0.0417721, 0
0.0417149, 0
0.041661, 0
0.04161, 0
0.041562, 0
0.0415167, 0
0.041474, 0
0.0414338, 0
0.0413959, 0
