0.00611618, 0.0498677
0.00107087, 0.0490203
-0.00396927, 0.0481773
-0.00899933, 0.0473402
-0.0140145, 0.0465108
-0.0190099, 0.0456906
-0.023981, 0.0448816
-0.0289231, 0.0440855
-0.0338319, 0.043304
-0.0387029, 0.042539
-0.0435322, 0.0417923
-0.0483157, 0.0410657
-0.0530496, 0.0403608
-0.0577303, 0.0396795
-0.0623545, 0.0390233
-0.066919, 0.0383936
-0.0714209, 0.037792
-0.0758573, 0.0372196
-0.0802259, 0.0366777
-0.0845243, 0.0361671
-0.0887505, 0.0356887
-0.0929027, 0.0352431
-0.0969793, 0.0348307
-0.100979, 0.0344518
-0.1049, 0.0341064
-0.108743, 0.0337943
-0.112505, 0.0335152
-0.116188, 0.0332685
-0.119789, 0.0330534
-0.12331, 0.0328692
-0.12675, 0.0327147
-0.130109, 0.0325889
-0.133388, 0.0324903
-0.136587, 0.0324177
-0.139707, 0.0323696
-0.142748, 0.0323446
-0.145711, 0.032341
-0.148598, 0.0323574
-0.15141, 0.0323922
-0.154147, 0.0324439
-0.15681, 0.0325111
-0.159402, 0.0325922
-0.161923, 0.0326858
-0.164375, 0.0327907
-0.166759, 0.0329056
-0.169077, 0.0330292
-0.17133, 0.0331604
-0.17352, 0.0332982
-0.175648, 0.0334416
-0.177717, 0.0335897
-0.186325, 0.0342929
-0.193893, 0.0350162
-0.200559, 0.0357229
-0.206451, 0.0363938
-0.211683, 0.0370211
-0.216356, 0.0376046
-0.220557, 0.0381481
-0.22436, 0.0386577
-0.227829, 0.0391399
-0.231015, 0.0396016
-0.233961, 0.0400486
-0.236704, 0.0404861
-0.239273, 0.0409184
-0.241691, 0.0413489
-0.243977, 0.0417801
-0.246147, 0.0422137
-0.248213, 0.0426507
-0.250186, 0.0430918
-0.252073, 0.043537
-0.25388, 0.0439859
-0.255613, 0.044438
-0.257276, 0.0448923
-0.258872, 0.0453478
-0.260404, 0.0458035
-0.261875, 0.0462581
-0.263286, 0.0467104
-0.264639, 0.0471592
-0.265935, 0.0476034
-0.267178, 0.0480417
-0.268367, 0.0484731
-0.269504, 0.0488967
-0.27059, 0.0493116
-0.271628, 0.049717
-0.272618, 0.0501122
-0.273562, 0.0504966
-0.27446, 0.0508697
-0.275316, 0.0512312
-0.27613, 0.0515807
-0.276903, 0.051918
-0.277637, 0.052243
-0.278333, 0.0525555
-0.278994, 0.0528557
-0.279619, 0.0531436
-0.280212, 0.0534192
-0.280773, 0.0536829
-0.281303, 0.0539347
-0.281804, 0.0541749
-0.282278, 0.0544038
-0.282725, 0.0546217
-0.283147, 0.0548289
-0.283545, 0.0550257
-0.283921, 0.0552126
-0.284275, 0.0553898
-0.284608, 0.0555578
-0.284922, 0.0557169
-0.285218, 0.0558674
-0.285496, 0.0560097
-0.285758, 0.0561443
-0.286004, 0.0562713
-0.286236, 0.0563913
-0.286453, 0.0565045
-0.286658, 0.0566112
-0.28685, 0.0567118
-0.287031, 0.0568067
-0.2872, 0.056896
-0.28736, 0.0569801
-0.287509, 0.0570592
-0.287649, 0.0571337
-0.287781, 0.0572037
-0.287905, 0.0572696
-0.288021, 0.0573315
-0.28813, 0.0573897
-0.288232, 0.0574443
-0.288328, 0.0574957
-0.288417, 0.0575439
-0.288501, 0.0575892
-0.28858, 0.0576318
-0.288654, 0.0576717
-0.288724, 0.0577091
-0.288789, 0.0577443
-0.28885, 0.0577773
-0.288907, 0.0578082
-0.288961, 0.0578372
-0.289011, 0.0578644
-0.289058, 0.05789
-0.289102, 0.0579139
-0.289143, 0.0579363
-0.289182, 0.0579574
-0.289218, 0.0579771
-0.289252, 0.0579956
-0.289284, 0.0580129
-0.289314, 0.0580291
-0.289341, 0.0580444
-0.289368, 0.0580586
-0.289392, 0.058072
-0.289415, 0.0580845
-0.289436, 0.0580962
-0.289457, 0.0581072
-0.289475, 0.0581175
-0.289493, 0.0581272
