0.00194682, 0.0158852
-0.0203863, 0.0158577
-0.0428747, 0.0158302
-0.0653211, 0.0158034
-0.0877233, 0.0157773
-0.110079, 0.0157519
-0.132387, 0.0157273
-0.154644, 0.0157037
-0.176848, 0.0156809
-0.198997, 0.0156592
-0.221089, 0.0156386
-0.243123, 0.0156191
-0.265096, 0.0156008
-0.287006, 0.0155836
-0.308851, 0.0155678
-0.33063, 0.0155533
-0.352341, 0.0155401
-0.373981, 0.0155283
-0.395549, 0.015518
-0.417044, 0.0155091
-0.438463, 0.0155018
-0.459805, 0.0154959
-0.481068, 0.0154916
-0.502251, 0.0154889
-0.523352, 0.0154877
-0.54437, 0.0154881
-0.565303, 0.0154902
-0.58615, 0.0154938
-0.606909, 0.015499
-0.627579, 0.0155059
-0.648159, 0.0155143
-0.668648, 0.0155243
-0.689043, 0.0155359
-0.709344, 0.0155491
-0.729551, 0.0155638
-0.749661, 0.0155801
-0.769673, 0.0155978
-0.789587, 0.015617
-0.809402, 0.0156376
-0.829116, 0.0156597
-0.84873, 0.0156831
-0.86824, 0.0157078
-0.887648, 0.0157339
-0.906952, 0.0157611
-0.926152, 0.0157896
-0.945246, 0.0158193
-0.964234, 0.0158501
-0.983115, 0.015882
-1.00189, 0.0159148
-1.02055, 0.0159487
-1.03911, 0.0159834
-1.05756, 0.0160191
-1.0759, 0.0160555
-1.09413, 0.0160927
-1.11225, 0.0161306
-1.13026, 0.0161692
-1.14815, 0.0162084
-1.16594, 0.0162481
-1.18361, 0.0162883
-1.20117, 0.016329
-1.21862, 0.0163701
-1.23596, 0.0164115
-1.25319, 0.0164532
-1.2703, 0.0164952
-1.2873, 0.0165373
-1.30418, 0.0165797
-1.32096, 0.0166221
-1.33762, 0.0166646
-1.35416, 0.0167071
-1.3706, 0.0167495
-1.38692, 0.0167919
-1.40313, 0.0168342
-1.41923, 0.0168763
-1.43521, 0.0169183
-1.45108, 0.0169599
-1.46684, 0.0170014
-1.48249, 0.0170425
-1.49802, 0.0170833
-1.51344, 0.0171237
-1.52876, 0.0171638
-1.54396, 0.0172034
-1.55905, 0.0172425
-1.57403, 0.0172812
-1.5889, 0.0173194
-1.60365, 0.017357
-1.6183, 0.0173941
-1.63284, 0.0174306
-1.64728, 0.0174665
-1.6616, 0.0175017
-1.67581, 0.0175364
-1.68992, 0.0175704
-1.70392, 0.0176037
-1.71782, 0.0176363
-1.7316, 0.0176683
-1.74529, 0.0176995
-1.75886, 0.01773
-1.77233, 0.0177598
-1.7857, 0.0177889
-1.79897, 0.0178172
-1.81213, 0.0178448
-1.82518, 0.0178716
-1.93818, 0.0180785
-2.04333, 0.0182236
-2.1411, 0.0183105
-2.23194, 0.0183458
-2.31633, 0.018338
-2.39473, 0.0182967
-2.46758, 0.018232
-2.53531, 0.0181542
-2.59832, 0.018073
-2.65697, 0.0179976
-2.71163, 0.0179361
-2.7626, 0.0178956
-2.81019, 0.0178815
-2.85467, 0.0178979
-2.89629, 0.0179473
-2.93529, 0.0180304
-2.97188, 0.0181469
-3.00624, 0.018295
-3.03857, 0.0184717
-3.06902, 0.0186737
-3.09774, 0.0188968
-3.12486, 0.0191366
-3.1505, 0.0193886
-3.17479, 0.0196483
-3.19782, 0.0199115
-3.21969, 0.0201742
-3.24048, 0.0204327
-3.26026, 0.0206837
-3.27912, 0.0209245
-3.2971, 0.0211526
-3.31428, 0.0213659
-3.33071, 0.0215627
-3.34642, 0.0217417
-3.36147, 0.0219019
-3.3759, 0.0220427
-3.38974, 0.0221636
-3.40303, 0.0222644
-3.4158, 0.0223452
-3.42808, 0.0224061
-3.43989, 0.0224477
-3.45125, 0.0224705
-3.46219, 0.0224751
-3.47273, 0.0224623
-3.48289, 0.022433
-3.49268, 0.0223881
-3.50212, 0.0223287
-3.51122, 0.0222556
-3.52001, 0.0221701
-3.52849, 0.0220731
-3.53667, 0.0219657
-3.54457, 0.021849
-3.55219, 0.021724
-3.55955, 0.0215917
-3.56666, 0.0214532
-3.57353, 0.0213095
-3.58016, 0.0211613
-3.58657, 0.0210096
-3.59276, 0.0208553
-3.59873, 0.0206991
-3.60451, 0.0205417
-3.61009, 0.0203838
-3.61549, 0.0202261
-3.6207, 0.020069
-3.62574, 0.0199132
-3.63061, 0.0197591
-3.63531, 0.0196071
-3.63986, 0.0194575
-3.64426, 0.0193107
-3.64851, 0.019167
-3.65263, 0.0190266
-3.6566, 0.0188896
-3.66045, 0.0187563
-3.66417, 0.0186266
-3.66777, 0.0185008
-3.67126, 0.0183789
-3.67463, 0.0182608
-3.6779, 0.0181467
-3.68106, 0.0180364
-3.68412, 0.0179299
-3.68709, 0.0178271
-3.68996, 0.0177281
-3.69274, 0.0176326
-3.69544, 0.0175405
-3.69806, 0.0174519
-3.7006, 0.0173664
-3.70306, 0.0172841
-3.70545, 0.0172048
-3.70777, 0.0171283
-3.71003, 0.0170545
-3.71221, 0.0169833
-3.71434, 0.0169144
-3.71641, 0.0168479
-3.71842, 0.0167835
-3.72037, 0.0167212
-3.72227, 0.0166607
-3.72413, 0.0166019
-3.72593, 0.0165448
-3.72769, 0.0164891
-3.7294, 0.0164349
-3.73107, 0.0163818
-3.73549, 0.0162402
-3.73963, 0.0161051
-3.74351, 0.0159746
-3.74717, 0.0158469
-3.75062, 0.0157205
-3.75389, 0.0155941
-3.75699, 0.0154667
-3.75995, 0.0153372
-3.76278, 0.0152049
-3.76548, 0.0150691
-3.76808, 0.0149295
-3.77057, 0.0147854
-3.77298, 0.0146367
-3.7753, 0.0144832
-3.77755, 0.0143246
-3.77973, 0.0141609
-3.78184, 0.0139921
-3.78389, 0.0138182
-3.78588, 0.0136394
-3.78782, 0.0134557
-3.78971, 0.0132673
-3.79155, 0.0130744
-3.79334, 0.0128772
-3.79509, 0.012676
-3.79679, 0.012471
-3.79846, 0.0122626
-3.80008, 0.012051
-3.80167, 0.0118365
-3.80322, 0.0116195
-3.80473, 0.0114003
-3.8062, 0.0111791
-3.80764, 0.0109565
-3.80904, 0.0107325
-3.81041, 0.0105077
-3.81175, 0.0102823
-3.81305, 0.0100566
-3.81432, 0.00983093
-3.81555, 0.0096056
-3.81676, 0.00938089
-3.81793, 0.00915708
-3.81907, 0.00893444
-3.82018, 0.00871322
-3.82126, 0.00849367
-3.82232, 0.00827601
-3.82334, 0.00806046
-3.82433, 0.00784722
-3.8253, 0.00763648
-3.82623, 0.00742843
-3.82714, 0.00722321
-3.82803, 0.00702098
-3.82888, 0.00682186
-3.82972, 0.006626
-3.83052, 0.00643348
-3.8313, 0.00624441
-3.83206, 0.00605887
-3.83279, 0.00587693
-3.8335, 0.00569866
-3.83419, 0.00552411
-3.83486, 0.00535331
-3.8355, 0.00518629
-3.83612, 0.00502308
-3.83672, 0.00486369
-3.83731, 0.00470812
-3.83787, 0.00455637
-3.83841, 0.00440843
-3.83894, 0.00426427
-3.83944, 0.00412389
-3.83993, 0.00398724
-3.84041, 0.00385429
-3.84086, 0.003725
-3.8413, 0.00359933
-3.84173, 0.00347724
-3.84214, 0.00335866
-3.84253, 0.00324354
-3.84292, 0.00313183
-3.84328, 0.00302347
-3.84364, 0.00291838
-3.84398, 0.00281652
-3.84431, 0.00271782
-3.84462, 0.0026222
-3.84493, 0.0025296
-3.84522, 0.00243995
-3.84551, 0.00235318
-3.84578, 0.00226922
-3.84604, 0.00218801
-3.8463, 0.00210947
-3.84654, 0.00203354
-3.84678, 0.00196014
-3.847, 0.0018892
-3.84722, 0.00182067
-3.84743, 0.00175446
-3.84763, 0.00169052
-3.84782, 0.00162878
-3.84801, 0.00156917
-3.84819, 0.00151163
-3.84836, 0.0014561
-3.84853, 0.00140252
-3.84868, 0.00135082
-3.84884, 0.00130095
-3.84899, 0.00125285
-3.84913, 0.00120647
-3.84926, 0.00116174
-3.84939, 0.00111861
-3.84952, 0.00107704
-3.84964, 0.00103696
-3.84976, 0.00099834
-3.84987, 0.000961117
-3.84998, 0.000925249
-3.85008, 0.000890688
-3.85018, 0.000857391
-3.85028, 0.000825314
-3.85037, 0.000794415
-3.85046, 0.000764652
-3.85054, 0.000735987
-3.85062, 0.00070838
-3.8507, 0.000681794
-3.85078, 0.000656194
-3.85085, 0.000631543
-3.85092, 0.000607808
-3.85099, 0.000584957
-3.85105, 0.000562957
-3.85111, 0.000541778
-3.85117, 0.00052139
-3.85123, 0.000501764
-3.85128, 0.000482873
-3.85134, 0.00046469
-3.85139, 0.000447188
-3.85144, 0.000430344
-3.85148, 0.000414132
-3.85153, 0.000398529
-3.85157, 0.000383513
-3.85161, 0.000369063
-3.85165, 0.000355157
-3.85169, 0.000341774
-3.85173, 0.000328896
-3.85176, 0.000316504
-3.8518, 0.00030458
-3.85183, 0.000293105
-3.85186, 0.000282064
-3.85189, 0.00027144
-3.85192, 0.000261217
-3.85195, 0.000251381
-3.85197, 0.000241916
-3.852, 0.000232809
-3.85203, 0.000224047
-3.85205, 0.000215616
-3.85207, 0.000207504
-3.85209, 0.000199699
-3.85212, 0.000192189
-3.85214, 0.000184963
-3.85215, 0.00017801
-3.85217, 0.00017132
-3.85219, 0.000164884
-3.85221, 0.000158691
-3.85223, 0.000152732
-3.85224, 0.000146998
-3.85226, 0.000141481
-3.85227, 0.000136173
-3.85229, 0.000131066
-3.8523, 0.000126151
-3.85231, 0.000121423
-3.85233, 0.000116873
-3.85234, 0.000112495
-3.85235, 0.000108282
-3.85236, 0.000104228
-3.85237, 0.000100328
-3.85238, 9.65748e-05
-3.85239, 9.29632e-05
-3.8524, 8.94878e-05
-3.85241, 8.61436e-05
-3.85242, 8.29255e-05
-3.85243, 7.98287e-05
-3.85244, 7.68484e-05
-3.85244, 7.39805e-05
-3.85245, 7.12207e-05
-3.85246, 6.85648e-05
-3.85247, 6.60089e-05
-3.85247, 6.35491e-05
-3.85248, 6.11819e-05
-3.85248, 5.89039e-05
-3.85249, 5.67113e-05
-3.8525, 5.46013e-05
-3.8525, 5.25704e-05
-3.85251, 5.06158e-05
-3.85251, 4.87347e-05
-3.85252, 4.6924e-05
-3.85252, 4.51813e-05
-3.85253, 4.3504e-05
-3.85253, 4.18896e-05
-3.85253, 4.03357e-05
-3.85254, 3.884e-05
-3.85254, 3.74003e-05
-3.85255, 3.60146e-05
-3.85255, 3.46806e-05
-3.85255, 3.33965e-05
-3.85256, 3.21606e-05
-3.85256, 3.09707e-05
-3.85256, 2.98252e-05
-3.85257, 2.87226e-05
-3.85257, 2.7661e-05
-3.85257, 2.66392e-05
-3.85257, 2.56554e-05
-3.85258, 2.47083e-05
-3.85258, 2.37963e-05
-3.85258, 2.29188e-05
-3.85258, 2.20736e-05
-3.85259, 2.12599e-05
-3.85259, 2.04767e-05
-3.85259, 1.97225e-05
-3.85259, 1.89962e-05
-3.85259, 1.82973e-05
-3.8526, 1.7624e-05
-3.8526, 1.69756e-05
-3.8526, 1.63517e-05
-3.8526, 1.57507e-05
-3.8526, 1.5172e-05
-3.8526, 1.46145e-05
-3.8526, 1.40785e-05
-3.85261, 1.35615e-05
-3.85261, 1.30638e-05
-3.85261, 1.25846e-05
-3.85261, 1.21234e-05
-3.85261, 1.16786e-05
-3.85261, 1.12509e-05
-3.85261, 1.08384e-05
-3.85261, 1.0442e-05
-3.85262, 1.006e-05
-3.85262, 9.69158e-06
-3.85262, 9.33674e-06
-3.85262, 8.99596e-06
-3.85262, 8.66689e-06
-3.85262, 8.34954e-06
-3.85262, 8.04442e-06
-3.85262, 7.75044e-06
-3.85262, 7.46773e-06
-3.85262, 7.19539e-06
-3.85262, 6.93261e-06
-3.85262, 6.67944e-06
-3.85262, 6.4362e-06
-3.85263, 6.20132e-06
-3.85263, 5.97579e-06
-3.85263, 5.75686e-06
-3.85263, 5.5474e-06
-3.85263, 5.34568e-06
-3.85263, 5.15072e-06
-3.85263, 4.96421e-06
-3.85263, 4.78214e-06
-3.85263, 4.60868e-06
-3.85263, 4.43985e-06
-3.85263, 4.27993e-06
-3.85263, 4.12329e-06
-3.85263, 3.97367e-06
-3.85263, 3.83027e-06
-3.85263, 3.69092e-06
-3.85263, 3.5571e-06
-3.85263, 3.42791e-06
-3.85263, 3.30201e-06
-3.85263, 3.18313e-06
-3.85263, 3.06747e-06
-3.85263, 2.95599e-06
-3.85263, 2.84889e-06
-3.85263, 2.74505e-06
-3.85263, 2.64721e-06
-3.85263, 2.55258e-06
-3.85264, 2.45865e-06
-3.85264, 2.36924e-06
-3.85264, 2.28528e-06
-3.85264, 2.20215e-06
-3.85264, 2.12162e-06
-3.85264, 2.04488e-06
-3.85264, 1.97101e-06
-3.85264, 1.89988e-06
-3.85264, 1.83133e-06
-3.85264, 1.76313e-06
-3.85264, 1.70317e-06
-3.85264, 1.6394e-06
-3.85264, 1.57868e-06
-3.85264, 1.52371e-06
-3.85264, 1.46669e-06
-3.85264, 1.41679e-06
-3.85264, 1.36636e-06
-3.85264, 1.31468e-06
-3.85264, 1.27001e-06
-3.85264, 1.2208e-06
-3.85264, 1.18086e-06
-3.85264, 1.13484e-06
-3.85264, 1.09663e-06
-3.85264, 1.05872e-06
-3.85264, 1.01678e-06
-3.85264, 9.80311e-07
-3.85264, 9.43374e-07
-3.85264, 9.15664e-07
-3.85264, 8.78031e-07
-3.85264, 8.50281e-07
-3.85264, 8.20512e-07
-3.85264, 7.88495e-07
-3.85264, 7.55123e-07
-3.85264, 7.37269e-07
-3.85264, 7.05252e-07
-3.85264, 6.75665e-07
-3.85264, 6.52936e-07
-3.85264, 6.35006e-07
-3.85264, 6.12218e-07
-3.85264, 5.91559e-07
-3.85264, 5.67028e-07
-3.85264, 5.54355e-07
-3.85264, 5.21328e-07
-3.85264, 5.04003e-07
-3.85264, 4.98688e-07
-3.85264, 4.67431e-07
-3.85264, 4.61696e-07
-3.85264, 4.21468e-07
-3.85264, 4.38003e-07
-3.85264, 4.04258e-07
-3.85264, 3.9312e-07
-3.85264, 3.67428e-07
-3.85264, 3.65002e-07
-3.85264, 3.60103e-07
-3.85264, 3.44987e-07
-3.85264, 3.26468e-07
-3.85264, 3.15398e-07
-3.85264, 2.95028e-07
-3.85264, 2.88944e-07
-3.85264, 2.92002e-07
-3.85264, 2.79571e-07
-3.85264, 2.69872e-07
-3.85264, 2.63207e-07
-3.85264, 2.38419e-07
-3.85264, 2.38419e-07
-3.85264, 2.30848e-07
-3.85264, 2.26968e-07
-3.85264, 2.06477e-07
-3.85264, 2.10734e-07
-3.85264, 1.88486e-07
-3.85264, 2.14908e-07
-3.85264, 1.88486e-07
-3.85264, 1.93141e-07
-3.85264, 1.88486e-07
-3.85264, 1.57699e-07
-3.85264, 1.68587e-07
-3.85264, 1.46001e-07
-3.85264, 1.57699e-07
-3.85264, 1.39785e-07
-3.85264, 1.51963e-07
-3.85264, 1.39785e-07
-3.85264, 1.39785e-07
-3.85264, 1.3328e-07
-3.85264, 1.26441e-07
-3.85264, 1.03238e-07
-3.85264, 1.39785e-07
-3.85264, 1.1151e-07
-3.85264, 1.51963e-07
-3.85264, 1.19209e-07
-3.85264, 4.21468e-08
-3.85264, 8.42937e-08
-3.85264, 9.42432e-08
-3.85264, 1.03238e-07
-3.85264, 4.21468e-08
-3.85264, 1.03238e-07
-3.85264, 0
-3.85264, -nan
-3.85264, 8.42937e-08
-3.85264, 5.96046e-08
-3.85264, 5.96046e-08
-3.85264, 4.21468e-08
-3.85264, 7.30005e-08
-3.85264, 1.03238e-07
-3.85264, 0
-3.85264, 0
-3.85264, 4.21468e-08
-3.85264, 1.03238e-07
-3.85264, 5.96046e-08
-3.85264, 1.03238e-07
-3.85264, 4.21468e-08
-3.85264, -nan
-3.85264, -nan
-3.85264, 7.30005e-08
-3.85264, -nan
-3.85264, 8.42937e-08
-3.85264, -nan
-3.85264, 4.21468e-08
-3.85264, -nan
-3.85264, 7.30005e-08
-3.85264, -nan
-3.85264, -nan
-3.85264, 7.30005e-08
-3.85264, 9.42432e-08
-3.85264, -nan
-3.85264, 8.42937e-08
-3.85264, -nan
-3.85264, 7.30005e-08
-3.85264, -nan
-3.85264, 5.96046e-08
-3.85264, -nan
-3.85264, -nan
-3.85264, 8.42937e-08
-3.85264, -nan
-3.85264, 4.21468e-08
-3.85264, 4.21468e-08
-3.85264, 7.30005e-08
