0.0301112, 0
-0.0239548, 0
-0.0779899, 0
-0.131935, 0
-0.185733, 0
-0.239326, 0
-0.292658, 0
-0.345675, 0
-0.398323, 0
-0.450551, 0
-0.502311, 0
-0.553555, 0
-0.604239, 0
-0.654322, 0
-0.703763, 0
-0.752529, 0
-0.800584, 0
-0.847899, 0
-0.894447, 0
-0.940205, 0
-0.985149, 0
-1.02926, 0
-1.07253, 0
-1.11494, 0
-1.15648, 0
-1.19715, 0
-1.23694, 0
-1.27585, 0
-1.31387, 0
-1.35101, 0
-1.38728, 0
-1.42268, 0
-1.45721, 0
-1.49089, 0
-1.52373, 0
-1.55573, 0
-1.58692, 0
-1.6173, 0
-1.64689, 0
-1.6757, 0
-1.70375, 0
-1.73106, 0
-1.75764, 0
-1.78351, 0
-1.80869, 0
-1.8332, 0
-1.85704, 0
-1.88025, 0
-1.90284, 0
-1.92482, 0
-1.94621, 0
-1.96704, 0
-1.98731, 0
-2.00704, 0
-2.02626, 0
-2.04497, 0
-2.06319, 0
-2.08095, 0
-2.09824, 0
-2.1151, 0
-2.13153, 0
-2.14754, 0
-2.16315, 0
-2.17838, 0
-2.19324, 0
-2.20773, 0
-2.22188, 0
-2.23569, 0
-2.24917, 0
-2.26235, 0
-2.27521, 0
-2.28779, 0
-2.30008, 0
-2.3121, 0
-2.32385, 0
-2.33535, 0
-2.34661, 0
-2.35762, 0
-2.36841, 0
-2.37897, 0
-2.38932, 0
-2.39946, 0
-2.4094, 0
-2.41915, 0
-2.42871, 0
-2.43808, 0
-2.44729, 0
-2.45632, 0
-2.46519, 0
-2.4739, 0
-2.48246, 0
-2.49086, 0
-2.49913, 0
-2.50725, 0
-2.51524, 0
-2.5231, 0
-2.53083, 0
-2.53843, 0
-2.54592, 0
-2.55329, 0
-2.56055, 0
-2.57123, 0
-2.58168, 0
-2.5919, 0
-2.60191, 0
-2.61171, 0
-2.62131, 0
-2.63072, 0
-2.63994, 0
-2.64899, 0
-2.65786, 0
-2.66657, 0
-2.67513, 0
-2.68353, 0
-2.69178, 0
-2.69989, 0
-2.70786, 0
-2.7157, 0
-2.72341, 0
-2.73099, 0
-2.73845, 0
-2.74579, 0
-2.75302, 0
-2.76013, 0
-2.76714, 0
-2.77404, 0
-2.78083, 0
-2.78753, 0
-2.79413, 0
-2.80062, 0
-2.80703, 0
-2.81334, 0
-2.81957, 0
-2.8257, 0
-2.83175, 0
-2.83772, 0
-2.8436, 0
-2.8494, 0
-2.85512, 0
-2.86076, 0
-2.86633, 0
-2.87182, 0
-2.87723, 0
-2.88257, 0
-2.88784, 0
-2.89304, 0
-2.89817, 0
-2.90323, 0
-2.90823, 0
-2.91315, 0
-2.91801, 0
-2.92281, 0
-2.92754, 0
-2.93221, 0
-2.93682, 0
-2.94136, 0
-2.94585, 0
-2.95027, 0
-2.95464, 0
-2.95895, 0
-2.9632, 0
-2.96739, 0
-2.97153, 0
-2.97561, 0
-2.97964, 0
-2.98361, 0
-2.98753, 0
-2.9914, 0
-2.99521, 0
-2.99897, 0
-3.00268, 0
-3.00634, 0
-3.00995, 0
-3.01351, 0
-3.01703, 0
-3.02049, 0
-3.02391, 0
-3.02727, 0
-3.03059, 0
-3.03387, 0
-3.0371, 0
-3.04028, 0
-3.04342, 0
-3.04652, 0
-3.04957, 0
-3.05258, 0
-3.05554, 0
-3.05846, 0
-3.06134, 0
-3.06418, 0
-3.06698, 0
-3.06974, 0
-3.07246, 0
-3.07514, 0
-3.07778, 0
-3.08038, 0
-3.08294, 0
-3.08546, 0
-3.08795, 0
-3.0904, 0
-3.09282, 0
-3.09676, 0
-3.1006, 0
-3.10435, 0
-3.10801, 0
-3.11157, 0
-3.11504, 0
-3.11843, 0
-3.12172, 0
-3.12493, 0
-3.12806, 0
-3.13111, 0
-3.13408, 0
-3.13697, 0
-3.13978, 0
-3.14252, 0
-3.14519, 0
-3.14778, 0
-3.15031, 0
-3.15277, 0
-3.15516, 0
-3.15749, 0
-3.15975, 0
-3.16195, 0
-3.16409, 0
-3.16618, 0
-3.1682, 0
-3.17017, 0
-3.17209, 0
-3.17395, 0
-3.17576, 0
-3.17752, 0
-3.17923, 0
-3.18089, 0
-3.18251, 0
-3.18407, 0
-3.1856, 0
-3.18708, 0
-3.18852, 0
-3.18992, 0
-3.19128, 0
-3.1926, 0
-3.19388, 0
-3.19512, 0
-3.19633, 0
-3.19751, 0
-3.19864, 0
-3.19975, 0
-3.20083, 0
-3.20187, 0
-3.20288, 0
-3.20387, 0
-3.20482, 0
-3.20575, 0
-3.20665, 0
-3.20752, 0
-3.20837, 0
-3.20919, 0
-3.20999, 0
-3.21077, 0
-3.21152, 0
-3.21225, 0
-3.21296, 0
-3.21364, 0
-3.21431, 0
-3.21496, 0
-3.21559, 0
-3.2162, 0
-3.21679, 0
-3.21736, 0
-3.21792, 0
-3.21846, 0
-3.21898, 0
-3.21949, 0
-3.21998, 0
-3.22046, 0
-3.22093, 0
-3.22138, 0
-3.22182, 0
-3.22224, 0
-3.22265, 0
-3.22305, 0
-3.22344, 0
-3.22381, 0
-3.22418, 0
-3.22453, 0
-3.22487, 0
-3.22521, 0
-3.22553, 0
-3.22584, 0
-3.22615, 0
-3.22644, 0
-3.22673, 0
-3.227, 0
-3.22727, 0
-3.22753, 0
-3.22779, 0
-3.22803, 0
-3.22827, 0
-3.2285, 0
-3.22872, 0
-3.22975, 0
-3.23063, 0
-3.23138, 0
-3.23203, 0
-3.23259, 0
-3.23307, 0
-3.23348, 0
-3.23384, 0
-3.23414, 0
-3.23441, 0
-3.23463, 0
-3.23483, 0
-3.235, 0
-3.23514, 0
-3.23527, 0
-3.23537, 0
-3.23547, 0
-3.23555, 0
-3.23562, 0
-3.23568, 0
-3.23573, 0
-3.23577, 0
-3.23581, 0
-3.23585, 0
-3.23587, 0
-3.2359, 0
-3.23592, 0
-3.23594, 0
-3.23596, 0
-3.23597, 0
-3.23598, 0
-3.23599, 0
-3.236, 0
-3.23601, 0
-3.23602, 0
-3.23603, 0
-3.23603, 0
-3.23604, 0
-3.23604, 0
-3.23604, 0
-3.23605, 0
-3.23605, 0
-3.23605, 0
-3.23605, 0
-3.23606, 0
-3.23606, 0
-3.23606, 0
-3.23606, 0
-3.23606, 0
-3.23606, 0
-3.23606, 0
-3.23606, 0
-3.23606, 0
-3.23606, 0
-3.23606, 0
-3.23607, 0
-3.23607, 0
-3.23607, 0
-3.23607, 0
-3.23607, 0
-3.23607, 0
-3.23607, 0
-3.23607, 0
-3.23607, 0
-3.23607, 0
-3.23607, 0
-3.23607, 0
-3.23607, 0
-3.23607, 0
-3.23607, 0
-3.23607, 0
-3.23607, 0
-3.23607, 0
-3.23607, 0
-3.23607, 0
-3.23607, 0
-3.23607, 0
-3.23607, 0
-3.23607, 0
-3.23607, 0
-3.23607, 0
-3.23607, 0
-3.23607, 0
-3.23607, 0
-3.23607, 0
-3.23607, 0
-3.23607, 0
-3.23607, 0
-3.23607, 0
-3.23607, 0
-3.23607, 0
-3.23607, 0
-3.23607, 0
-3.23607, 0
-3.23607, 0
-3.23607, 0
-3.23607, 0
-3.23607, 0
-3.23607, 0
-3.23607, 0
-3.23607, 0
-3.23607, 0
-3.23607, 0
-3.23607, 0
-3.23607, 0
-3.23607, 0
-3.23607, 0
-3.23607, 0
-3.23607, 0
-3.23607, 0
-3.23607, 0
-3.23607, 0
-3.23607, 0
-3.23607, 0
-3.23607, 0
-3.23607, 0
-3.23607, 0
-3.23607, 0
-3.23607, 0
-3.23607, 0
-3.23607, 0
-3.23607, 0
-3.23607, 0
-3.23607, 0
-3.23607, 0
-3.23607, 0
-3.23607, 0
-3.23607, 0
-3.23607, 0
-3.23607, 0
-3.23607, 0
-3.23607, 0
-3.23607, 0
-3.23607, 0
-3.23607, 0
-3.23607, 0
-3.23607, 0
-3.23607, 0
-3.23607, 0
-3.23607, 0
-3.23607, 0
-3.23607, 0
-3.23607, 0
-3.23607, 0
-3.23607, 0
-3.23607, 0
-3.23607, 0
-3.23607, 0
-3.23607, 0
-3.23607, 0
-3.23607, 0
-3.23607, 0
-3.23607, 0
-3.23607, 0
-3.23607, 0
-3.23607, 0
-3.23607, 0
-3.23607, 0
-3.23607, 0
-3.23607, 0
-3.23607, 0
-3.23607, 0
-3.23607, 0
-3.23607, 0
-3.23607, 0
-3.23607, 0
-3.23607, 0
-3.23607, 0
-3.23607, 0
-3.23607, 0
-3.23607, 0
-3.23607, 0
-3.23607, 0
-3.23607, 0
-3.23607, 0
-3.23607, 0
-3.23607, 0
-3.23607, 0
-3.23607, 0
-3.23607, 0
-3.23607, 0
-3.23607, 0
-3.23607, 0
-3.23607, 0
-3.23607, 0
-3.23607, 0
-3.23607, 0
-3.23607, 0
-3.23607, 0
-3.23607, 0
-3.23607, 0
-3.23607, 0
-3.23607, 0
-3.23607, 0
-3.23607, 0
-3.23607, 0
-3.23607, 0
-3.23607, 0
-3.23607, 0
-3.23607, 0
-3.23607, 0
-3.23607, 0
-3.23607, 0
-3.23607, 0
-3.23607, 0
-3.23607, 0
-3.23607, 0
-3.23607, 0
-3.23607, 0
-3.23607, 0
-3.23607, 0
-3.23607, 0
-3.23607, 0
-3.23607, 0
-3.23607, 0
-3.23607, 0
-3.23607, 0
-3.23607, 0
-3.23607, 0
-3.23607, 0
-3.23607, 0
-3.23607, 0
-3.23607, 0
-3.23607, 0
-3.23607, 0
-3.23607, 0
-3.23607, 0
-3.23607, 0
-3.23607, 0
-3.23607, 0
-3.23607, 0
-3.23607, 0
-3.23607, 0
-3.23607, 0
-3.23607, 0
-3.23607, 0
-3.23607, 0
-3.23607, 0
-3.23607, 0
-3.23607, 0
-3.23607, 0
-3.23607, 0
-3.23607, 0
-3.23607, 0
-3.23607, 0
-3.23607, 0
-3.23607, 0
-3.23607, 0
-3.23607, 0
-3.23607, 0
-3.23607, 0
-3.23607, 0
-3.23607, 0
-3.23607, 0
-3.23607, 0
-3.23607, 0
-3.23607, 0
-3.23607, 0
-3.23607, 0
-3.23607, 0
-3.23607, 0
-3.23607, 0
-3.23607, 0
-3.23607, 0
-3.23607, 0
-3.23607, 0
-3.23607, 0
-3.23607, 0
-3.23607, 0
-3.23607, 0
-3.23607, 0
-3.23607, 0
-3.23607, 0
-3.23607, 0
-3.23607, 0
-3.23607, 0
-3.23607, 0
-3.23607, 0
-3.23607, 0
-3.23607, 0
-3.23607, 0
-3.23607, 0
-3.23607, 0
-3.23607, 0
-3.23607, 0
-3.23607, 0
-3.23607, 0
-3.23607, 0
-3.23607, 0
-3.23607, 0
-3.23607, 0
-3.23607, 0
-3.23607, 0
-3.23607, 0
-3.23607, 0
-3.23607, 0
-3.23607, 0
-3.23607, 0
-3.23607, 0
-3.23607, 0
-3.23607, 0
-3.23607, 0
-3.23607, 0
-3.23607, 0
-3.23607, 0
-3.23607, 0
-3.23607, 0
-3.23607, 0
-3.23607, 0
-3.23607, 0
-3.23607, 0
-3.23607, 0
-3.23607, 0
-3.23607, 0
-3.23607, 0
-3.23607, 0
-3.23607, 0
-3.23607, 0
-3.23607, 0
-3.23607, 0
-3.23607, 0
-3.23607, 0
-3.23607, 0
-3.23607, 0
-3.23607, 0
-3.23607, 0
-3.23607, 0
-3.23607, 0
-3.23607, 0
-3.23607, 0
-3.23607, 0
-3.23607, 0
-3.23607, 0
-3.23607, 0
-3.23607, 0
-3.23607, 0
-3.23607, 0
-3.23607, 0
-3.23607, 0
-3.23607, 0
-3.23607, 0
-3.23607, 0
-3.23607, 0
-3.23607, 0
-3.23607, 0
-3.23607, 0
-3.23607, 0
-3.23607, 0
-3.23607, 0
-3.23607, 0
-3.23607, 0
-3.23607, 0
-3.23607, 0
-3.23607, 0
-3.23607, 0
-3.23607, 0
-3.23607, 0
-3.23607, 0
-3.23607, 0
-3.23607, 0
-3.23607, 0
-3.23607, 0
-3.23607, 0
-3.23607, 0
-3.23607, 0
-3.23607, 0
-3.23607, 0
-3.23607, 0
-3.23607, 0
-3.23607, 0
-3.23607, 0
-3.23607, 0
-3.23607, 0
-3.23607, 0
-3.23607, 0
-3.23607, 0
-3.23607, 0
-3.23607, 0
-3.23607, 0
-3.23607, 0
-3.23607, 0
-3.23607, 0
-3.23607, 0
-3.23607, 0
-3.23607, 0
-3.23607, 0
-3.23607, 0
-3.23607, 0
-3.23607, 0
-3.23607, 0
-3.23607, 0
-3.23607, 0
-3.23607, 0
-3.23607, 0
-3.23607, 0
-3.23607, 0
-3.23607, 0
-3.23607, 0
-3.23607, 0
-3.23607, 0
