0.00659116, 0.0195728
-0.0199468, 0.0195408
-0.0465802, 0.0195067
-0.0732019, 0.0194689
-0.0998049, 0.0194275
-0.126382, 0.0193825
-0.152927, 0.0193341
-0.179431, 0.0192825
-0.20589, 0.0192276
-0.232294, 0.0191697
-0.258639, 0.0191089
-0.284917, 0.0190452
-0.311121, 0.0189788
-0.337245, 0.0189098
-0.363283, 0.0188384
-0.389228, 0.0187647
-0.415074, 0.0186888
-0.440816, 0.0186108
-0.466446, 0.0185309
-0.491959, 0.0184492
-0.51735, 0.0183659
-0.542613, 0.018281
-0.567742, 0.0181947
-0.592733, 0.0181072
-0.617581, 0.0180185
-0.642279, 0.0179289
-0.666825, 0.0178383
-0.691212, 0.017747
-0.715438, 0.017655
-0.739496, 0.0175626
-0.763385, 0.0174697
-0.787098, 0.0173765
-0.810634, 0.0172832
-0.833988, 0.0171899
-0.857158, 0.0170965
-0.880139, 0.0170034
-0.902929, 0.0169104
-0.925526, 0.0168179
-0.947926, 0.0167258
-0.970127, 0.0166342
-0.992127, 0.0165432
-1.01392, 0.0164529
-1.03552, 0.0163635
-1.0569, 0.0162749
-1.07808, 0.0161872
-1.09904, 0.0161005
-1.1198, 0.0160149
-1.14034, 0.0159305
-1.16068, 0.0158472
-1.18079, 0.0157652
-1.2007, 0.0156845
-1.22038, 0.0156051
-1.23986, 0.0155272
-1.25911, 0.0154506
-1.27815, 0.0153756
-1.29698, 0.015302
-1.31559, 0.01523
-1.33399, 0.0151595
-1.35217, 0.0150907
-1.37014, 0.0150234
-1.38789, 0.0149578
-1.40543, 0.0148938
-1.42276, 0.0148315
-1.43988, 0.0147709
-1.45679, 0.0147119
-1.47349, 0.0146547
-1.48999, 0.0145991
-1.50628, 0.0145452
-1.52236, 0.014493
-1.53824, 0.0144424
-1.55392, 0.0143936
-1.56939, 0.0143464
-1.58467, 0.0143009
-1.59975, 0.014257
-1.61464, 0.0142148
-1.62933, 0.0141742
-1.64383, 0.0141352
-1.65814, 0.0140978
-1.67227, 0.0140619
-1.6862, 0.0140276
-1.69996, 0.0139948
-1.71353, 0.0139635
-1.72692, 0.0139337
-1.74013, 0.0139054
-1.75317, 0.0138785
-1.76603, 0.0138529
-1.77872, 0.0138288
-1.79124, 0.013806
-1.80359, 0.0137845
-1.81578, 0.0137643
-1.82781, 0.0137453
-1.83967, 0.0137276
-1.85137, 0.0137111
-1.86292, 0.0136957
-1.87431, 0.0136815
-1.88555, 0.0136684
-1.89664, 0.0136564
-1.90758, 0.0136454
-1.91838, 0.0136354
-1.92903, 0.0136264
-1.93954, 0.0136184
-2.02805, 0.0135841
-2.10668, 0.0136035
-2.17676, 0.0136585
-2.2395, 0.0137339
-2.29593, 0.013818
-2.34698, 0.0139021
-2.3934, 0.0139798
-2.43587, 0.0140466
-2.47493, 0.0140994
-2.51106, 0.0141363
-2.54463, 0.0141558
-2.57598, 0.0141573
-2.60538, 0.0141402
-2.63307, 0.0141044
-2.65922, 0.0140499
-2.68401, 0.0139769
-2.70757, 0.0138857
-2.73002, 0.0137767
-2.75144, 0.0136503
-2.77192, 0.013507
-2.79154, 0.0133476
-2.81034, 0.0131727
-2.82839, 0.012983
-2.84573, 0.0127794
-2.86238, 0.0125627
-2.8784, 0.0123339
-2.89381, 0.0120939
-2.90863, 0.0118436
-2.9229, 0.0115841
-2.93662, 0.0113164
-2.94983, 0.0110416
-2.96253, 0.0107606
-2.97475, 0.0104745
-2.9865, 0.0101844
-2.9978, 0.0098912
-3.00865, 0.0095959
-3.01908, 0.00929943
-3.0291, 0.0090027
-3.03872, 0.00870655
-3.04795, 0.0084118
-3.0568, 0.0081192
-3.06529, 0.00782946
-3.07342, 0.00754322
-3.08121, 0.00726108
-3.08867, 0.00698358
-3.0958, 0.00671119
-3.10263, 0.00644436
-3.10916, 0.00618344
-3.1154, 0.00592875
-3.12136, 0.00568058
-3.12704, 0.00543914
-3.13248, 0.0052046
-3.13766, 0.00497711
-3.1426, 0.00475675
-3.14731, 0.00454359
-3.1518, 0.00433765
-3.15607, 0.00413892
-3.16014, 0.00394737
-3.16402, 0.00376294
-3.16771, 0.00358554
-3.17122, 0.00341507
-3.17455, 0.00325141
-3.17772, 0.00309444
-3.18074, 0.00294399
-3.1836, 0.00279991
-3.18633, 0.00266204
-3.18891, 0.0025302
-3.19137, 0.00240421
-3.1937, 0.00228389
-3.19591, 0.00216904
-3.19801, 0.00205949
-3.2, 0.00195505
-3.20189, 0.00185552
-3.20368, 0.00176072
-3.20538, 0.00167046
-3.20699, 0.00158457
-3.20852, 0.00150286
-3.20997, 0.00142516
-3.21134, 0.0013513
-3.21265, 0.00128111
-3.21388, 0.00121443
-3.21505, 0.00115111
-3.21616, 0.00109098
-3.2172, 0.00103391
-3.2182, 0.000979746
-3.21914, 0.000928357
-3.22003, 0.000879609
-3.22088, 0.000833376
-3.22168, 0.000789536
-3.22244, 0.000747971
-3.22315, 0.000708569
-3.22383, 0.000671224
-3.22448, 0.000635832
-3.22509, 0.000602295
-3.22567, 0.000570519
-3.22621, 0.000540415
-3.22673, 0.000511898
-3.22722, 0.000484886
-3.22769, 0.000459301
-3.22813, 0.00043507
-3.22923, 0.00037429
-3.23018, 0.000322056
-3.23099, 0.000277175
-3.23169, 0.000238617
-3.2323, 0.000205492
-3.23282, 0.000177031
-3.23326, 0.000152576
-3.23365, 0.000131556
-3.23398, 0.000113486
-3.23426, 9.79448e-05
-3.23451, 8.45749e-05
-3.23472, 7.30681e-05
-3.2349, 6.31603e-05
-3.23506, 5.46255e-05
-3.23519, 4.72697e-05
-3.23531, 4.09268e-05
-3.23541, 3.54546e-05
-3.2355, 3.07308e-05
-3.23558, 2.66512e-05
-3.23564, 2.31256e-05
-3.2357, 2.00773e-05
-3.23575, 1.744e-05
-3.23579, 1.51571e-05
-3.23583, 1.31798e-05
-3.23586, 1.14663e-05
-3.23588, 9.98044e-06
-3.23591, 8.69145e-06
-3.23593, 7.57225e-06
-3.23595, 6.60012e-06
-3.23596, 5.75594e-06
-3.23598, 5.02149e-06
-3.23599, 4.38246e-06
-3.236, 3.82679e-06
-3.23601, 3.34318e-06
-3.23601, 2.92245e-06
-3.23602, 2.55432e-06
-3.23603, 2.23219e-06
-3.23603, 1.95245e-06
-3.23604, 1.70994e-06
-3.23604, 1.49666e-06
-3.23604, 1.30791e-06
-3.23605, 1.14807e-06
-3.23605, 1.00536e-06
-3.23605, 8.77019e-07
-3.23605, 7.73713e-07
-3.23606, 6.76979e-07
-3.23606, 5.96046e-07
-3.23606, 5.16191e-07
-3.23606, 4.57832e-07
-3.23606, 4.02055e-07
-3.23606, 3.57628e-07
-3.23606, 3.03925e-07
-3.23606, 2.79571e-07
-3.23606, 2.30848e-07
-3.23606, 1.97686e-07
-3.23606, 1.88486e-07
-3.23607, 1.57699e-07
-3.23607, 1.68587e-07
-3.23607, 1.19209e-07
-3.23607, 1.03238e-07
-3.23607, 1.19209e-07
-3.23607, 7.30005e-08
-3.23607, 9.42432e-08
-3.23607, 4.21468e-08
-3.23607, 5.96046e-08
-3.23607, -nan
-3.23607, 0
-3.23607, -nan
-3.23607, 8.42937e-08
-3.23607, -nan
-3.23607, 0
-3.23607, 0
-3.23607, 5.96046e-08
-3.23607, 0
-3.23607, 5.96046e-08
-3.23607, 0
-3.23607, 0
-3.23607, -nan
-3.23607, 4.21468e-08
-3.23607, 0
-3.23607, -nan
-3.23607, 0
-3.23607, 4.21468e-08
-3.23607, 4.21468e-08
-3.23607, -nan
-3.23607, 7.30005e-08
-3.23607, -nan
-3.23607, -nan
-3.23607, 0
-3.23607, -nan
-3.23607, 4.21468e-08
-3.23607, 4.21468e-08
-3.23607, -nan
-3.23607, -nan
-3.23607, -nan
-3.23607, -nan
-3.23607, 4.21468e-08
-3.23607, 0
-3.23607, -nan
-3.23607, -nan
-3.23607, -nan
-3.23607, 5.96046e-08
-3.23607, 4.21468e-08
-3.23607, 5.96046e-08
-3.23607, 5.96046e-08
-3.23607, 5.96046e-08
-3.23607, 4.21468e-08
-3.23607, 4.21468e-08
-3.23607, 0
-3.23607, 0
-3.23607, 7.30005e-08
-3.23607, 4.21468e-08
-3.23607, -nan
-3.23607, -nan
-3.23607, -nan
-3.23607, 5.96046e-08
-3.23607, 0
-3.23607, 0
-3.23607, -nan
-3.23607, -nan
-3.23607, -nan
-3.23607, 7.30005e-08
-3.23607, 7.30005e-08
-3.23607, 0
-3.23607, -nan
-3.23607, 0
-3.23607, -nan
-3.23607, 5.96046e-08
-3.23607, -nan
-3.23607, 0
-3.23607, 0
-3.23607, 0
-3.23607, 7.30005e-08
-3.23607, -nan
-3.23607, -nan
-3.23607, 5.96046e-08
-3.23607, 0
-3.23607, -nan
-3.23607, -nan
-3.23607, -nan
-3.23607, 7.30005e-08
-3.23607, -nan
-3.23607, -nan
-3.23607, -nan
-3.23607, -nan
-3.23607, -nan
-3.23607, -nan
-3.23607, -nan
-3.23607, -nan
-3.23607, 4.21468e-08
-3.23607, -nan
-3.23607, -nan
-3.23607, 4.21468e-08
-3.23607, -nan
-3.23607, 0
-3.23607, -nan
-3.23607, -nan
-3.23607, 0
-3.23607, -nan
-3.23607, -nan
-3.23607, 4.21468e-08
-3.23607, -nan
-3.23607, 4.21468e-08
-3.23607, -nan
-3.23607, 7.30005e-08
-3.23607, 0
-3.23607, 4.21468e-08
-3.23607, -nan
-3.23607, 0
-3.23607, 0
-3.23607, -nan
-3.23607, -nan
-3.23607, 5.96046e-08
-3.23607, -nan
-3.23607, -nan
-3.23607, 0
-3.23607, 0
-3.23607, 4.21468e-08
-3.23607, 0
-3.23607, 4.21468e-08
-3.23607, -nan
-3.23607, -nan
-3.23607, 4.21468e-08
-3.23607, 0
-3.23607, 0
-3.23607, 0
-3.23607, 7.30005e-08
-3.23607, 4.21468e-08
-3.23607, -nan
-3.23607, 8.42937e-08
-3.23607, 4.21468e-08
-3.23607, -nan
-3.23607, 0
-3.23607, 0
-3.23607, -nan
-3.23607, 0
-3.23607, -nan
-3.23607, -nan
-3.23607, -nan
-3.23607, 4.21468e-08
-3.23607, 4.21468e-08
-3.23607, -nan
-3.23607, 0
-3.23607, 5.96046e-08
-3.23607, -nan
-3.23607, 8.42937e-08
-3.23607, 4.21468e-08
-3.23607, 7.30005e-08
-3.23607, 0
-3.23607, 0
-3.23607, 4.21468e-08
-3.23607, 5.96046e-08
-3.23607, -nan
-3.23607, 0
-3.23607, 4.21468e-08
-3.23607, 4.21468e-08
-3.23607, -nan
-3.23607, 0
-3.23607, 4.21468e-08
-3.23607, 0
-3.23607, 4.21468e-08
-3.23607, 5.96046e-08
-3.23607, 5.96046e-08
-3.23607, 0
-3.23607, 8.42937e-08
-3.23607, 5.96046e-08
-3.23607, 4.21468e-08
-3.23607, 4.21468e-08
-3.23607, -nan
-3.23607, 5.96046e-08
-3.23607, 0
-3.23607, 4.21468e-08
-3.23607, 5.96046e-08
-3.23607, 0
-3.23607, 8.42937e-08
-3.23607, -nan
-3.23607, 5.96046e-08
-3.23607, 7.30005e-08
-3.23607, 0
-3.23607, 4.21468e-08
-3.23607, 7.30005e-08
-3.23607, 5.96046e-08
-3.23607, 9.42432e-08
-3.23607, 0
-3.23607, 4.21468e-08
-3.23607, -nan
-3.23607, 7.30005e-08
-3.23607, 4.21468e-08
-3.23607, 5.96046e-08
-3.23607, 0
-3.23607, 5.96046e-08
-3.23607, -nan
-3.23607, 5.96046e-08
-3.23607, -nan
-3.23607, 5.96046e-08
-3.23607, 5.96046e-08
-3.23607, 4.21468e-08
-3.23607, 0
-3.23607, 0
-3.23607, -nan
-3.23607, 4.21468e-08
-3.23607, -nan
-3.23607, 0
-3.23607, 0
-3.23607, 0
-3.23607, -nan
-3.23607, -nan
-3.23607, -nan
-3.23607, -nan
-3.23607, -nan
-3.23607, -nan
-3.23607, 0
-3.23607, -nan
-3.23607, 4.21468e-08
-3.23607, -nan
-3.23607, 7.30005e-08
-3.23607, -nan
-3.23607, 0
-3.23607, -nan
-3.23607, 4.21468e-08
-3.23607, 4.21468e-08
-3.23607, -nan
-3.23607, -nan
-3.23607, 7.30005e-08
-3.23607, 5.96046e-08
-3.23607, 4.21468e-08
-3.23607, -nan
-3.23607, -nan
-3.23607, -nan
-3.23607, -nan
-3.23607, -nan
-3.23607, 5.96046e-08
-3.23607, 0
-3.23607, 5.96046e-08
-3.23607, 4.21468e-08
-3.23607, -nan
-3.23607, 0
-3.23607, 7.30005e-08
-3.23607, -nan
-3.23607, -nan
-3.23607, 4.21468e-08
-3.23607, 0
-3.23607, -nan
-3.23607, 4.21468e-08
-3.23607, 0
-3.23607, -nan
-3.23607, -nan
-3.23607, 4.21468e-08
-3.23607, 4.21468e-08
-3.23607, 4.21468e-08
-3.23607, -nan
-3.23607, 0
-3.23607, 0
-3.23607, 0
-3.23607, 4.21468e-08
-3.23607, 5.96046e-08
-3.23607, -nan
-3.23607, 0
-3.23607, -nan
-3.23607, 0
-3.23607, 7.30005e-08
-3.23607, 5.96046e-08
-3.23607, 4.21468e-08
-3.23607, -nan
-3.23607, -nan
-3.23607, 0
-3.23607, -nan
-3.23607, 0
-3.23607, 0
-3.23607, -nan
-3.23607, 0
-3.23607, 5.96046e-08
-3.23607, -nan
-3.23607, 0
-3.23607, 5.96046e-08
-3.23607, 5.96046e-08
-3.23607, -nan
-3.23607, -nan
-3.23607, 0
-3.23607, 4.21468e-08
-3.23607, 5.96046e-08
-3.23607, -nan
-3.23607, -nan
-3.23607, -nan
-3.23607, 0
-3.23607, 4.21468e-08
-3.23607, 5.96046e-08
-3.23607, -nan
-3.23607, -nan
-3.23607, -nan
-3.23607, 1.03238e-07
-3.23607, -nan
-3.23607, 4.21468e-08
-3.23607, 0
-3.23607, -nan
-3.23607, -nan
-3.23607, -nan
-3.23607, -nan
-3.23607, -nan
-3.23607, 5.96046e-08
-3.23607, -nan
-3.23607, 0
-3.23607, 7.30005e-08
-3.23607, -nan
-3.23607, -nan
-3.23607, 0
-3.23607, 5.96046e-08
-3.23607, 4.21468e-08
-3.23607, 4.21468e-08
-3.23607, 0
-3.23607, 0
-3.23607, 4.21468e-08
-3.23607, 4.21468e-08
-3.23607, -nan
-3.23607, 5.96046e-08
-3.23607, 0
-3.23607, 4.21468e-08
-3.23607, -nan
-3.23607, -nan
-3.23607, -nan
-3.23607, -nan
-3.23607, 0
-3.23607, -nan
-3.23607, 4.21468e-08
-3.23607, 4.21468e-08
-3.23607, 1.03238e-07
-3.23607, 1.03238e-07
-3.23607, 7.30005e-08
-3.23607, 7.30005e-08
-3.23607, -nan
-3.23607, 0
-3.23607, -nan
-3.23607, -nan
-3.23607, 0
-3.23607, 5.96046e-08
-3.23607, 7.30005e-08
-3.23607, 4.21468e-08
-3.23607, -nan
-3.23607, 0
-3.23607, 8.42937e-08
