0, 0
8.88199e-05, 6.80206e-07
0.000450309, 2.69036e-06
0.00101512, 6.09181e-06
0.00180438, 1.08602e-05
0.00281865, 1.70206e-05
0.00405753, 2.45899e-05
0.00552054, 3.35862e-05
0.00720717, 4.40298e-05
0.0091169, 5.59441e-05
0.0112489, 6.93453e-05
0.0136022, 8.42661e-05
0.0161761, 0.000100726
0.0189694, 0.000118763
0.0219812, 0.000138383
0.0252101, 0.000159635
0.028655, 0.000182529
0.0323144, 0.000207093
0.036187, 0.000233384
0.0402711, 0.000261412
0.0445652, 0.000291203
0.0490676, 0.000322811
0.0537765, 0.000356283
0.0586899, 0.00039157
0.063806, 0.000428756
0.0691228, 0.000467846
0.0746381, 0.000508943
0.0803499, 0.000551992
0.086256, 0.000597105
0.0923539, 0.000644288
0.0986413, 0.000693429
0.105116, 0.000744645
0.111775, 0.000798023
0.118616, 0.000853456
0.125637, 0.000911085
0.132834, 0.000971004
0.140206, 0.00103308
0.147748, 0.00109746
0.155459, 0.00116398
0.163336, 0.00123276
0.171375, 0.00130391
0.179574, 0.00137733
0.187929, 0.00145301
0.196437, 0.00153106
0.205096, 0.00161141
0.213903, 0.00169435
0.222853, 0.00177959
0.231944, 0.00186735
0.241174, 0.00195728
0.250537, 0.00204972
0.260031, 0.00214432
0.269653, 0.00224138
0.279399, 0.00234068
0.289267, 0.00244246
0.299252, 0.0025468
0.309351, 0.00265351
0.319561, 0.00276276
0.329878, 0.00287443
0.340299, 0.00298829
0.35082, 0.00310465
0.361439, 0.00322331
0.372151, 0.00334427
0.382953, 0.00346766
0.393842, 0.00359343
0.404814, 0.00372139
0.415865, 0.00385181
0.426993, 0.00398443
0.438194, 0.00411949
0.449464, 0.00425686
0.4608, 0.00439639
0.472199, 0.00453758
0.483658, 0.00468169
0.495172, 0.00482766
0.506738, 0.00497559
0.518354, 0.00512568
0.530015, 0.00527828
0.54172, 0.0054336
0.553464, 0.00559094
0.565244, 0.00574979
0.577057, 0.00591192
0.588899, 0.00607553
0.600767, 0.00624062
0.612659, 0.00640729
0.62457, 0.00657596
0.636499, 0.0067468
0.648443, 0.00691895
0.660397, 0.00709337
0.672359, 0.00726947
0.684327, 0.00744729
0.696297, 0.00762719
0.708265, 0.00780834
0.72023, 0.00799139
0.732189, 0.00817595
0.744139, 0.00836199
0.756078, 0.00855003
0.768003, 0.0087388
0.779911, 0.00893007
0.791799, 0.00912226
0.803665, 0.00931569
0.815506, 0.00951045
0.827321, 0.00970743
0.954945, 0.0115352
1.05956, 0.0134614
1.15892, 0.0154349
1.25195, 0.0174232
1.33788, 0.0193952
1.41621, 0.0213218
1.48664, 0.0231769
1.54912, 0.024938
1.60372, 0.0265867
1.65066, 0.0281083
1.69028, 0.0294924
1.72296, 0.0307323
1.74916, 0.0318245
1.76936, 0.0327686
1.78405, 0.0335669
1.79373, 0.0342237
1.79888, 0.0347448
1.79999, 0.0351373
1.79751, 0.0354094
1.79186, 0.0355697
1.78345, 0.0356272
1.77265, 0.0355909
1.75979, 0.03547
1.7452, 0.0352733
1.72917, 0.0350094
1.71194, 0.0346864
1.69376, 0.0343123
1.67483, 0.0338943
1.65535, 0.0334394
1.63547, 0.0329537
1.61536, 0.0324433
1.59513, 0.0319133
1.57491, 0.0313686
1.55479, 0.0308136
1.53486, 0.0302522
1.51519, 0.0296878
1.49586, 0.0291236
1.47691, 0.0285624
1.4584, 0.0280065
1.44035, 0.0274584
1.42281, 0.0269198
1.4058, 0.0263925
1.38934, 0.025878
1.37345, 0.0253777
1.35813, 0.0248929
1.34341, 0.0244247
1.32928, 0.023974
1.31574, 0.0235417
1.30281, 0.0231288
1.29047, 0.0227358
1.27872, 0.0223635
1.26756, 0.0220125
1.25699, 0.0216834
1.24699, 0.0213764
1.23756, 0.021092
1.22869, 0.0208306
1.22037, 0.0205925
1.2126, 0.0203779
1.20536, 0.0201868
1.19864, 0.0200194
1.19244, 0.0198756
1.18674, 0.0197558
1.18154, 0.0196593
1.17682, 0.0195863
1.17258, 0.0195361
1.16881, 0.0195095
1.1655, 0.0195054
1.16263, 0.0195239
1.16021, 0.0195651
1.15822, 0.0196274
1.15665, 0.0197123
1.15551, 0.0198183
1.15477, 0.0199456
1.15444, 0.0200937
1.1545, 0.0202627
1.15496, 0.0204525
1.1558, 0.0206621
1.15702, 0.0208919
1.15862, 0.0211418
1.16058, 0.0214115
1.1629, 0.0217007
1.16559, 0.0220093
1.16863, 0.0223372
1.17202, 0.0226842
1.17576, 0.0230501
1.17984, 0.0234346
1.18426, 0.0238378
1.18901, 0.0242595
1.1941, 0.0246992
1.19952, 0.0251577
1.20527, 0.0256338
1.21134, 0.0261281
1.21773, 0.02664
1.22445, 0.0271696
1.23148, 0.0277167
1.23884, 0.0282811
1.2465, 0.0288626
1.25449, 0.0294614
1.26278, 0.0300778
1.27139, 0.0307118
1.31135, 0.0323537
1.33812, 0.0342966
1.36736, 0.0363735
1.39903, 0.0385845
1.43313, 0.0409298
1.46964, 0.0434083
1.50855, 0.0460177
1.54986, 0.0487539
1.59356, 0.0516107
1.63964, 0.0545797
1.6881, 0.0576501
1.73893, 0.0608089
1.79211, 0.0640406
1.84763, 0.0673282
1.90547, 0.0706525
1.96559, 0.0739933
2.02797, 0.0773293
2.09257, 0.0806381
2.15934, 0.0838972
2.22824, 0.0870831
2.29919, 0.0901725
2.37214, 0.0931418
2.44699, 0.0959677
2.52367, 0.098627
2.60205, 0.101098
2.68204, 0.103357
2.7635, 0.105386
2.84629, 0.107164
2.93028, 0.108672
3.01529, 0.109894
3.10117, 0.110817
3.18773, 0.111427
3.2748, 0.111716
3.36216, 0.111679
3.44963, 0.111316
3.537, 0.11063
3.62405, 0.109633
3.71057, 0.108342
3.79635, 0.106786
3.88115, 0.105003
3.96478, 0.103045
4.04701, 0.100979
4.12763, 0.0988896
4.20645, 0.0968767
4.28324, 0.0950576
4.35783, 0.0935631
4.43, 0.092533
4.49959, 0.0921062
4.56641, 0.0924134
4.63029, 0.0935603
4.69105, 0.0956193
4.74855, 0.098622
4.80265, 0.102559
4.8532, 0.107384
4.9001, 0.113022
4.94326, 0.119382
4.98257, 0.126361
5.01799, 0.133858
5.04945, 0.141771
5.07691, 0.150002
5.10036, 0.158464
5.11977, 0.167076
5.13515, 0.175764
5.14651, 0.184462
5.15389, 0.193114
5.15732, 0.201671
5.15687, 0.210096
5.15261, 0.218356
5.14462, 0.226425
5.133, 0.234281
5.11783, 0.241906
5.09923, 0.249283
5.0773, 0.256395
5.05217, 0.263228
5.02394, 0.269767
4.99276, 0.276
4.95876, 0.281913
4.92206, 0.287495
4.88281, 0.292738
4.84116, 0.29763
4.79726, 0.302166
4.75124, 0.306335
4.70325, 0.310132
4.65344, 0.313551
4.60194, 0.316589
4.54888, 0.319246
4.49441, 0.321523
4.43865, 0.323429
4.38172, 0.324973
4.32376, 0.326168
4.26488, 0.32703
4.20521, 0.327579
4.14486, 0.327835
4.08394, 0.32782
4.02255, 0.327556
3.96079, 0.327065
3.89875, 0.326364
3.83654, 0.325469
3.77423, 0.324391
3.71191, 0.323138
3.64965, 0.321713
3.58753, 0.320118
3.52562, 0.318355
3.46397, 0.316427
3.40266, 0.314339
3.34173, 0.312094
3.28124, 0.309702
3.22122, 0.307173
3.16173, 0.30452
3.1028, 0.301758
3.04448, 0.298899
2.98679, 0.295961
2.92977, 0.29296
2.87345, 0.289911
2.81786, 0.286826
2.76302, 0.283719
2.70894, 0.2806
2.65566, 0.277475
2.60316, 0.274348
2.55147, 0.27122
2.50057, 0.268081
2.45048, 0.26492
2.40119, 0.261725
2.35271, 0.258483
2.30501, 0.255185
2.25811, 0.251831
2.212, 0.248424
2.16666, 0.244982
2.1221, 0.241521
2.07833, 0.238063
2.03535, 0.234624
1.99317, 0.231225
1.9518, 0.22788
1.91127, 0.224599
1.87156, 0.221391
1.8327, 0.218263
1.79467, 0.215216
1.75745, 0.212248
1.72104, 0.209348
1.68541, 0.20651
1.65053, 0.203716
1.61636, 0.200954
1.58289, 0.198208
1.5501, 0.19547
1.51797, 0.192731
1.48649, 0.189994
1.45565, 0.187264
1.42545, 0.184548
1.39589, 0.181855
1.36698, 0.179197
1.33871, 0.176582
1.31108, 0.174013
1.2841, 0.171497
1.25775, 0.169032
1.23202, 0.166618
1.20691, 0.164253
1.1824, 0.161932
1.15845, 0.159651
1.13506, 0.157406
1.1122, 0.155195
1.08985, 0.153016
1.06801, 0.150866
1.04665, 0.148741
1.02576, 0.146638
1.00534, 0.14455
0.985376, 0.142468
0.965849, 0.140386
0.946754, 0.138301
0.928084, 0.136212
0.90984, 0.134122
0.892023, 0.13204
0.874633, 0.129969
0.857668, 0.127923
0.841111, 0.125904
0.824941, 0.12392
0.809129, 0.121978
0.793644, 0.120085
0.77846, 0.118247
0.763553, 0.116468
0.748916, 0.114748
0.734546, 0.113081
0.720453, 0.111455
0.706652, 0.109867
0.693159, 0.108311
0.67999, 0.106791
0.667158, 0.105312
0.654672, 0.103883
0.642531, 0.102513
0.63073, 0.101205
0.619256, 0.0999591
0.608087, 0.0987639
0.597197, 0.0976016
0.586556, 0.0964487
0.576135, 0.0952823
0.565907, 0.0940829
0.555856, 0.0928456
0.545974, 0.0915745
0.536265, 0.0902907
0.526741, 0.0890189
0.517417, 0.0877811
0.508307, 0.0865988
0.499422, 0.0854804
0.490763, 0.0844268
0.482323, 0.0834245
0.474084, 0.0824519
0.466028, 0.0814828
0.458131, 0.0804955
0.450382, 0.0794872
0.442779, 0.07848
0.435334, 0.0775084
0.428055, 0.0766143
0.420935, 0.075815
0.413945, 0.0750862
0.407035, 0.074358
0.400163, 0.0735658
0.393334, 0.0726948
0.386588, 0.0717909
0.379978, 0.0709121
0.373551, 0.0700983
0.367315, 0.0693535
0.361261, 0.0686569
0.355355, 0.0679603
0.349542, 0.0672007
0.343781, 0.0663231
0.338062, 0.065321
0.332406, 0.0642295
0.326842, 0.0631004
0.321401, 0.0619708
0.316095, 0.0608653
0.310929, 0.0597909
0.305901, 0.0587546
0.301007, 0.0577551
0.29624, 0.0567968
0.291597, 0.0558833
0.287073, 0.0550163
0.282665, 0.0541995
0.278372, 0.0534313
0.274197, 0.0527159
0.27014, 0.0520511
0.266206, 0.0514291
0.262384, 0.0508455
0.258663, 0.0502783
0.255018, 0.0497097
0.251432, 0.0491142
0.2479, 0.0484953
0.24443, 0.0478669
0.241038, 0.047251
0.237734, 0.0466665
0.234518, 0.0461232
0.231385, 0.0456281
0.228329, 0.0451764
0.225345, 0.0447732
0.222429, 0.0444051
0.219582, 0.044072
0.216798, 0.0437663
0.214077, 0.0434824
0.211418, 0.0432166
0.20883, 0.0429736
0.206315, 0.0427609
0.203889, 0.0425959
0.201562, 0.0424961
0.199349, 0.0424894
0.197245, 0.0425739
0.195219, 0.0427231
0.193217, 0.0428392
0.191166, 0.0427832
0.189016, 0.0424468
0.186766, 0.0418428
0.184465, 0.0410922
0.182182, 0.0403455
0.179957, 0.0396801
0.177803, 0.0391211
0.175707, 0.0386397
0.173653, 0.0382184
0.171634, 0.0378414
0.169644, 0.037508
0.167679, 0.037203
0.165696, 0.0368653
0.163652, 0.0364163
0.161514, 0.0358153
0.159309, 0.0351156
0.157087, 0.0344099
0.154907, 0.0337768
0.152809, 0.0332409
0.150807, 0.0327953
0.148895, 0.0324161
0.147068, 0.0320837
0.145305, 0.0317792
0.143602, 0.0314948
0.141943, 0.0312238
0.140324, 0.0309684
0.138735, 0.0307249
0.137174, 0.030492
0.135629, 0.0302678
0.134103, 0.0300504
0.132593, 0.0298376
0.131107, 0.0296366
0.129656, 0.0294446
0.128245, 0.0292668
0.126882, 0.0290995
0.125576, 0.0289371
0.124325, 0.0287766
0.12313, 0.0286151
0.121982, 0.0284472
0.120873, 0.0282738
0.119784, 0.0280881
0.118703, 0.0278886
0.117625, 0.0276751
0.116562, 0.0274511
0.115541, 0.0272317
0.114592, 0.0270329
0.113727, 0.0268729
0.112941, 0.026761
0.112199, 0.0267005
0.111451, 0.0266782
0.110663, 0.0266889
0.109833, 0.026718
0.108955, 0.0267492
0.108029, 0.0267531
0.107032, 0.0266801
0.105922, 0.0264655
0.104683, 0.0260777
0.103361, 0.0255706
0.102043, 0.0250302
0.100791, 0.0245146
0.0996547, 0.0240342
0.0986554, 0.0236068
0.0977924, 0.0232284
0.0970424, 0.0228932
0.0963378, 0.0225822
0.0955934, 0.0222736
0.0947341, 0.0219577
0.0937527, 0.0216235
0.0927187, 0.0213252
0.0917118, 0.0210887
0.0907692, 0.0209006
0.089906, 0.0207416
0.0891068, 0.020586
0.0883749, 0.0204361
0.0876956, 0.0202844
0.0870701, 0.0201317
0.0864935, 0.019984
0.0859671, 0.0198491
0.0854758, 0.0197343
0.0850081, 0.0196402
0.0845469, 0.0195721
0.0840796, 0.0195129
0.0836024, 0.0194545
0.0831012, 0.0193829
0.0825798, 0.0192923
0.0820311, 0.0191681
0.0814569, 0.0190128
0.0808634, 0.0188384
0.0802656, 0.0186643
0.0796845, 0.0185033
0.0791243, 0.0183582
0.0785938, 0.0182322
0.0780906, 0.0181177
0.0776065, 0.0180086
0.0771402, 0.0179043
0.0766797, 0.0178056
0.0762183, 0.0177152
0.07575, 0.0176391
0.0752604, 0.0175726
0.0747535, 0.0175178
0.0742249, 0.0174759
0.0736842, 0.0174414
0.0731423, 0.0174177
0.0726028, 0.0174014
0.0720743, 0.0173888
0.0715702, 0.0173748
0.0710803, 0.0173534
0.0706122, 0.0173242
0.0701691, 0.0172845
0.0697384, 0.0172316
0.0693302, 0.0171725
0.0689383, 0.0171051
0.0685587, 0.0170316
0.0681926, 0.0169592
0.0678457, 0.0168793
0.0675079, 0.0168045
0.0671869, 0.0167287
0.0668716, 0.0166707
0.066564, 0.0166235
0.0662584, 0.016587
0.0659725, 0.0165541
0.0656934, 0.016515
0.0654356, 0.016464
0.0651803, 0.0163949
0.0649446, 0.0163168
0.0647264, 0.0162287
0.0645313, 0.0161657
0.0643659, 0.0161594
0.0642187, 0.0162503
0.0640635, 0.0164459
0.0638317, 0.0166736
0.0634961, 0.0168191
0.0630432, 0.0168408
0.0625112, 0.0167742
0.0619454, 0.0166843
