0, 0
0.00179255, 3.15259e-05
0.00710361, 0.000124966
0.0158224, 0.000278789
0.0278247, 0.000491612
0.0429738, 0.000762114
0.0611221, 0.00108892
0.0821122, 0.00147058
0.105779, 0.00190537
0.131949, 0.0023915
0.160446, 0.00292686
0.191089, 0.00350914
0.223693, 0.00413573
0.258073, 0.00480398
0.294046, 0.00551094
0.331429, 0.00625352
0.37004, 0.00702858
0.409703, 0.00783315
0.450244, 0.00866369
0.491499, 0.00951729
0.533303, 0.0103905
0.575504, 0.0112806
0.617954, 0.0121851
0.660512, 0.0131004
0.703047, 0.0140241
0.745433, 0.0149545
0.787556, 0.015889
0.829305, 0.0168263
0.870582, 0.0177627
0.911295, 0.0186983
0.951359, 0.0196309
0.990699, 0.0205592
1.02924, 0.0214818
1.06694, 0.0223976
1.10372, 0.0233053
1.13954, 0.0242042
1.17437, 0.0250929
1.20816, 0.0259706
1.24089, 0.0268364
1.27254, 0.0276894
1.30307, 0.0285287
1.33249, 0.0293534
1.36078, 0.0301629
1.38793, 0.030956
1.41394, 0.0317325
1.43882, 0.0324912
1.46257, 0.0332317
1.48519, 0.0339532
1.5067, 0.0346552
1.5271, 0.0353372
1.54642, 0.0359991
1.56467, 0.0366403
1.58187, 0.0372603
1.59803, 0.0378593
1.61318, 0.0384371
1.62734, 0.0389868
1.64053, 0.0395303
1.65277, 0.0400593
1.66407, 0.0405457
1.67449, 0.041015
1.68404, 0.0414708
1.69275, 0.0419081
1.70063, 0.0423273
1.70771, 0.0427295
1.71402, 0.0431149
1.71958, 0.0434849
1.72442, 0.0438403
1.72856, 0.0441823
1.73202, 0.044512
1.73483, 0.04483
1.73702, 0.0451372
1.7386, 0.0454349
1.7396, 0.0457242
1.74003, 0.046006
1.73993, 0.0462814
1.73931, 0.046551
1.73819, 0.0468162
1.7366, 0.0470775
1.73455, 0.0473355
1.73206, 0.0475914
1.72914, 0.0478456
1.72583, 0.0480986
1.72213, 0.0483514
1.71806, 0.0486041
1.71364, 0.0488574
1.70888, 0.0491115
1.7038, 0.0493669
1.69841, 0.0496234
1.69272, 0.049881
1.68676, 0.0501403
1.68053, 0.0504008
1.67405, 0.050663
1.66733, 0.0509264
1.66037, 0.0511904
1.6532, 0.0514559
1.64582, 0.0517218
1.63824, 0.0519882
1.63048, 0.0522543
1.62254, 0.0525208
1.61443, 0.0527864
1.60616, 0.053051
1.60551, 0.0537531
1.59083, 0.0541813
1.57581, 0.0546015
1.56048, 0.0550138
1.54487, 0.0554199
1.52901, 0.0558101
1.51293, 0.0561799
1.49665, 0.056532
1.48021, 0.0568675
1.46362, 0.0571827
1.4469, 0.0574759
1.43008, 0.0577463
1.41318, 0.0579917
1.3962, 0.0582083
1.37918, 0.0584054
1.36212, 0.0585824
1.34502, 0.058725
1.32792, 0.0588312
1.31083, 0.0589165
1.29376, 0.0589748
1.27671, 0.0590049
1.25971, 0.0590074
1.24275, 0.0589823
1.22585, 0.0589301
1.20902, 0.058851
1.19226, 0.0587458
1.17559, 0.0586144
1.15901, 0.0584578
1.14253, 0.0582759
1.12615, 0.0580706
1.10988, 0.0578415
1.09373, 0.0575899
1.0777, 0.0573167
1.0618, 0.057022
1.04603, 0.0567078
1.03039, 0.0563742
1.0149, 0.0560216
0.999544, 0.0556519
0.984339, 0.0552648
0.969283, 0.0548616
0.954382, 0.0544434
0.939636, 0.0540104
0.925049, 0.0535642
0.910623, 0.0531054
0.89636, 0.0526345
0.882262, 0.0521525
0.868331, 0.0516601
0.854567, 0.0511587
0.840974, 0.050648
0.827551, 0.050129
0.814299, 0.0496036
0.801219, 0.0490706
0.788314, 0.0485327
0.775581, 0.0479886
0.763023, 0.0474397
0.750639, 0.0468865
0.738429, 0.0463298
0.726394, 0.0457702
0.714533, 0.045208
0.702847, 0.044644
0.691334, 0.0440784
0.679995, 0.0435121
0.66883, 0.042945
0.657837, 0.0423779
0.647015, 0.0418112
0.636366, 0.0412455
0.625886, 0.0406807
0.615576, 0.0401173
0.605434, 0.0395557
0.59546, 0.0389962
0.585652, 0.0384396
0.57601, 0.0378857
0.56653, 0.0373336
0.557215, 0.0367857
0.548061, 0.0362414
0.539067, 0.0357009
0.530232, 0.0351645
0.521555, 0.0346322
0.513034, 0.0341044
0.504667, 0.0335811
0.496453, 0.0330625
0.48839, 0.0325491
0.480478, 0.0320405
0.472715, 0.031539
0.465097, 0.031041
0.457625, 0.0305486
0.450296, 0.0300613
0.44311, 0.02958
0.436063, 0.0291045
0.429155, 0.0286348
0.422386, 0.0281707
0.415751, 0.0277138
0.409249, 0.027262
0.402879, 0.0268165
0.39664, 0.0263771
0.390528, 0.0259437
0.384543, 0.0255164
0.378683, 0.0250954
0.372947, 0.0246806
0.367333, 0.0242721
0.361244, 0.0237977
0.348574, 0.0228596
0.336567, 0.0219581
0.3252, 0.0210924
0.314449, 0.0202632
0.304292, 0.0194711
0.294708, 0.0187148
0.285675, 0.0179941
0.277171, 0.0173088
0.269177, 0.0166584
0.261673, 0.016042
0.254639, 0.0154592
0.248058, 0.0149111
0.241909, 0.0143949
0.236179, 0.0139119
0.230847, 0.0134599
0.225899, 0.0130385
0.221319, 0.0126482
0.217091, 0.0122871
0.213201, 0.0119557
0.209636, 0.0116528
0.206382, 0.0113774
0.203423, 0.0111283
0.200751, 0.0109057
0.198351, 0.0107081
0.196213, 0.0105353
0.194325, 0.0103857
0.192677, 0.0102583
0.191259, 0.0101525
0.190061, 0.0100667
0.189074, 0.0100018
0.188287, 0.00995326
0.187695, 0.00992209
0.187287, 0.00990716
0.187056, 0.00990736
0.186996, 0.0099215
0.187098, 0.00994845
0.187356, 0.00998661
0.187764, 0.0100367
0.188314, 0.0100974
0.189002, 0.0101691
0.18982, 0.0102489
0.190762, 0.0103363
0.191825, 0.0104305
0.193004, 0.0105312
0.194295, 0.0106386
0.195693, 0.0107514
0.197193, 0.0108709
0.198791, 0.0109948
0.200483, 0.011123
0.202266, 0.0112554
0.204136, 0.0113911
0.20609, 0.0115309
0.208123, 0.0116731
0.210235, 0.0118188
0.212421, 0.011967
0.214678, 0.0121174
0.217004, 0.0122701
0.219397, 0.012425
0.221853, 0.0125818
0.224371, 0.0127406
0.226948, 0.012901
0.229583, 0.0130626
0.232273, 0.0132257
0.235015, 0.0133894
0.23781, 0.0135551
0.240654, 0.0137214
0.243546, 0.0138892
0.246485, 0.0140576
0.249471, 0.0142267
0.252498, 0.0143965
0.255567, 0.0145668
0.258677, 0.0147379
0.261826, 0.0149095
0.265014, 0.0150819
0.268239, 0.0152535
0.271501, 0.0154266
0.274798, 0.0155989
0.278129, 0.015771
0.281491, 0.015945
0.284886, 0.0161192
0.288313, 0.0162933
0.291771, 0.0164684
0.295256, 0.0166421
0.298771, 0.0168164
0.302314, 0.0169914
0.305884, 0.0171646
0.30948, 0.0173385
0.313103, 0.0175123
0.31675, 0.0176857
0.320423, 0.0178613
0.32412, 0.0180369
0.327841, 0.0182112
0.331583, 0.0183846
0.335348, 0.0185574
0.339134, 0.0187306
0.342941, 0.0189035
0.34677, 0.019076
0.350621, 0.0192479
0.354491, 0.0194206
0.362814, 0.0198108
0.371019, 0.0201672
0.379302, 0.0205217
0.387659, 0.0208742
0.396088, 0.0212249
0.404585, 0.0215734
0.413145, 0.0219194
0.421768, 0.022263
0.43045, 0.0226043
0.439189, 0.0229435
0.447981, 0.0232797
0.456823, 0.0236127
0.465716, 0.0239432
0.474654, 0.0242724
0.483637, 0.0245977
0.492662, 0.0249199
0.501726, 0.0252395
0.510828, 0.0255565
0.519966, 0.0258703
0.529137, 0.0261811
0.538338, 0.0264902
0.547569, 0.0267969
0.556826, 0.0271011
0.566108, 0.0274027
0.575413, 0.0277032
0.584738, 0.0279994
0.594083, 0.028295
0.603445, 0.0285882
0.612821, 0.0288801
0.62221, 0.0291705
0.631611, 0.0294593
0.641021, 0.0297466
0.650439, 0.0300337
0.659862, 0.0303202
0.669288, 0.0306062
0.678715, 0.0308922
0.688143, 0.0311781
0.69757, 0.0314642
0.706991, 0.0317511
0.716408, 0.0320387
0.725816, 0.0323288
0.735216, 0.0326196
0.744605, 0.0329115
0.753983, 0.0332065
0.763345, 0.033504
0.772691, 0.0338043
0.78202, 0.0341079
0.791328, 0.0344153
0.800616, 0.0347275
0.809881, 0.0350433
0.819121, 0.0353635
0.828334, 0.0356892
0.837521, 0.03602
0.846678, 0.0363568
0.855805, 0.0366996
0.864899, 0.0370509
0.873961, 0.0374073
0.882985, 0.0377703
0.891973, 0.0381421
0.900922, 0.038521
0.909832, 0.038908
0.918703, 0.0393045
0.927527, 0.0397096
0.936308, 0.0401233
0.945045, 0.0405468
0.953736, 0.0409798
0.962377, 0.0414225
0.970969, 0.0418755
0.979511, 0.0423389
0.988001, 0.042814
0.996436, 0.0433002
1.00482, 0.0437938
1.01315, 0.0443011
1.02141, 0.0448193
1.02963, 0.0453492
1.03778, 0.0458899
1.04587, 0.0464424
1.05391, 0.0470084
1.06188, 0.047583
1.06978, 0.0481719
1.07762, 0.0487724
1.0854, 0.0493832
1.09311, 0.0500064
1.10075, 0.0506393
1.10832, 0.051285
1.11583, 0.0519466
1.12327, 0.052618
1.13063, 0.0532986
1.13793, 0.0539915
1.14515, 0.0546952
1.1523, 0.0554105
1.15937, 0.0561369
1.16637, 0.0568742
1.1733, 0.0576224
1.18014, 0.0583816
1.18692, 0.0591507
1.19361, 0.0599305
1.20023, 0.0607177
1.20677, 0.0615169
1.21323, 0.0623265
1.21961, 0.063145
1.2259, 0.0639715
1.23212, 0.0648061
1.23826, 0.0656502
1.24432, 0.0665063
1.2503, 0.0673723
1.25619, 0.0682399
1.26199, 0.0691151
1.26772, 0.0700018
1.27337, 0.0708927
1.27893, 0.0717917
1.2844, 0.072698
1.28979, 0.0736133
1.2951, 0.0745297
1.30032, 0.0754548
1.30546, 0.076384
1.31051, 0.0773197
1.31548, 0.0782605
1.32036, 0.0792077
1.32515, 0.0801576
1.32986, 0.081112
1.33449, 0.0820707
1.33903, 0.0830344
1.34348, 0.0840011
1.34784, 0.0849701
1.35212, 0.0859426
1.35632, 0.0869141
1.36042, 0.0878992
1.36445, 0.088873
1.36838, 0.0898552
1.37223, 0.090839
1.37599, 0.0918237
1.37967, 0.0928116
1.38327, 0.0937989
1.38677, 0.094787
1.39019, 0.0957755
1.39353, 0.0967643
1.39678, 0.0977551
1.39995, 0.0987455
1.40303, 0.0997345
1.40603, 0.10072
1.40894, 0.101706
1.41178, 0.102689
1.41452, 0.103676
1.41718, 0.10466
1.41976, 0.105641
1.42226, 0.106621
1.42467, 0.107598
1.42701, 0.108576
1.42926, 0.109548
1.43143, 0.110517
1.43352, 0.111483
1.43552, 0.112447
1.43745, 0.113407
1.4393, 0.114365
1.44106, 0.115319
1.44275, 0.116269
1.44436, 0.117212
1.44589, 0.118151
1.44734, 0.119088
1.44872, 0.120021
1.45002, 0.120948
1.45124, 0.121872
1.45239, 0.122789
1.45346, 0.123701
1.45445, 0.124609
1.45537, 0.125513
1.45622, 0.126406
1.45699, 0.127294
1.45769, 0.128179
1.45832, 0.129051
1.45887, 0.129927
1.45936, 0.130794
1.45977, 0.131653
1.46011, 0.132505
1.46038, 0.13335
1.46059, 0.13419
1.46072, 0.135023
1.46078, 0.135847
1.46078, 0.136669
1.46071, 0.137476
1.46058, 0.138278
1.46038, 0.139076
1.46011, 0.139862
1.45978, 0.14064
1.45938, 0.141413
1.45892, 0.142181
1.4584, 0.142934
1.45782, 0.143688
1.45717, 0.144432
1.45646, 0.145165
1.45569, 0.145883
1.45486, 0.146608
1.45398, 0.147314
1.45303, 0.148013
1.45203, 0.148706
1.45097, 0.149391
1.44984, 0.150067
1.44867, 0.150732
1.44744, 0.151388
1.44615, 0.152038
1.44482, 0.152677
1.44342, 0.153308
1.44197, 0.153931
1.44047, 0.154546
1.43892, 0.155151
1.43731, 0.155747
1.43566, 0.156334
1.43396, 0.156911
1.43221, 0.157478
1.4304, 0.158038
1.42855, 0.158589
1.42665, 0.159126
1.4247, 0.159664
1.42271, 0.160189
1.42067, 0.160697
1.41859, 0.161207
1.41646, 0.161704
1.41429, 0.162185
1.41207, 0.16267
1.40981, 0.163144
1.40751, 0.163599
1.40518, 0.164048
1.40279, 0.164488
1.40036, 0.164929
1.3979, 0.165354
1.3954, 0.165753
1.39286, 0.166154
1.39029, 0.166556
1.38767, 0.166942
1.38501, 0.167319
1.38232, 0.167691
1.37959, 0.168048
1.37683, 0.168397
1.37404, 0.168737
1.37121, 0.169068
1.36834, 0.169391
1.36545, 0.169704
1.36252, 0.170008
1.35955, 0.170303
1.35657, 0.170598
1.35354, 0.170873
1.35049, 0.171142
1.3474, 0.171402
1.34429, 0.171657
1.34115, 0.171899
1.33798, 0.172134
1.33479, 0.172358
1.33156, 0.172572
1.32831, 0.172778
1.32504, 0.172981
1.32173, 0.17317
1.31841, 0.173352
1.31505, 0.173527
1.31167, 0.173694
1.30827, 0.173852
1.30485, 0.174006
1.30141, 0.17414
1.29795, 0.174271
1.29446, 0.174397
1.29095, 0.174514
1.28742, 0.174619
1.28387, 0.174721
1.2803, 0.174816
1.27671, 0.174899
1.27311, 0.174974
1.26948, 0.175042
1.26584, 0.175095
1.26217, 0.175149
1.25849, 0.175195
1.2548, 0.175239
1.25109, 0.175273
1.24736, 0.175289
1.24361, 0.175305
1.23985, 0.175313
1.23608, 0.175313
1.2323, 0.175308
1.2285, 0.175295
1.22468, 0.175274
1.22086, 0.175245
1.21702, 0.175211
1.21316, 0.175171
1.2093, 0.175121
1.20543, 0.175068
1.20156, 0.174993
1.19765, 0.174926
1.19374, 0.174849
1.18983, 0.174763
1.1859, 0.174671
1.18197, 0.174577
1.17804, 0.174482
1.1741, 0.174357
1.17013, 0.174252
1.16616, 0.17413
1.16218, 0.174002
1.1582, 0.173868
1.15421, 0.173729
1.15022, 0.17358
1.14621, 0.173428
1.14221, 0.17327
1.13927, 0.173514
1.13078, 0.173142
1.12228, 0.172744
1.11375, 0.172321
1.10521, 0.171876
1.09666, 0.171407
1.08811, 0.170916
1.07954, 0.170401
1.07097, 0.169865
1.06241, 0.169313
1.05384, 0.168736
1.04527, 0.168141
1.03671, 0.167526
1.02816, 0.166893
1.01962, 0.166242
1.01109, 0.165572
1.00257, 0.164889
0.994065, 0.164188
0.985579, 0.163469
0.97711, 0.162737
0.96866, 0.161989
0.960232, 0.161228
0.951828, 0.160452
0.943448, 0.159663
0.935092, 0.158862
0.926766, 0.158048
0.918468, 0.157222
0.910198, 0.156378
0.901965, 0.155535
0.893757, 0.154674
0.885587, 0.153805
0.877452, 0.152926
0.869349, 0.152038
0.861283, 0.151142
0.853257, 0.15024
0.845269, 0.149324
0.837318, 0.148401
0.82941, 0.14748
0.82154, 0.146545
0.813712, 0.145605
0.805929, 0.144657
0.798183, 0.143702
0.790487, 0.142748
0.782833, 0.141787
0.775224, 0.140823
0.767659, 0.139854
0.760142, 0.138881
0.752677, 0.137898
0.745251, 0.136921
0.737871, 0.135934
0.73054, 0.134945
0.723259, 0.133965
0.716028, 0.132973
0.708843, 0.131981
0.701708, 0.130988
0.694628, 0.129986
0.68759, 0.128993
0.680601, 0.127991
0.67367, 0.127002
0.666784, 0.126002
0.65995, 0.125006
0.653164, 0.124009
0.646432, 0.123012
0.639749, 0.122015
0.633115, 0.12102
0.626538, 0.120028
0.620012, 0.119036
0.613532, 0.118045
0.607103, 0.117055
0.60073, 0.116068
0.594406, 0.115082
0.588132, 0.114095
0.581913, 0.113119
0.575743, 0.112142
0.569622, 0.111165
0.563554, 0.110191
0.557541, 0.109229
0.551574, 0.108256
0.54566, 0.107295
0.539786, 0.106342
0.533981, 0.105379
0.528217, 0.104427
0.522505, 0.103479
0.51684, 0.102535
0.511229, 0.101595
0.505666, 0.100658
0.500155, 0.0997232
0.494694, 0.0988039
0.489276, 0.0978753
0.483918, 0.096954
0.4786, 0.0960402
0.473331, 0.0951311
0.468111, 0.0942265
0.46294, 0.0933269
0.457817, 0.0924319
0.452737, 0.0915435
0.447724, 0.090658
0.442737, 0.0897786
0.437807, 0.088907
0.432921, 0.0880322
0.428086, 0.0871671
0.423285, 0.0863103
0.418543, 0.0854557
0.41384, 0.0846079
0.409182, 0.0837658
0.404575, 0.082925
0.400009, 0.0820957
0.395491, 0.0812691
0.391012, 0.0804488
0.386577, 0.0796344
0.382192, 0.0788233
0.377846, 0.0780198
0.373544, 0.0772219
0.369284, 0.0764298
0.36507, 0.0756479
0.360896, 0.0748676
0.356764, 0.0740916
0.352674, 0.0733209
0.348624, 0.0725572
0.344616, 0.0717985
0.340652, 0.0710503
0.336721, 0.0703071
0.332837, 0.0695644
0.328994, 0.0688279
0.325184, 0.0681013
0.321419, 0.0673784
0.317689, 0.0666622
0.314001, 0.0659508
0.310349, 0.0652462
0.306734, 0.0645447
0.303161, 0.0638497
0.299628, 0.0631609
0.29612, 0.0624775
0.292662, 0.0618087
0.289234, 0.0611377
0.28584, 0.0604711
0.282485, 0.0598129
0.279165, 0.0591605
0.275883, 0.0585097
0.272634, 0.0578617
0.269418, 0.0572322
0.266238, 0.0566044
0.26309, 0.0559779
0.259977, 0.0553584
0.256903, 0.0547439
0.253852, 0.0541337
0.250842, 0.0535313
0.247859, 0.0529309
0.244919, 0.0523515
0.242002, 0.0517609
0.239116, 0.0511808
0.23626, 0.0506035
0.233437, 0.0500311
0.230654, 0.0494807
0.227892, 0.0489141
0.225167, 0.0483561
0.222465, 0.0478075
0.219792, 0.0472656
0.21715, 0.0467281
0.214538, 0.0461957
0.211954, 0.0456685
0.209401, 0.0451461
0.206884, 0.044625
0.204391, 0.0441121
0.20192, 0.0436083
0.199478, 0.043104
0.197057, 0.0426069
0.194669, 0.0421136
0.192312, 0.0416316
0.189983, 0.0411451
0.187673, 0.0406671
0.185391, 0.0401953
0.183135, 0.0397282
0.180904, 0.0392638
0.178698, 0.0388039
0.176515, 0.038345
0.174358, 0.0378932
0.172229, 0.0374464
0.170124, 0.0370162
0.16804, 0.0365798
0.165978, 0.0361459
0.16395, 0.0357252
0.161935, 0.0353019
0.159941, 0.0348834
0.157979, 0.0344677
0.156035, 0.0340574
0.154112, 0.0336528
0.152214, 0.0332647
0.150333, 0.0328701
0.148479, 0.0324735
0.146649, 0.0320808
0.144832, 0.0316968
0.143035, 0.0313172
0.141268, 0.030937
0.139522, 0.0305695
0.137798, 0.0302057
0.136086, 0.0298381
0.134395, 0.029484
0.132721, 0.0291241
0.13107, 0.0287712
0.129234, 0.0283815
0.126934, 0.0278906
0.124676, 0.0274049
0.122455, 0.0269277
0.120274, 0.0264646
0.118129, 0.0260072
0.116021, 0.0255596
0.113945, 0.0251107
0.111904, 0.0246684
0.109903, 0.0242439
0.107933, 0.0238167
0.105993, 0.0233997
0.10409, 0.0229878
0.102218, 0.022584
0.100377, 0.022186
0.0985677, 0.0217944
0.0967868, 0.0214098
0.0950354, 0.0210315
0.093324, 0.0206585
0.0916335, 0.0202919
0.0899728, 0.0199315
0.0883427, 0.0195763
0.0867427, 0.0192295
0.0851677, 0.0188844
0.0836158, 0.0185487
0.0820933, 0.0182174
0.0806007, 0.0178905
0.07913, 0.0175701
0.0776854, 0.0172549
0.0762691, 0.0169434
0.074871, 0.0166322
0.0735044, 0.016343
0.0721575, 0.0160457
0.0708344, 0.0157558
0.0695342, 0.015471
0.0682565, 0.0151911
0.0670015, 0.0149158
0.0657684, 0.0146454
0.0645572, 0.0143794
0.063367, 0.0141181
0.0621993, 0.0138606
0.0610529, 0.0136079
0.0599233, 0.0133599
0.0588146, 0.0131162
0.0577255, 0.0128762
0.056659, 0.0126404
0.0556081, 0.0124086
0.054575, 0.0121808
0.0535603, 0.0119575
0.0525645, 0.0117375
0.051591, 0.0115209
0.0506283, 0.0113087
0.0496842, 0.0111002
0.0487574, 0.0108954
0.047847, 0.0106939
0.0469529, 0.0104959
0.0460754, 0.0103016
0.045218, 0.0101134
0.0443691, 0.00992471
0.0435376, 0.00974006
0.0427208, 0.00955901
0.0419188, 0.0093812
0.0411315, 0.00920634
0.0403584, 0.00903511
0.0396, 0.00886647
0.0388548, 0.00870058
0.0381264, 0.00853519
0.0374043, 0.00837699
0.0366977, 0.00822128
0.0360049, 0.00806731
0.0353245, 0.00791585
0.0346575, 0.00776952
0.0340002, 0.00762128
0.0333563, 0.00747854
0.0327236, 0.00733741
0.032103, 0.00719915
0.0314941, 0.00706364
0.0308954, 0.00693044
0.0303115, 0.00679878
0.0297323, 0.00667061
0.0291662, 0.00654495
0.0286116, 0.00642048
0.0280638, 0.00629944
0.027528, 0.0061794
0.0270022, 0.00606233
0.0264864, 0.00594734
0.0259797, 0.00583475
0.0254874, 0.00572269
0.0249949, 0.00561519
0.0245166, 0.00550967
0.0240457, 0.00540364
0.0235839, 0.00530082
0.0231307, 0.00519859
0.0226857, 0.00509835
0.022249, 0.00500044
0.0218263, 0.0048986
0.0214032, 0.00480635
0.0209931, 0.00472136
0.020587, 0.00462895
0.0201889, 0.0045383
0.0197992, 0.00445094
0.01942, 0.00436445
0.0190418, 0.0042809
0.0186729, 0.00419878
0.0183109, 0.00411758
0.0179606, 0.00404541
0.0176141, 0.00396217
0.0172723, 0.00388457
0.0169355, 0.00380965
0.0166065, 0.00373613
0.0162841, 0.00366382
0.015967, 0.00359288
0.0156565, 0.00352294
0.015352, 0.00345469
0.0150531, 0.00338781
0.0147599, 0.00332222
0.0144717, 0.00325744
0.0141897, 0.00319371
0.0139128, 0.00313178
0.0136409, 0.0030707
0.0133744, 0.003011
0.0131129, 0.00295224
0.0128576, 0.00289852
0.0126024, 0.00283338
0.0123547, 0.00277505
0.012112, 0.00271936
0.0118741, 0.00266487
0.0116408, 0.00261219
0.0114122, 0.00256054
0.0111878, 0.00251014
0.0109674, 0.00246039
0.0107522, 0.00241242
0.0105451, 0.00237693
0.0103395, 0.00233526
0.010135, 0.00228764
0.00993479, 0.0022414
0.0097369, 0.00219247
0.0095468, 0.00215431
0.00935797, 0.00211109
0.00917328, 0.00206895
0.00899158, 0.00202792
0.00881376, 0.00198766
0.00863899, 0.0019478
0.00846812, 0.00190919
0.00830034, 0.00187107
0.00813586, 0.00183383
0.0079745, 0.0017975
0.00781595, 0.00176146
0.00766089, 0.00172651
0.00750861, 0.00169199
0.00735927, 0.00165809
0.00721305, 0.00162511
0.00706944, 0.00159273
0.00692861, 0.00156071
0.00679035, 0.00152913
0.006656, 0.00150026
0.00652304, 0.00146961
0.00639268, 0.00144001
0.00626496, 0.0014109
0.00614428, 0.00139476
0.00601911, 0.00136077
0.00589761, 0.00132993
0.00577939, 0.00130289
0.00566368, 0.00127635
0.00555027, 0.00125072
0.00543891, 0.00122547
0.00532988, 0.00120068
0.00522292, 0.00117644
0.00511819, 0.00115266
0.00501535, 0.00112942
0.00491466, 0.00110649
0.00481589, 0.00108427
0.00471898, 0.00106245
0.00462407, 0.00104068
0.004531, 0.00101967
0.00443968, 0.000999023
0.0043504, 0.000978665
0.0042627, 0.000958954
0.00417678, 0.000939654
0.00410103, 0.000936582
0.00401339, 0.000908265
0.0039313, 0.000887809
0.00385144, 0.000869342
0.00377364, 0.000851426
0.00370306, 0.000849859
0.00362427, 0.000821794
0.00354974, 0.000802302
0.0034778, 0.000785995
0.0034072, 0.000768945
0.00333874, 0.000755309
0.00327094, 0.00073968
0.00320451, 0.000724526
0.00313958, 0.000709968
0.00307569, 0.000695408
0.00301334, 0.000681168
0.002952, 0.00066737
0.00289201, 0.000653775
0.00283312, 0.000640388
0.00277545, 0.000627344
0.00271887, 0.000614656
0.00266354, 0.000602117
0.00260914, 0.000589813
0.00255606, 0.000577759
0.00250391, 0.000566095
0.00245279, 0.00055432
0.00240274, 0.000543131
0.00235369, 0.000531957
0.00230562, 0.000521159
0.00225845, 0.000510467
0.0022122, 0.000500072
0.00216688, 0.00048976
0.00212255, 0.000479788
0.00207902, 0.000469775
0.00203655, 0.000460272
0.00199473, 0.000450742
0.00195379, 0.000441555
0.00191369, 0.000432417
0.00187451, 0.000423547
0.00183591, 0.000414899
0.00179826, 0.000406435
0.00176137, 0.000397955
0.00172509, 0.000389788
0.00168962, 0.000381827
0.00165481, 0.00037386
0.00162083, 0.000366273
0.00158744, 0.000358676
0.00155478, 0.000351225
0.00152274, 0.000344002
0.00149127, 0.000336862
0.00146046, 0.000329847
0.00143043, 0.000323083
0.00140085, 0.000316428
0.00137198, 0.000309846
0.00134361, 0.000303443
0.00131595, 0.000297177
0.00128867, 0.000290989
0.00126203, 0.000284978
0.00123601, 0.000279034
0.00121039, 0.000273244
0.00118543, 0.000267551
0.00116089, 0.00026204
0.00113683, 0.000256537
0.00111329, 0.000251246
0.00109022, 0.00024596
0.00106763, 0.000240842
0.00104553, 0.000235911
0.00102382, 0.000230944
0.00100264, 0.000226132
0.000981878, 0.000221502
0.000961457, 0.000216813
0.000941527, 0.000212296
0.000921992, 0.000207851
0.000902805, 0.00020356
0.000884115, 0.000199304
0.000865714, 0.00019517
0.000847718, 0.00019105
0.000830127, 0.000187158
0.000812844, 0.000183202
0.000795974, 0.000179461
0.000779386, 0.000175655
0.000763144, 0.000171966
0.000747234, 0.000168323
0.000731697, 0.000164863
0.000716413, 0.000161352
0.000701485, 0.000157995
0.000686887, 0.000154697
0.000672538, 0.00015146
0.000658498, 0.000148283
0.000644732, 0.000145173
0.000631287, 0.000142213
0.000618091, 0.00013919
0.000605195, 0.000136265
0.000592551, 0.000133459
0.000580174, 0.000130651
0.000568063, 0.000127903
0.00055616, 0.000125235
0.000544517, 0.000122572
0.000533133, 0.000120055
0.000521991, 0.000117523
0.000511033, 0.000115079
0.000500335, 0.000112663
0.000489861, 0.000110329
0.000479614, 0.000107978
0.000469553, 0.000105749
0.000459704, 0.000103497
0.000450056, 0.000101342
0.000440627, 9.92356e-05
0.000431334, 9.71373e-05
0.000422344, 9.51178e-05
0.000413425, 9.31002e-05
0.000404794, 9.11686e-05
0.00039624, 8.92492e-05
0.000387931, 8.73644e-05
0.00037978, 8.55322e-05
0.000371764, 8.37572e-05
0.000363994, 8.1967e-05
0.000356308, 8.02632e-05
0.000348792, 7.85646e-05
0.000341451, 7.69215e-05
0.000334282, 7.527e-05
0.000327245, 7.37085e-05
0.000333481, 0.00012291
0.000317607, 8.32432e-05
0.000308682, 7.4058e-05
0.000301475, 7.03876e-05
0.000294866, 6.81377e-05
0.000288521, 6.63591e-05
0.000282325, 6.4723e-05
0.000276343, 6.32973e-05
0.000270512, 6.18706e-05
0.000264768, 6.05303e-05
0.000259171, 5.92038e-05
0.000253685, 5.79645e-05
0.000248298, 5.67098e-05
0.000243055, 5.54916e-05
0.000237918, 5.4328e-05
0.000232864, 5.31645e-05
0.000227958, 5.20302e-05
0.000223114, 5.09689e-05
0.0002184, 4.98276e-05
0.00021379, 4.88043e-05
0.00020924, 4.77844e-05
0.00020481, 4.67256e-05
0.000200486, 4.57703e-05
0.000196195, 4.47789e-05
0.000192057, 4.383e-05
0.000187969, 4.28801e-05
0.000184032, 4.20003e-05
0.000180059, 4.11116e-05
0.000176275, 4.02383e-05
0.000172534, 3.94034e-05
0.000168872, 3.85194e-05
0.000165284, 3.77099e-05
0.000161765, 3.69449e-05
0.000158328, 3.61392e-05
0.000154968, 3.53679e-05
0.000151689, 3.46349e-05
0.000148437, 3.38621e-05
0.000145284, 3.3167e-05
0.000142189, 3.24608e-05
0.000139177, 3.17563e-05
0.000136226, 3.10943e-05
0.000133302, 3.04217e-05
0.000130469, 2.97873e-05
0.000127699, 2.91297e-05
0.000124968, 2.85354e-05
0.000122317, 2.79229e-05
0.000119702, 2.72962e-05
0.00011716, 2.67485e-05
0.000114641, 2.61628e-05
0.000112186, 2.56103e-05
0.000109804, 2.50446e-05
0.000107479, 2.45352e-05
0.000105165, 2.40057e-05
0.000102931, 2.34811e-05
0.000100722, 2.299e-05
9.85822e-05, 2.25011e-05
9.64521e-05, 2.20113e-05
9.44088e-05, 2.15453e-05
9.23947e-05, 2.10698e-05
9.04267e-05, 2.0612e-05
8.84724e-05, 2.02037e-05
8.65938e-05, 1.97429e-05
8.47468e-05, 1.93441e-05
8.29025e-05, 1.89129e-05
8.11423e-05, 1.85215e-05
7.94053e-05, 1.8115e-05
7.76987e-05, 1.7724e-05
7.60452e-05, 1.73413e-05
7.44428e-05, 1.69826e-05
7.28273e-05, 1.66159e-05
7.12683e-05, 1.62671e-05
6.97392e-05, 1.59041e-05
6.8236e-05, 1.55587e-05
6.67522e-05, 1.5254e-05
6.53564e-05, 1.49117e-05
6.39402e-05, 1.45972e-05
6.25508e-05, 1.42962e-05
6.12374e-05, 1.39691e-05
5.99169e-05, 1.36655e-05
5.86067e-05, 1.33917e-05
5.73655e-05, 1.30875e-05
5.61178e-05, 1.28083e-05
5.49303e-05, 1.25468e-05
5.37345e-05, 1.22711e-05
5.25739e-05, 1.20091e-05
5.14378e-05, 1.17491e-05
5.03483e-05, 1.15083e-05
4.92432e-05, 1.12447e-05
4.81946e-05, 1.10178e-05
4.71387e-05, 1.07761e-05
4.61393e-05, 1.05459e-05
4.51493e-05, 1.03205e-05
4.41726e-05, 1.00953e-05
4.32226e-05, 9.87187e-06
4.23017e-05, 9.66344e-06
4.13734e-05, 9.45421e-06
4.04792e-05, 9.24369e-06
3.96139e-05, 9.04537e-06
3.8768e-05, 8.8578e-06
3.82265e-05, 8.63275e-06
3.70753e-05, 8.37417e-06
3.60095e-05, 8.14341e-06
3.49797e-05, 7.90079e-06
3.39723e-05, 7.67872e-06
3.30056e-05, 7.45746e-06
3.20491e-05, 7.24718e-06
3.11331e-05, 7.03253e-06
3.02438e-05, 6.82637e-06
2.93707e-05, 6.63717e-06
2.85302e-05, 6.44615e-06
2.77135e-05, 6.26285e-06
2.69081e-05, 6.07711e-06
2.61411e-05, 5.9125e-06
2.5393e-05, 5.73664e-06
2.46574e-05, 5.56754e-06
2.39452e-05, 5.41686e-06
2.32623e-05, 5.25412e-06
2.25842e-05, 5.10136e-06
2.19483e-05, 4.96084e-06
2.13078e-05, 4.81161e-06
2.06989e-05, 4.67924e-06
2.00994e-05, 4.54315e-06
1.95207e-05, 4.40088e-06
1.89652e-05, 4.28507e-06
1.84045e-05, 4.16036e-06
1.78869e-05, 4.0329e-06
1.73713e-05, 3.92584e-06
1.68644e-05, 3.80609e-06
1.63802e-05, 3.70241e-06
1.59056e-05, 3.59013e-06
1.54487e-05, 3.4899e-06
1.5002e-05, 3.38323e-06
1.45685e-05, 3.29484e-06
1.41453e-05, 3.18659e-06
1.37413e-05, 3.10843e-06
1.3338e-05, 3.01439e-06
1.29557e-05, 2.92138e-06
1.25856e-05, 2.84622e-06
1.22127e-05, 2.75851e-06
1.1872e-05, 2.67813e-06
1.15124e-05, 2.59479e-06
1.11898e-05, 2.52649e-06
1.08613e-05, 2.4509e-06
1.05474e-05, 2.3845e-06
1.02471e-05, 2.31155e-06
9.9472e-06, 2.25009e-06
9.659e-06, 2.17586e-06
9.37464e-06, 2.12018e-06
9.11062e-06, 2.05792e-06
8.84156e-06, 1.99413e-06
8.58542e-06, 1.94257e-06
8.33951e-06, 1.88473e-06
8.09642e-06, 1.83028e-06
7.86452e-06, 1.7699e-06
7.63744e-06, 1.72043e-06
7.4165e-06, 1.67371e-06
7.1976e-06, 1.62398e-06
6.98794e-06, 1.57122e-06
6.78728e-06, 1.53386e-06
6.59447e-06, 1.48322e-06
6.40058e-06, 1.44332e-06
6.21758e-06, 1.40002e-06
6.03787e-06, 1.35935e-06
5.86218e-06, 1.31737e-06
5.69197e-06, 1.27999e-06
5.52544e-06, 1.23853e-06
5.36866e-06, 1.20854e-06
5.21157e-06, 1.17406e-06
5.05852e-06, 1.13836e-06
4.91313e-06, 1.10154e-06
4.77502e-06, 1.07534e-06
4.63275e-06, 1.03989e-06
4.49695e-06, 1.01359e-06
4.36651e-06, 9.85524e-07
4.23726e-06, 9.54757e-07
4.11393e-06, 9.2853e-07
3.9914e-06, 9.03465e-07
3.87742e-06, 8.72534e-07
3.76429e-06, 8.54019e-07
3.65639e-06, 8.28962e-07
3.54652e-06, 8.0395e-07
3.43955e-06, 7.79095e-07
3.33539e-06, 7.60019e-07
3.24006e-06, 7.37068e-07
3.14328e-06, 7.15049e-07
3.0496e-06, 6.95336e-07
2.96291e-06, 6.73849e-07
2.87057e-06, 6.54591e-07
2.79368e-06, 6.36824e-07
2.70921e-06, 6.18615e-07
2.62932e-06, 5.9873e-07
2.5558e-06, 5.79002e-07
2.4814e-06, 5.62743e-07
2.40713e-06, 5.46464e-07
2.33693e-06, 5.32348e-07
2.26393e-06, 5.16747e-07
2.20315e-06, 5.00047e-07
2.13712e-06, 4.87484e-07
2.07303e-06, 4.72456e-07
2.01071e-06, 4.60977e-07
1.95315e-06, 4.44602e-07
1.89478e-06, 4.3043e-07
1.83909e-06, 4.16034e-07
1.78683e-06, 4.05665e-07
1.7322e-06, 3.94002e-07
1.67815e-06, 3.80042e-07
1.62941e-06, 3.72778e-07
1.58148e-06, 3.59954e-07
1.53553e-06, 3.48989e-07
1.49145e-06, 3.37479e-07
1.44597e-06, 3.23702e-07
1.40392e-06, 3.14079e-07
1.36528e-06, 3.06121e-07
1.32426e-06, 2.9706e-07
1.28745e-06, 2.86591e-07
1.25106e-06, 2.7845e-07
1.21655e-06, 2.69103e-07
1.18165e-06, 2.60782e-07
1.14701e-06, 2.5391e-07
1.11437e-06, 2.40951e-07
1.08241e-06, 2.36568e-07
1.05087e-06, 2.3111e-07
1.02015e-06, 2.24674e-07
9.93482e-07, 2.17645e-07
9.66435e-07, 2.12616e-07
9.3899e-07, 2.0723e-07
9.12471e-07, 2.01581e-07
8.82886e-07, 1.94597e-07
8.57189e-07, 1.89911e-07
8.32741e-07, 1.86073e-07
8.04997e-07, 1.79195e-07
7.8509e-07, 1.75416e-07
7.56954e-07, 1.72102e-07
7.3308e-07, 1.69089e-07
7.11859e-07, 1.62961e-07
6.91226e-07, 1.57304e-07
6.67386e-07, 1.55318e-07
6.47654e-07, 1.49941e-07
6.29892e-07, 1.4633e-07
6.10817e-07, 1.40091e-07
5.93865e-07, 1.37595e-07
5.78641e-07, 1.33062e-07
5.62209e-07, 1.29314e-07
5.46614e-07, 1.26631e-07
5.32002e-07, 1.22796e-07
5.16665e-07, 1.17986e-07
4.98851e-07, 1.14054e-07
4.83389e-07, 1.12607e-07
4.66073e-07, 1.12134e-07
4.48393e-07, 1.05436e-07
4.3567e-07, 1.00784e-07
4.24395e-07, 9.73989e-08
4.10292e-07, 9.25199e-08
3.97607e-07, 8.8494e-08
3.82833e-07, 8.50561e-08
3.74078e-07, 8.32162e-08
3.65367e-07, 8.15332e-08
3.56829e-07, 7.74404e-08
3.48047e-07, 7.4671e-08
3.39213e-07, 7.17636e-08
3.31859e-07, 7.09841e-08
3.23316e-07, 6.81921e-08
3.15116e-07, 6.39168e-08
3.0823e-07, 6.18563e-08
3.00313e-07, 5.76461e-08
2.93708e-07, 5.30952e-08
2.85514e-07, 5.19788e-08
2.7924e-07, 4.76126e-08
2.72441e-07, 4.67592e-08
2.65117e-07, 4.63357e-08
2.61288e-07, 4.40863e-08
2.55623e-07, 4.32794e-08
2.48374e-07, 4.26478e-08
2.44492e-07, 4.23138e-08
2.37864e-07, 4.06789e-08
2.32801e-07, 3.90813e-08
2.28318e-07, 3.88964e-08
2.22433e-07, 3.85201e-08
2.18653e-07, 3.72926e-08
2.13867e-07, 3.52604e-08
2.09545e-07, 3.57949e-08
2.03586e-07, 3.36313e-08
1.99397e-07, 3.4264e-08
1.94736e-07, 3.22113e-08
1.91425e-07, 3.29464e-08
1.87701e-07, 2.9385e-08
1.83826e-07, 3.07733e-08
1.79378e-07, 2.96626e-08
1.75093e-07, 2.92989e-08
1.71303e-07, 2.93605e-08
1.68759e-07, 2.58333e-08
1.63936e-07, 2.79539e-08
1.60645e-07, 2.71239e-08
1.56461e-07, 2.51784e-08
1.52344e-07, 2.60279e-08
1.51408e-07, 2.44594e-08
1.46888e-07, 2.62091e-08
1.42738e-07, 2.36825e-08
1.40637e-07, 2.35604e-08
1.3869e-07, 2.25261e-08
1.33775e-07, 2.22217e-08
1.3145e-07, 2.24819e-08
1.30114e-07, 2.30782e-08
1.24635e-07, 1.9498e-08
1.24539e-07, 2.08409e-08
1.21777e-07, 2.10364e-08
1.18256e-07, 2.0898e-08
1.15614e-07, 1.99655e-08
1.13388e-07, 1.90289e-08
1.10662e-07, 1.88998e-08
1.08624e-07, 1.87653e-08
1.05506e-07, 1.69237e-08
1.03983e-07, 1.69428e-08
1.00884e-07, 1.66718e-08
9.98159e-08, 1.6616e-08
9.6328e-08, 1.72505e-08
9.58108e-08, 1.59067e-08
9.05221e-08, 1.62599e-08
9.10427e-08, 1.65955e-08
8.83947e-08, 1.54588e-08
8.73051e-08, 1.55827e-08
8.45835e-08, 1.56958e-08
8.39098e-08, 1.56338e-08
8.10294e-08, 1.522e-08
7.98018e-08, 1.27998e-08
7.71192e-08, 1.38809e-08
7.62724e-08, 1.4337e-08
7.4893e-08, 1.4351e-08
7.33868e-08, 1.25556e-08
7.1476e-08, 1.61809e-08
6.84751e-08, 1.16886e-08
6.7358e-08, 1.31679e-08
6.76854e-08, 1.25406e-08
6.39035e-08, 1.25117e-08
6.37648e-08, 1.29126e-08
6.12768e-08, 1.27825e-08
5.82263e-08, 1.11797e-08
5.91522e-08, 1.32191e-08
5.78857e-08, 1.09915e-08
5.5425e-08, 1.26486e-08
5.50613e-08, 9.23082e-09
5.23088e-08, 1.1041e-08
5.22202e-08, 1.17481e-08
4.97809e-08, 1.09e-08
4.95686e-08, 1.03799e-08
4.71657e-08, 1.04225e-08
4.85178e-08, 9.72486e-09
4.54587e-08, 1.02165e-08
4.4531e-08, 1.05928e-08
4.42491e-08, 9.96621e-09
4.23412e-08, 1.00534e-08
4.06745e-08, 8.88373e-09
4.07826e-08, 1.0186e-08
3.88151e-08, 9.58744e-09
3.81142e-08, 1.02741e-08
3.89107e-08, 8.86284e-09
3.4812e-08, 8.18142e-09
3.539e-08, 1.10008e-08
3.45171e-08, 1.06855e-08
3.3305e-08, 9.24966e-09
3.16134e-08, 8.13638e-09
3.19463e-08, 9.23798e-09
2.99391e-08, 7.76883e-09
3.00089e-08, 8.81969e-09
2.79941e-08, 9.54768e-09
2.81892e-08, 7.89437e-09
2.6403e-08, 7.99148e-09
2.59641e-08, 7.25373e-09
2.66285e-08, 8.8853e-09
2.4533e-08, 6.07774e-09
2.44379e-08, 8.25367e-09
2.42978e-08, 6.94797e-09
2.28088e-08, 6.34721e-09
2.34901e-08, 6.6401e-09
2.26415e-08, 5.41278e-09
2.12879e-08, 6.88494e-09
2.16653e-08, 5.23694e-09
2.16581e-08, 7.01006e-09
1.99666e-08, 5.60758e-09
2.03429e-08, 7.08965e-09
1.88289e-08, 6.53591e-09
2.00297e-08, 4.77447e-09
1.93348e-08, 6.67394e-09
1.62553e-08, 5.78217e-09
1.75039e-08, 5.4132e-09
1.76585e-08, 5.29908e-09
1.62971e-08, 6.46951e-09
1.47719e-08, 5.06835e-09
1.52159e-08, 5.41146e-09
1.47172e-08, 5.23942e-09
1.49309e-08, 5.27435e-09
1.31161e-08, 4.89231e-09
1.44184e-08, 6.43515e-09
1.32572e-08, 5.10782e-09
1.37408e-08, 5.1023e-09
1.2506e-08, 5.36531e-09
1.2396e-08, 6.0601e-09
1.19356e-08, 5.54175e-09
1.35951e-08, 5.35057e-09
1.10932e-08, 5.68617e-09
9.52133e-09, 4.6413e-09
1.12823e-08, 4.46845e-09
1.03248e-08, 5.28726e-09
1.03985e-08, 3.6619e-09
1.06647e-08, 5.81804e-09
8.39681e-09, 5.45455e-09
1.05631e-08, 4.82753e-09
7.85718e-09, 4.19614e-09
9.6054e-09, 4.92429e-09
8.64577e-09, 4.06522e-09
7.74964e-09, 5.56012e-09
7.76874e-09, 5.36269e-09
9.05315e-09, 4.59553e-09
5.93883e-09, 5.97023e-09
8.67385e-09, 3.70143e-09
5.42457e-09, 4.70444e-09
6.04207e-09, 4.74284e-09
4.88519e-09, 5.51656e-09
5.6536e-09, 5.61025e-09
4.08092e-09, 6.23041e-09
4.81103e-09, 5.33826e-09
2.7272e-09, 5.69126e-09
2.47251e-09, 6.36041e-09
3.43567e-09, 6.01156e-09
1.25236e-09, 5.66831e-09
3.24986e-09, 4.55531e-09
2.21241e-09, 5.27806e-09
1.09871e-09, 5.54002e-09
1.17274e-09, 5.12112e-09
2.12625e-09, 5.34519e-09
2.12112e-09, 5.19048e-09
-3.49235e-10, 4.60764e-09
3.91259e-10, 4.3683e-09
1.78553e-09, 4.66757e-09
1.40702e-09, 4.20531e-09
7.36306e-10, 5.84338e-09
-1.45534e-10, 4.83514e-09
6.77308e-10, 5.34183e-09
2.50679e-10, 4.78334e-09
1.04699e-10, 3.83088e-09
-3.14843e-10, 4.71004e-09
-8.31058e-10, 4.24466e-09
1.297e-09, 4.53398e-09
3.17091e-11, 4.089e-09
1.09126e-09, 3.8481e-09
-1.43367e-09, 5.24584e-09
-1.27739e-10, 4.49027e-09
-6.6154e-10, 3.92644e-09
1.1016e-09, 4.41077e-09
-6.21779e-10, 4.33393e-09
3.97585e-10, 4.7016e-09
2.36957e-10, 3.41547e-09
4.85822e-10, 3.67359e-09
-1.51499e-09, 4.18969e-09
1.1389e-09, 4.57705e-09
-6.74066e-10, 3.85545e-09
3.16025e-10, 4.88162e-09
-1.74765e-10, 5.68684e-09
-1.10578e-09, 5.59037e-09
1.73385e-09, 4.9029e-09
-1.68289e-09, 5.42165e-09
1.13555e-09, 4.48861e-09
-4.53065e-10, 3.74816e-09
-1.55063e-10, 5.34596e-09
1.4099e-09, 4.76749e-09
-1.13498e-09, 4.27633e-09
1.82908e-09, 5.22266e-09
-1.05079e-09, 5.45494e-09
-4.81788e-10, 5.64105e-09
9.77022e-10, 5.08963e-09
-1.33946e-09, 5.22219e-09
-4.51271e-11, 4.76465e-09
5.42767e-10, 4.17459e-09
2.83338e-10, 3.42837e-09
9.08756e-11, 3.88447e-09
-8.53905e-10, 4.28226e-09
6.27626e-10, 4.7478e-09
2.85935e-10, 4.45889e-09
-1.11195e-09, 4.91487e-09
2.05662e-09, 4.43067e-09
-1.01337e-09, 3.89724e-09
-1.63892e-09, 3.61821e-09
1.41128e-09, 4.49269e-09
8.46366e-10, 3.78117e-09
-9.06381e-10, 3.95492e-09
2.91163e-10, 3.05008e-09
4.78585e-10, 4.84595e-09
-2.81948e-09, 5.70442e-09
2.64995e-09, 5.59125e-09
-7.63867e-10, 4.68254e-09
3.65124e-10, 5.26828e-09
-1.38114e-09, 5.863e-09
2.15325e-09, 4.77682e-09
-6.7588e-10, 4.42051e-09
-3.2087e-10, 4.1591e-09
-7.14636e-10, 4.26692e-09
-6.20733e-10, 4.2109e-09
1.45958e-09, 4.72525e-09
6.35492e-10, 4.23248e-09
-1.52617e-09, 4.95245e-09
3.49269e-10, 3.92651e-09
3.98326e-10, 5.32883e-09
-9.55681e-10, 5.49791e-09
1.44276e-09, 5.55313e-09
-7.89803e-10, 4.19766e-09
-4.38395e-10, 5.91819e-09
-5.49203e-10, 5.4788e-09
1.55339e-09, 4.98797e-09
1.20132e-09, 5.00459e-09
-1.11796e-09, 5.83945e-09
-1.84684e-10, 4.6348e-09
1.48072e-10, 6.11008e-09
1.79222e-25, 7.11231e-09
-1.98295e-10, 5.03032e-09
-1.329e-09, 4.93082e-09
3.23639e-10, 6.32978e-09
1.06036e-09, 5.5291e-09
1.16269e-09, 4.43392e-09
-1.35316e-09, 5.12959e-09
2.5113e-10, 4.85077e-09
-9.94118e-10, 4.50437e-09
-1.76555e-10, 5.15489e-09
8.72051e-10, 5.46309e-09
-5.95292e-10, 4.5148e-09
3.80796e-10, 5.5497e-09
-5.08825e-11, 7.01025e-09
-7.64885e-11, 6.6954e-09
-3.57716e-10, 6.66189e-09
1.99728e-09, 5.23589e-09
-1.87327e-09, 5.27094e-09
-4.88612e-10, 6.6612e-09
1.57207e-09, 5.1883e-09
2.45356e-10, 5.25356e-09
-1.29411e-09, 4.8182e-09
-1.42657e-10, 5.76681e-09
4.28886e-10, 4.92089e-09
2.08389e-10, 5.041e-09
9.13646e-11, 5.08397e-09
5.10116e-10, 5.82209e-09
-1.70401e-10, 4.89327e-09
-1.03771e-09, 5.85161e-09
3.68579e-10, 4.77268e-09
7.2553e-10, 4.21683e-09
-3.04047e-10, 5.32237e-09
-4.6366e-10, 4.68339e-09
1.24789e-09, 5.48846e-09
-7.71603e-10, 5.53681e-09
8.26558e-10, 5.51476e-09
-9.48538e-10, 5.28525e-09
-6.69391e-10, 5.57712e-09
6.97632e-10, 5.62122e-09
-7.25986e-10, 5.52267e-09
-2.69448e-10, 6.94529e-09
1.74159e-09, 6.15769e-09
-8.65854e-10, 6.32664e-09
-5.42292e-11, 4.57955e-09
-2.30956e-10, 5.55719e-09
1.76982e-10, 4.63838e-09
9.54969e-11, 5.17767e-09
-7.38226e-10, 5.79561e-09
1.82201e-09, 7.02337e-09
-1.01586e-09, 7.03882e-09
-6.60305e-10, 5.83107e-09
3.44622e-10, 4.66421e-09
-1.51948e-10, 4.34958e-09
3.46052e-10, 6.55106e-09
5.82571e-10, 5.48019e-09
-8.61764e-10, 7.17156e-09
1.94994e-10, 5.58801e-09
1.68878e-09, 5.27689e-09
-2.12581e-09, 5.31593e-09
8.40864e-10, 4.80594e-09
-1.43241e-09, 7.46667e-09
1.47757e-09, 6.93662e-09
-1.02937e-09, 7.14796e-09
-2.96727e-10, 5.51298e-09
9.20322e-10, 6.32322e-09
4.11446e-10, 5.60101e-09
-1.22264e-09, 5.41702e-09
2.00866e-09, 5.32665e-09
-1.41321e-09, 5.61002e-09
7.86717e-10, 6.36301e-09
-6.16322e-10, 5.98259e-09
-1.03408e-09, 6.44727e-09
1.98601e-09, 6.16106e-09
-1.06712e-09, 6.06667e-09
6.06893e-10, 7.64854e-09
2.02707e-10, 5.70638e-09
-8.41487e-10, 5.29737e-09
-1.01764e-10, 7.08512e-09
6.9922e-10, 6.74529e-09
1.2407e-09, 5.43186e-09
-1.00919e-09, 5.42399e-09
2.4914e-10, 6.37398e-09
-8.81087e-10, 7.02756e-09
9.27e-10, 6.94167e-09
-1.25322e-09, 6.29899e-09
2.51148e-10, 6.78806e-09
-5.62513e-10, 5.56316e-09
7.4163e-11, 4.96848e-09
2.64548e-09, 5.71097e-09
-3.02306e-09, 5.64483e-09
-2.53668e-10, 6.99124e-09
2.09319e-10, 6.46764e-09
1.67789e-09, 4.92868e-09
9.00656e-11, 5.31616e-09
-9.7765e-10, 5.60448e-09
3.16483e-10, 6.70006e-09
-6.49322e-10, 6.3408e-09
4.23652e-10, 7.12121e-09
-1.04607e-09, 6.70406e-09
8.96231e-10, 6.31723e-09
-5.93594e-10, 5.61854e-09
1.15903e-09, 6.2505e-09
4.73694e-10, 6.2726e-09
-3.52143e-10, 4.7374e-09
-5.98286e-10, 5.89627e-09
-5.22608e-10, 6.59772e-09
1.40149e-09, 7.60175e-09
-1.54312e-10, 6.06587e-09
-7.73073e-11, 6.42284e-09
2.6336e-10, 8.24127e-09
-2.17309e-10, 8.1037e-09
-5.75438e-10, 5.60622e-09
5.1423e-10, 5.61802e-09
-1.71744e-10, 4.71116e-09
-5.00593e-10, 5.35768e-09
-4.54546e-10, 5.81818e-09
-2.19863e-10, 5.37414e-09
5.82194e-10, 6.37376e-09
3.62607e-10, 6.28728e-09
1.59541e-09, 7.58753e-09
-2.10495e-09, 6.67731e-09
1.36373e-09, 6.85073e-09
-1.01683e-09, 5.78776e-09
5.73072e-10, 8.2351e-09
-5.26329e-10, 7.42222e-09
3.35583e-10, 6.53016e-09
1.24885e-09, 6.68742e-09
-1.58813e-09, 7.79186e-09
-1.73583e-09, 6.13533e-09
3.05965e-09, 7.34816e-09
-6.13103e-10, 6.8417e-09
-1.8105e-09, 5.92221e-09
2.38084e-09, 6.17202e-09
-1.39554e-09, 6.31201e-09
5.20261e-10, 7.577e-09
5.86411e-10, 6.38952e-09
-1.01186e-09, 6.54921e-09
-1.07919e-09, 8.16365e-09
-7.2083e-10, 7.11733e-09
2.47846e-09, 7.25308e-09
-2.51606e-09, 6.80072e-09
2.12541e-09, 6.53145e-09
-4.9522e-10, 7.03607e-09
-1.98463e-10, 7.56876e-09
4.14248e-10, 6.39704e-09
3.9843e-10, 8.56026e-09
-1.66326e-09, 7.34966e-09
-1.16648e-10, 6.1264e-09
8.34772e-10, 7.75215e-09
1.23779e-09, 6.8996e-09
-8.37919e-10, 6.62709e-09
5.70857e-10, 7.23729e-09
-1.36254e-09, 6.2762e-09
2.08977e-09, 7.74477e-09
-1.756e-09, 8.39972e-09
1.33638e-09, 6.85451e-09
-6.10125e-10, 8.2626e-09
1.54515e-09, 6.81577e-09
-3.4533e-09, 8.2392e-09
6.98767e-10, 7.25181e-09
1.63919e-09, 7.57293e-09
-1.71067e-09, 6.5873e-09
2.96497e-09, 5.11524e-09
-1.82006e-09, 7.0525e-09
-9.80531e-10, 7.13514e-09
1.63725e-09, 9.08956e-09
-2.07194e-10, 9.42829e-09
-3.45964e-10, 7.34063e-09
-8.14519e-10, 7.32641e-09
2.11819e-09, 7.98807e-09
2.26126e-10, 8.62697e-09
-1.5161e-09, 8.38139e-09
3.84088e-10, 9.09684e-09
9.6199e-10, 9.77175e-09
-1.24413e-09, 7.61006e-09
-5.26655e-10, 6.79772e-09
-3.86923e-10, 7.1088e-09
-7.92886e-10, 6.13219e-09
3.23032e-09, 7.84435e-09
-2.84718e-09, 8.18404e-09
1.18702e-09, 6.15821e-09
-4.0823e-10, 8.00565e-09
-7.11263e-11, 9.22697e-09
4.63165e-10, 8.2015e-09
1.32064e-09, 7.04303e-09
9.47589e-10, 8.43165e-09
-1.66578e-09, 6.0211e-09
-1.65086e-09, 6.43283e-09
8.9884e-10, 5.63795e-09
1.80094e-11, 7.16425e-09
1.22686e-09, 8.03301e-09
-6.14543e-10, 7.47397e-09
7.06194e-10, 7.8347e-09
1.05214e-09, 7.9075e-09
-2.32615e-09, 7.47521e-09
-8.55677e-10, 6.40943e-09
2.07922e-09, 7.22088e-09
-1.95506e-09, 1.03876e-08
1.26301e-09, 9.15828e-09
-1.65037e-10, 8.27402e-09
-1.67171e-09, 8.1215e-09
9.20171e-10, 6.58112e-09
1.08775e-09, 7.8978e-09
-1.66226e-10, 9.14397e-09
7.40104e-11, 8.07409e-09
-3.70714e-11, 8.27274e-09
1.94973e-09, 8.72864e-09
-2.7159e-09, 8.49736e-09
8.38585e-10, 7.40372e-09
-5.22717e-10, 7.34067e-09
-1.87017e-11, 7.71928e-09
-1.23651e-09, 7.36894e-09
1.1261e-09, 9.01935e-09
3.00827e-10, 8.21752e-09
-7.53403e-11, 8.59515e-09
2.13214e-09, 7.20423e-09
-8.69488e-10, 8.89845e-09
-3.59772e-10, 6.63682e-09
-1.63132e-09, 8.84983e-09
3.28742e-09, 8.12186e-09
-2.49371e-09, 8.51589e-09
2.47904e-10, 7.682e-09
-4.77579e-10, 8.44233e-09
2.10505e-09, 7.33318e-09
-1.57198e-09, 7.1338e-09
-1.03703e-09, 8.16177e-09
1.8276e-09, 8.21631e-09
-4.62521e-10, 8.6625e-09
-7.33609e-10, 8.01669e-09
1.50847e-09, 7.60397e-09
-3.68091e-09, 7.68752e-09
2.91106e-09, 7.4271e-09
-2.52733e-10, 8.45942e-09
-5.64773e-10, 1.0887e-08
-7.41338e-10, 9.02897e-09
1.73932e-09, 8.45214e-09
-3.01485e-09, 8.99909e-09
2.72593e-09, 8.10741e-09
-8.64384e-10, 7.04226e-09
2.44022e-09, 7.38754e-09
-2.54302e-09, 7.81179e-09
1.42182e-09, 9.58388e-09
5.93452e-10, 9.13865e-09
-1.84289e-09, 8.63988e-09
2.46143e-09, 9.21881e-09
-3.49968e-09, 7.72545e-09
2.01181e-09, 9.8559e-09
3.39205e-10, 9.60083e-09
-7.99505e-10, 1.15873e-08
8.00882e-11, 9.36047e-09
6.01695e-11, 7.87025e-09
1.80819e-10, 7.92636e-09
-1.93205e-09, 9.82041e-09
1.8144e-10, 9.13382e-09
9.2895e-10, 9.41777e-09
8.09167e-11, 9.96918e-09
-2.22902e-10, 1.0139e-08
1.72537e-09, 8.50515e-09
-1.97231e-09, 9.01978e-09
-1.42575e-10, 7.99294e-09
5.10065e-10, 8.58668e-09
-6.53995e-10, 1.07741e-08
-3.27555e-10, 9.82629e-09
6.76731e-10, 9.54316e-09
4.31379e-10, 9.35566e-09
6.79032e-10, 8.713e-09
-8.6569e-10, 7.40231e-09
5.16165e-10, 8.68791e-09
9.0999e-10, 8.00792e-09
-2.27883e-09, 9.02683e-09
8.30065e-10, 1.07461e-08
8.31468e-11, 9.79237e-09
1.29095e-09, 9.89629e-09
-7.5085e-10, 9.64132e-09
-1.8385e-09, 8.87252e-09
1.50676e-09, 7.67823e-09
5.45025e-10, 7.37105e-09
5.51454e-26, 9.03391e-09
-1.09372e-09, 8.092e-09
8.42733e-10, 8.19447e-09
-4.43177e-10, 8.7987e-09
-2.1139e-10, 8.16634e-09
-7.62279e-10, 9.65386e-09
6.15085e-10, 7.24088e-09
2.06079e-09, 6.50956e-09
-1.78758e-09, 9.02325e-09
2.13163e-10, 8.36783e-09
2.77574e-10, 1.03771e-08
-1.8607e-09, 8.39414e-09
1.64957e-09, 8.19471e-09
2.21024e-09, 9.66594e-09
-2.60081e-09, 1.10232e-08
-8.61199e-11, 9.32236e-09
6.0384e-10, 8.82656e-09
-1.74972e-09, 7.99688e-09
1.51461e-09, 8.62834e-09
-8.01902e-10, 9.62148e-09
1.43279e-09, 1.0897e-08
8.04555e-10, 8.18541e-09
6.752e-10, 7.86546e-09
-2.83615e-09, 8.24481e-09
5.02608e-10, 7.78763e-09
1.75108e-10, 9.07188e-09
4.82339e-10, 9.81024e-09
1.31763e-10, 9.37189e-09
1.45178e-09, 1.13116e-08
-1.12367e-09, 9.66052e-09
-1.23586e-09, 8.56386e-09
-1.41472e-09, 1.09447e-08
1.97057e-09, 9.04678e-09
-1.84073e-09, 8.10255e-09
3.33206e-10, 9.19994e-09
1.78e-09, 8.79199e-09
-1.56004e-10, 9.91931e-09
-2.03136e-09, 1.03436e-08
3.5998e-09, 8.9968e-09
-4.56867e-09, 9.5732e-09
2.10859e-09, 9.56565e-09
-1.57278e-10, 9.72078e-09
1.59784e-09, 6.78396e-09
-2.56971e-09, 8.84022e-09
3.83824e-09, 9.33206e-09
-2.64589e-09, 9.06896e-09
-1.17785e-09, 1.0082e-08
2.13264e-09, 1.03592e-08
-5.68109e-10, 8.71635e-09
-1.36566e-09, 9.00544e-09
4.1264e-09, 9.81706e-09
-2.5118e-09, 9.62524e-09
-2.05842e-09, 9.94311e-09
2.29081e-11, 9.56642e-09
1.05547e-09, 8.6428e-09
6.2051e-10, 1.14172e-08
5.06413e-10, 1.03291e-08
-8.30005e-10, 1.02675e-08
8.08243e-10, 1.16997e-08
9.02056e-10, 9.11288e-09
-2.8495e-09, 1.07988e-08
3.1093e-09, 1.02129e-08
-2.11491e-09, 1.05992e-08
1.95534e-09, 1.05622e-08
-1.77194e-09, 9.05465e-09
2.26517e-09, 8.07058e-09
-1.89454e-09, 7.87251e-09
6.09093e-10, 1.08919e-08
-2.13522e-09, 1.12619e-08
3.59568e-09, 1.01066e-08
-1.836e-09, 9.75688e-09
2.31043e-09, 1.26415e-08
-3.87257e-09, 1.19671e-08
4.73013e-10, 9.07396e-09
1.46866e-09, 7.77157e-09
1.58961e-09, 7.56548e-09
-2.1862e-09, 9.32033e-09
6.42616e-10, 7.93887e-09
4.05248e-10, 9.10919e-09
1.91006e-10, 1.04027e-08
1.81741e-09, 1.32551e-08
-1.96398e-09, 9.26305e-09
9.59546e-11, 1.09564e-08
-1.32145e-09, 7.32016e-09
1.25133e-09, 1.06996e-08
1.73533e-09, 1.128e-08
-1.49666e-09, 9.15067e-09
-1.06381e-09, 9.77571e-09
-9.68612e-10, 9.68915e-09
-1.94026e-10, 9.4847e-09
-9.23062e-10, 1.34844e-08
9.00175e-10, 1.12783e-08
3.38701e-09, 9.9955e-09
-5.12505e-10, 1.0273e-08
-2.41986e-09, 9.22151e-09
1.02821e-09, 1.05728e-08
2.08413e-09, 1.187e-08
-1.22787e-09, 9.86275e-09
-2.1398e-09, 1.19515e-08
6.15841e-10, 1.45519e-08
1.35695e-09, 1.24192e-08
-1.43318e-09, 1.0438e-08
-2.02936e-09, 1.15767e-08
3.17269e-09, 1.10343e-08
-9.68173e-10, 1.00291e-08
-2.73496e-10, 1.29502e-08
7.71953e-10, 1.14594e-08
9.97604e-11, 1.05117e-08
-2.99743e-10, 9.07227e-09
2.40163e-09, 9.90636e-09
-3.70822e-09, 1.12196e-08
1.00376e-09, 1.27304e-08
-3.34264e-09, 9.33368e-09
4.58116e-09, 8.28114e-09
-1.61343e-09, 1.11781e-08
2.27236e-09, 1.35017e-08
-3.28733e-09, 8.98531e-09
4.10279e-09, 8.95677e-09
-4.13443e-09, 1.04403e-08
3.17542e-09, 1.06405e-08
-1.70463e-09, 8.56238e-09
-1.29953e-09, 1.16654e-08
-8.67676e-10, 1.15175e-08
2.01914e-09, 1.15854e-08
-9.98309e-10, 1.02285e-08
-1.66638e-09, 1.21347e-08
2.25945e-09, 8.08092e-09
4.11434e-09, 1.16966e-08
-3.19345e-09, 9.66993e-09
1.54756e-10, 1.2258e-08
-4.02976e-09, 1.1594e-08
5.63986e-09, 1.25354e-08
-5.95932e-10, 1.18746e-08
1.29746e-10, 1.0727e-08
-4.00222e-09, 1.37652e-08
1.74386e-09, 1.25642e-08
8.08077e-10, 1.11666e-08
-1.20089e-09, 1.07075e-08
-6.5364e-10, 1.20515e-08
3.29931e-09, 1.22058e-08
-2.38642e-09, 1.03727e-08
7.6165e-10, 1.04161e-08
1.23625e-09, 1.04679e-08
-4.47826e-10, 1.15079e-08
8.70614e-10, 8.85441e-09
-5.17867e-09, 9.57708e-09
5.4775e-09, 1.14459e-08
-2.38508e-10, 9.06739e-09
2.65406e-11, 1.29655e-08
-5.58185e-10, 9.71866e-09
-1.35762e-09, 1.08408e-08
5.86512e-10, 9.68357e-09
-1.33497e-09, 1.05603e-08
2.40652e-10, 1.29084e-08
-3.48126e-09, 8.50543e-09
2.73552e-09, 1.15824e-08
1.79953e-09, 1.12011e-08
-1.34493e-09, 1.16815e-08
-1.21223e-09, 1.10823e-08
5.1259e-10, 1.22753e-08
7.02478e-10, 1.14011e-08
8.92928e-10, 1.19897e-08
8.40052e-10, 1.15875e-08
-5.15632e-10, 1.43138e-08
-1.9025e-10, 1.30027e-08
1.98697e-09, 1.05073e-08
-4.71579e-09, 1.05059e-08
2.48422e-09, 1.00936e-08
3.55411e-10, 1.10804e-08
9.03526e-10, 9.6476e-09
-1.06937e-09, 1.1822e-08
2.05951e-09, 1.1319e-08
-1.65003e-10, 1.24034e-08
2.75409e-11, 1.37337e-08
-1.15841e-09, 1.06041e-08
-2.9279e-09, 1.21027e-08
1.79804e-09, 1.25948e-08
3.32432e-10, 1.7727e-08
6.65836e-10, 1.4474e-08
1.63924e-09, 9.53629e-09
6.95607e-10, 1.35851e-08
-4.31906e-09, 1.26503e-08
2.98589e-09, 1.29363e-08
-2.09596e-09, 1.30991e-08
-1.7072e-09, 1.21969e-08
3.95189e-09, 1.11255e-08
-5.0523e-09, 1.13973e-08
1.68655e-09, 8.47759e-09
3.04019e-09, 1.2991e-08
-1.60687e-09, 1.25448e-08
1.83506e-09, 1.05424e-08
-3.84507e-09, 1.13219e-08
3.87895e-09, 8.79092e-09
-6.32304e-09, 1.06735e-08
4.48648e-09, 1.24402e-08
3.41237e-10, 1.2807e-08
6.54983e-10, 1.21656e-08
-3.08001e-09, 1.18459e-08
4.51243e-09, 1.36799e-08
-5.54856e-09, 1.44372e-08
4.38222e-09, 1.41858e-08
-1.63494e-09, 1.50383e-08
2.38413e-09, 1.23234e-08
-1.23692e-09, 9.62688e-09
-1.46915e-09, 1.00589e-08
5.22154e-09, 1.17427e-08
-4.70901e-09, 1.4003e-08
1.79372e-09, 1.01042e-08
-4.69353e-09, 9.63854e-09
5.19348e-09, 1.08749e-08
-1.71426e-09, 1.08298e-08
-2.96787e-09, 1.16102e-08
4.1085e-09, 9.45847e-09
-7.00317e-10, 1.16253e-08
-1.81173e-09, 1.2788e-08
-9.36418e-10, 1.39507e-08
3.89752e-09, 1.29161e-08
-2.72921e-09, 1.40226e-08
4.02616e-09, 1.09425e-08
-4.38504e-09, 1.5067e-08
2.56402e-09, 1.13785e-08
-2.30204e-09, 1.12591e-08
-1.74375e-09, 1.16069e-08
-1.47985e-10, 1.37556e-08
3.52703e-09, 1.3065e-08
-2.67127e-09, 1.24892e-08
1.87253e-09, 1.50028e-08
-5.95294e-11, 1.31759e-08
3.81526e-09, 1.13788e-08
-2.08941e-10, 1.00321e-08
-2.48093e-09, 1.16221e-08
-2.99329e-11, 1.61079e-08
8.99249e-11, 1.60818e-08
-5.10291e-10, 1.5887e-08
3.60711e-10, 1.14224e-08
-6.62233e-10, 1.37566e-08
2.56222e-09, 1.22758e-08
-2.14321e-09, 1.31408e-08
-1.20913e-10, 1.26434e-08
9.08118e-11, 1.25227e-08
-2.72817e-10, 1.05273e-08
-1.82132e-10, 1.32748e-08
-5.16762e-10, 1.32794e-08
1.00453e-09, 1.18514e-08
-3.1702e-09, 1.11445e-08
2.80831e-09, 1.46061e-08
-1.49782e-09, 1.07895e-08
1.1938e-09, 1.45953e-08
3.98487e-10, 1.15485e-08
-2.73189e-09, 1.33265e-08
5.47138e-09, 1.2422e-08
-1.35435e-09, 1.12054e-08
-3.08235e-09, 1.46643e-08
1.01859e-09, 1.4772e-08
-2.37999e-09, 1.47505e-08
1.42378e-09, 1.2604e-08
2.23161e-09, 1.1885e-08
-3.47619e-09, 1.20877e-08
7.45928e-10, 1.39973e-08
2.89446e-09, 1.25439e-08
1.18432e-09, 1.11336e-08
-2.7152e-09, 1.05467e-08
-1.25009e-09, 1.22299e-08
1.75253e-09, 1.49388e-08
-5.95427e-10, 1.42032e-08
-6.27627e-11, 1.24705e-08
-4.39943e-10, 1.22742e-08
2.26567e-09, 1.26175e-08
-3.7813e-10, 1.38796e-08
4.7331e-10, 1.08035e-08
3.4757e-10, 1.18002e-08
-1.61367e-09, 1.18662e-08
1.39409e-09, 1.26594e-08
-1.36427e-09, 8.90064e-09
-1.90623e-10, 1.35159e-08
1.97246e-09, 8.66694e-09
-3.5043e-09, 1.23687e-08
1.75454e-09, 1.2723e-08
-1.43749e-09, 1.23862e-08
1.88728e-09, 1.56678e-08
-1.21719e-09, 1.58442e-08
1.09054e-09, 1.49044e-08
-6.74487e-10, 1.37153e-08
2.18702e-09, 1.36314e-08
-3.15616e-09, 1.3494e-08
1.93496e-09, 1.55621e-08
-2.26052e-10, 1.37571e-08
2.48994e-09, 1.32629e-08
-1.23046e-09, 1.29505e-08
2.20486e-09, 1.70176e-08
-4.61049e-09, 1.29465e-08
1.13792e-09, 1.304e-08
-1.72547e-09, 1.22733e-08
4.33579e-09, 1.1396e-08
-1.43633e-09, 1.13215e-08
-1.60171e-09, 1.33056e-08
3.76417e-09, 9.56113e-09
-3.04816e-09, 1.53495e-08
3.80712e-09, 1.70172e-08
-7.52587e-09, 1.39511e-08
4.08062e-09, 1.49043e-08
-4.2179e-09, 1.35952e-08
3.33265e-09, 1.5796e-08
-2.5111e-09, 1.62608e-08
3.70552e-09, 1.44856e-08
-3.94239e-09, 1.49798e-08
1.99042e-10, 1.86158e-08
3.68719e-09, 1.59781e-08
1.29723e-09, 1.73184e-08
-2.19824e-09, 1.34562e-08
