0, 0
-0.017356, 0.0631472
-0.017944, 0.064414
-0.0185302, 0.0657005
-0.0191143, 0.0670067
-0.0196963, 0.0683323
-0.0202759, 0.0696774
-0.020853, 0.0710417
-0.0214277, 0.0724253
-0.0219998, 0.073828
-0.0225695, 0.0752497
-0.0231367, 0.0766903
-0.0237016, 0.0781498
-0.0242643, 0.0796279
-0.0248249, 0.0811245
-0.0253836, 0.0826394
-0.0259406, 0.0841724
-0.0264959, 0.0857231
-0.0270498, 0.0872914
-0.0276025, 0.0888768
-0.0281542, 0.090479
-0.0287049, 0.0920975
-0.0292549, 0.0937318
-0.0298043, 0.0953814
-0.0303532, 0.0970457
-0.0309018, 0.0987241
-0.0314502, 0.100416
-0.0319984, 0.102121
-0.0325464, 0.103837
-0.0330944, 0.105565
-0.0336424, 0.107304
-0.0341903, 0.109052
-0.0347382, 0.110808
-0.035286, 0.112573
-0.0358336, 0.114345
-0.0363811, 0.116122
-0.0369282, 0.117905
-0.0374749, 0.119693
-0.0380211, 0.121483
-0.0385666, 0.123276
-0.0391113, 0.12507
-0.0396551, 0.126865
-0.0401978, 0.12866
-0.0407392, 0.130454
-0.0412791, 0.132245
-0.0418175, 0.134033
-0.042354, 0.135818
-0.0428885, 0.137598
-0.0434208, 0.139372
-0.0439508, 0.141141
-0.0444782, 0.142902
-0.0450028, 0.144655
-0.0455245, 0.1464
-0.0460431, 0.148136
-0.0465584, 0.149863
-0.0470703, 0.151579
-0.0475786, 0.153283
-0.048083, 0.154977
-0.0485835, 0.156658
-0.0490799, 0.158327
-0.0495721, 0.159982
-0.0500599, 0.161624
-0.0505433, 0.163253
-0.051022, 0.164866
-0.0514959, 0.166466
-0.051965, 0.16805
-0.0524292, 0.169618
-0.0528884, 0.171171
-0.0533424, 0.172709
-0.0537913, 0.17423
-0.0542349, 0.175734
-0.0546731, 0.177222
-0.055106, 0.178693
-0.0555335, 0.180148
-0.0559555, 0.181585
-0.0563719, 0.183005
-0.0567828, 0.184408
-0.0571882, 0.185793
-0.0575879, 0.187161
-0.0579821, 0.188512
-0.0583707, 0.189845
-0.0587536, 0.19116
-0.0591309, 0.192458
-0.0595027, 0.193738
-0.0598688, 0.195001
-0.0602294, 0.196247
-0.0605844, 0.197475
-0.0609338, 0.198686
-0.0612778, 0.199879
-0.0616162, 0.201055
-0.0619492, 0.202214
-0.0622768, 0.203356
-0.0625991, 0.204481
-0.0629159, 0.205589
-0.0632275, 0.20668
-0.0635339, 0.207755
-0.063835, 0.208813
-0.064131, 0.209855
-0.0644219, 0.210881
-0.0647077, 0.211891
-0.0649885, 0.212885
-0.0654456, 0.214506
-0.0658892, 0.216084
-0.0663196, 0.21762
-0.066737, 0.219115
-0.0671418, 0.220568
-0.0675342, 0.221982
-0.0679145, 0.223357
-0.068283, 0.224693
-0.0686399, 0.225991
-0.0689856, 0.227253
-0.0693203, 0.22848
-0.0696443, 0.229671
-0.0699578, 0.230827
-0.0702612, 0.231951
-0.0705548, 0.233041
-0.0708387, 0.2341
-0.0711132, 0.235128
-0.0713787, 0.236126
-0.0716353, 0.237094
-0.0718834, 0.238034
-0.072123, 0.238946
-0.0723546, 0.23983
-0.0725783, 0.240688
-0.0727944, 0.241521
-0.073003, 0.242328
-0.0732044, 0.243111
-0.0733988, 0.24387
-0.0735864, 0.244606
-0.0737674, 0.24532
-0.0739421, 0.246012
-0.0741105, 0.246683
-0.0742729, 0.247334
-0.0744295, 0.247964
-0.0745805, 0.248575
-0.0747259, 0.249168
-0.074866, 0.249742
-0.075001, 0.250298
-0.0751309, 0.250838
-0.075256, 0.25136
-0.0753764, 0.251867
-0.0754923, 0.252358
-0.0756037, 0.252833
-0.0757108, 0.253294
-0.0758138, 0.25374
-0.0759128, 0.254172
-0.0760078, 0.254591
-0.0760991, 0.254997
-0.0761867, 0.25539
-0.0762707, 0.255771
-0.0763513, 0.25614
-0.0764285, 0.256497
-0.0765025, 0.256843
-0.0765734, 0.257179
-0.0766412, 0.257503
-0.076706, 0.257818
-0.076768, 0.258122
-0.0768272, 0.258417
-0.0768837, 0.258703
-0.0769376, 0.258979
-0.0769889, 0.259247
-0.0770378, 0.259506
-0.0770844, 0.259757
-0.0771286, 0.26
-0.0771705, 0.260235
-0.0772103, 0.260463
-0.077248, 0.260683
-0.0772836, 0.260896
-0.0773172, 0.261103
-0.0773489, 0.261303
-0.0773788, 0.261496
-0.0774068, 0.261683
-0.077433, 0.261864
-0.0774576, 0.262039
-0.0774804, 0.262209
-0.0775017, 0.262373
-0.0775214, 0.262531
-0.0775396, 0.262685
-0.0775563, 0.262833
-0.0775716, 0.262977
-0.0775855, 0.263115
-0.077598, 0.263249
-0.0776092, 0.263379
-0.0776192, 0.263504
-0.0776279, 0.263625
-0.0776354, 0.263742
-0.0776417, 0.263856
-0.0776469, 0.263965
-0.077651, 0.26407
-0.0776541, 0.264172
-0.077656, 0.26427
-0.077657, 0.264365
-0.077657, 0.264457
-0.077656, 0.264545
-0.0776541, 0.264631
-0.0776513, 0.264713
-0.0776476, 0.264792
-0.077643, 0.264868
-0.0776376, 0.264942
-0.0776314, 0.265013
-0.0776244, 0.265081
-0.0776045, 0.265235
-0.0775805, 0.265375
-0.0775525, 0.265502
-0.0775209, 0.265617
-0.0774859, 0.265721
-0.0774476, 0.265814
-0.0774062, 0.265898
-0.077362, 0.265972
-0.0773151, 0.266037
-0.0772657, 0.266095
-0.0772138, 0.266144
-0.0771597, 0.266186
-0.0771034, 0.266222
-0.0770451, 0.266251
-0.0769849, 0.266274
-0.0769228, 0.266291
-0.076859, 0.266303
-0.0767936, 0.266309
-0.0767266, 0.266311
-0.0766581, 0.266308
-0.0765881, 0.2663
-0.0765168, 0.266289
-0.0764442, 0.266273
-0.0763704, 0.266253
-0.0762953, 0.26623
-0.0762191, 0.266203
-0.0761419, 0.266172
-0.0760635, 0.266139
-0.0759842, 0.266102
-0.0759038, 0.266062
-0.0758226, 0.266019
-0.0757404, 0.265974
-0.0756574, 0.265925
-0.0755735, 0.265874
-0.0754888, 0.26582
-0.0754033, 0.265764
-0.075317, 0.265705
-0.07523, 0.265644
-0.0751422, 0.26558
-0.0750537, 0.265514
-0.0749646, 0.265446
-0.0748747, 0.265376
-0.0747843, 0.265303
-0.0746932, 0.265229
-0.0746014, 0.265152
-0.0745091, 0.265073
-0.0744162, 0.264993
-0.0743227, 0.26491
-0.0742286, 0.264825
-0.0741339, 0.264738
-0.0740388, 0.26465
-0.073943, 0.264559
-0.0738468, 0.264467
-0.07375, 0.264372
-0.0736527, 0.264276
-0.0735549, 0.264178
-0.0734566, 0.264078
-0.0733579, 0.263977
-0.0732586, 0.263873
-0.0731589, 0.263768
-0.0730587, 0.263661
-0.072958, 0.263552
-0.0728569, 0.263442
-0.0727553, 0.263329
-0.0726533, 0.263215
-0.0725509, 0.263099
-0.072448, 0.262982
-0.0723447, 0.262862
-0.0722409, 0.262741
-0.0721368, 0.262619
-0.0720322, 0.262494
-0.0719272, 0.262368
-0.0718218, 0.26224
-0.071716, 0.262111
-0.0716098, 0.261979
-0.0715033, 0.261846
-0.0713963, 0.261712
-0.0712889, 0.261575
-0.0711812, 0.261437
-0.0710731, 0.261297
-0.0709646, 0.261156
-0.0708557, 0.261013
-0.0707465, 0.260868
-0.0706369, 0.260722
-0.0705269, 0.260574
-0.0704166, 0.260424
-0.0703059, 0.260272
-0.0701949, 0.260119
-0.0700835, 0.259964
-0.0699718, 0.259808
-0.0698597, 0.25965
-0.0697473, 0.25949
-0.0696346, 0.259328
-0.0695215, 0.259165
-0.0694081, 0.259
-0.0692944, 0.258834
-0.0691803, 0.258666
-0.0690659, 0.258496
-0.0689512, 0.258325
-0.0688362, 0.258152
-0.0685957, 0.257786
-0.0683538, 0.257413
-0.0681106, 0.257033
-0.0678662, 0.256646
-0.0676204, 0.256252
-0.0673735, 0.25585
-0.0671253, 0.255442
-0.0668759, 0.255027
-0.0666254, 0.254605
-0.0663737, 0.254175
-0.0661209, 0.253739
-0.0658671, 0.253296
-0.0656121, 0.252846
-0.0653561, 0.252389
-0.0650992, 0.251925
-0.0648412, 0.251454
-0.0645822, 0.250977
-0.0643223, 0.250493
-0.0640615, 0.250002
-0.0637998, 0.249505
-0.0635372, 0.249
-0.0632738, 0.24849
-0.0630095, 0.247972
-0.0627445, 0.247449
-0.0624787, 0.246918
-0.0622121, 0.246382
-0.0619448, 0.245839
-0.0616769, 0.245289
-0.0614082, 0.244734
-0.0611389, 0.244172
-0.060869, 0.243604
-0.0605985, 0.24303
-0.0603274, 0.242449
-0.0600557, 0.241863
-0.0597835, 0.241271
-0.0595109, 0.240672
-0.0592377, 0.240068
-0.0589641, 0.239459
-0.05869, 0.238843
-0.0584156, 0.238222
-0.0581408, 0.237595
-0.0578656, 0.236962
-0.05759, 0.236324
-0.0573142, 0.235681
-0.0570381, 0.235032
-0.0567617, 0.234378
-0.0564851, 0.233719
-0.0562082, 0.233054
-0.0559312, 0.232385
-0.055654, 0.23171
-0.0553766, 0.231031
-0.0550991, 0.230346
-0.0548215, 0.229657
-0.0545438, 0.228963
-0.0542661, 0.228264
-0.0539884, 0.227561
-0.0537106, 0.226853
-0.0534328, 0.22614
-0.0531551, 0.225424
-0.0528774, 0.224703
-0.0525998, 0.223977
-0.0523223, 0.223248
-0.0520449, 0.222514
-0.0517676, 0.221776
-0.0514905, 0.221035
-0.0512136, 0.220289
-0.0509369, 0.21954
-0.0506604, 0.218787
-0.0503841, 0.218031
-0.0501081, 0.21727
-0.0498323, 0.216507
-0.0495569, 0.215739
-0.0492818, 0.214969
-0.049007, 0.214195
-0.0487326, 0.213418
-0.0484585, 0.212638
-0.0481848, 0.211855
-0.0479115, 0.211069
-0.0476387, 0.210281
-0.0473663, 0.209489
-0.0470943, 0.208695
-0.0468229, 0.207898
-0.0465519, 0.207098
-0.0462814, 0.206296
-0.0460115, 0.205492
-0.0457421, 0.204685
-0.0454733, 0.203876
-0.045205, 0.203064
-0.0449373, 0.202251
-0.0446702, 0.201436
-0.0444038, 0.200619
-0.044138, 0.199799
-0.0438728, 0.198978
-0.0436083, 0.198156
-0.0433445, 0.197331
-0.0430813, 0.196505
-0.0428189, 0.195678
-0.0425572, 0.194849
-0.0422962, 0.194019
-0.0420359, 0.193188
-0.0417764, 0.192355
-0.0415177, 0.191521
-0.0412598, 0.190686
-0.0410026, 0.18985
-0.0407463, 0.189013
-0.0404908, 0.188176
-0.040236, 0.187337
-0.0399822, 0.186498
-0.0397291, 0.185658
-0.039477, 0.184818
-0.0392257, 0.183977
-0.0389753, 0.183136
-0.0387257, 0.182294
-0.0384771, 0.181452
-0.0382293, 0.18061
-0.0379825, 0.179767
-0.0377366, 0.178925
-0.0374916, 0.178082
-0.0372476, 0.177239
-0.0370045, 0.176397
-0.0367623, 0.175554
-0.0365212, 0.174712
-0.036281, 0.17387
-0.0360417, 0.173028
-0.0358035, 0.172187
-0.0355662, 0.171346
-0.03533, 0.170506
-0.0350947, 0.169666
-0.0348605, 0.168827
-0.0346272, 0.167988
-0.034395, 0.16715
-0.0341638, 0.166313
-0.0339337, 0.165477
-0.0337046, 0.164641
-0.0334765, 0.163807
-0.0332494, 0.162973
-0.0330235, 0.162141
-0.0327985, 0.161309
-0.0325747, 0.160479
-0.0323519, 0.15965
-0.0321301, 0.158822
-0.0319094, 0.157996
-0.0316898, 0.15717
-0.0314713, 0.156346
-0.0312538, 0.155524
-0.0310375, 0.154703
-0.0308222, 0.153883
-0.030608, 0.153065
-0.0303949, 0.152249
-0.0301829, 0.151434
-0.0299719, 0.150621
-0.0297621, 0.14981
-0.0295534, 0.149
-0.0293457, 0.148192
-0.0291392, 0.147386
-0.0289337, 0.146582
-0.0287294, 0.145779
-0.0285261, 0.144979
-0.028324, 0.144181
-0.0281229, 0.143384
-0.027923, 0.14259
-0.0277242, 0.141798
-0.0275264, 0.141008
-0.0273298, 0.14022
-0.0271343, 0.139434
-0.0269399, 0.13865
-0.0267466, 0.137869
-0.0265543, 0.13709
-0.0263632, 0.136313
-0.0261732, 0.135538
-0.0259843, 0.134766
-0.0257965, 0.133996
-0.0256098, 0.133229
-0.0254242, 0.132464
-0.0252396, 0.131701
-0.0250562, 0.130941
-0.0248739, 0.130184
-0.0246926, 0.129429
-0.0245125, 0.128676
-0.0243334, 0.127926
-0.0241554, 0.127179
-0.0239785, 0.126434
-0.0238027, 0.125692
-0.023628, 0.124953
-0.0234543, 0.124216
-0.0232817, 0.123482
-0.0231102, 0.122751
-0.0229398, 0.122022
-0.0227704, 0.121296
-0.0226021, 0.120573
-0.0224349, 0.119853
-0.0222687, 0.119135
-0.0221036, 0.11842
-0.0219395, 0.117708
-0.0217765, 0.116999
-0.0216145, 0.116293
-0.0214535, 0.11559
-0.0212936, 0.114889
-0.0211348, 0.114192
-0.020977, 0.113497
-0.0208202, 0.112805
-0.0206644, 0.112116
-0.0205097, 0.11143
-0.0203559, 0.110747
-0.0202032, 0.110067
-0.0200515, 0.10939
-0.0199008, 0.108716
-0.0197512, 0.108045
-0.0196025, 0.107376
-0.0194548, 0.106711
-0.0193081, 0.106049
-0.0191624, 0.10539
-0.0190177, 0.104734
-0.018874, 0.10408
-0.0187312, 0.10343
-0.0185894, 0.102783
-0.0184486, 0.102139
-0.0183087, 0.101498
-0.0181698, 0.10086
-0.0180319, 0.100225
-0.0178949, 0.0995926
-0.0177589, 0.0989637
-0.0176238, 0.0983377
-0.0174896, 0.0977149
-0.0173564, 0.097095
-0.0172241, 0.0964782
-0.0170927, 0.0958645
-0.0169623, 0.0952538
-0.0168328, 0.0946461
-0.0167042, 0.0940415
-0.0165764, 0.0934399
-0.0164496, 0.0928414
-0.0163237, 0.0922459
-0.0161987, 0.0916535
-0.0160746, 0.0910641
-0.0159514, 0.0904778
-0.015829, 0.0898945
-0.0157075, 0.0893142
-0.0155869, 0.0887369
-0.0154672, 0.0881627
-0.0153483, 0.0875915
-0.0152303, 0.0870233
-0.0151131, 0.0864582
-0.0149968, 0.085896
-0.0148813, 0.0853369
-0.0147666, 0.0847808
-0.0146528, 0.0842277
-0.0145398, 0.0836775
-0.0144276, 0.0831304
-0.0143163, 0.0825862
-0.0142058, 0.0820451
-0.014096, 0.0815069
-0.0139871, 0.0809716
-0.013879, 0.0804394
-0.0137717, 0.07991
-0.0136651, 0.0793837
-0.0135594, 0.0788602
-0.0134544, 0.0783397
-0.0133502, 0.0778222
-0.0132468, 0.0773075
-0.0131442, 0.0767958
-0.0130423, 0.076287
-0.0129412, 0.0757811
-0.0128408, 0.075278
-0.0127411, 0.0747779
-0.0126423, 0.0742806
-0.0125441, 0.0737862
-0.0124467, 0.0732946
-0.01235, 0.0728059
-0.0122541, 0.0723201
-0.0121588, 0.071837
-0.0120643, 0.0713568
-0.0119705, 0.0708794
-0.0118774, 0.0704048
-0.011785, 0.0699331
-0.0116933, 0.069464
-0.0116023, 0.0689978
-0.011512, 0.0685343
-0.0114224, 0.0680736
-0.0113334, 0.0676157
-0.0112451, 0.0671604
-0.0111575, 0.0667079
-0.0110705, 0.0662581
-0.0109843, 0.0658111
-0.0108986, 0.0653667
-0.0108137, 0.064925
-0.0107294, 0.064486
-0.0106457, 0.0640497
-0.0105626, 0.0636159
-0.0104802, 0.0631849
-0.0103984, 0.0627565
-0.0103173, 0.0623306
-0.0102368, 0.0619075
-0.0101568, 0.0614869
-0.0100775, 0.0610689
-0.00999883, 0.0606535
-0.00992075, 0.0602407
-0.00984327, 0.0598304
-0.00976638, 0.0594226
-0.00969008, 0.0590174
-0.00953191, 0.0581754
-0.00937626, 0.0573444
-0.00922315, 0.0565244
-0.00907249, 0.0557151
-0.00892431, 0.0549165
-0.00877852, 0.0541286
-0.00863509, 0.0533511
-0.008494, 0.0525841
-0.00835521, 0.0518273
-0.00821869, 0.0510807
-0.00808442, 0.0503442
-0.00795235, 0.0496176
-0.00782242, 0.0489008
-0.00769462, 0.0481939
-0.00756894, 0.0474965
-0.0074453, 0.0468087
-0.00732368, 0.0461303
-0.0072041, 0.0454612
-0.00708647, 0.0448014
-0.00697077, 0.0441506
-0.00685697, 0.0435089
-0.00674502, 0.042876
-0.00663493, 0.042252
-0.00652666, 0.0416366
-0.00642018, 0.0410298
-0.00631546, 0.0404315
-0.00621247, 0.0398416
-0.00611119, 0.0392599
-0.00601159, 0.0386864
-0.00591363, 0.0381211
-0.0058173, 0.0375637
-0.00572256, 0.0370142
-0.00562938, 0.0364724
-0.00553774, 0.0359384
-0.0054476, 0.0354119
-0.00535897, 0.0348929
-0.00527183, 0.0343813
-0.00518611, 0.033877
-0.00510183, 0.0333799
-0.00501891, 0.0328899
-0.00493737, 0.0324069
-0.00485719, 0.0319309
-0.00477837, 0.0314616
-0.00470084, 0.0309991
-0.00462458, 0.0305433
-0.00454962, 0.030094
-0.0044759, 0.0296511
-0.00440339, 0.0292147
-0.0043321, 0.0287845
-0.00426197, 0.0283606
-0.004193, 0.0279428
-0.00412514, 0.0275311
-0.00405844, 0.0271253
-0.00399282, 0.0267253
-0.00392831, 0.0263312
-0.00386481, 0.0259428
-0.00380239, 0.0255601
-0.003741, 0.0251829
-0.00368062, 0.0248112
-0.00362124, 0.0244449
-0.00356286, 0.0240839
-0.00350544, 0.0237282
-0.00344897, 0.0233776
-0.00339342, 0.0230323
-0.00333879, 0.0226919
-0.00328507, 0.0223565
-0.00323226, 0.022026
-0.0031803, 0.0217003
-0.0031292, 0.0213795
-0.00307895, 0.0210633
-0.00302954, 0.0207517
-0.00298093, 0.0204448
-0.00293314, 0.0201423
-0.00288614, 0.0198443
-0.00283989, 0.0195506
-0.00279441, 0.0192613
-0.00274968, 0.0189762
-0.0027057, 0.0186953
-0.00266244, 0.0184186
-0.00261989, 0.0181459
-0.00257802, 0.0178773
-0.00253685, 0.0176126
-0.00249636, 0.0173518
-0.00245654, 0.0170949
-0.00241738, 0.0168417
-0.00237885, 0.0165923
-0.00234095, 0.0163466
-0.00230366, 0.0161045
-0.00226701, 0.015866
-0.00223095, 0.015631
-0.00219549, 0.0153995
-0.0021606, 0.0151714
-0.00212627, 0.0149467
-0.00209251, 0.0147253
-0.00205929, 0.0145071
-0.00202663, 0.0142923
-0.0019945, 0.0140805
-0.0019629, 0.0138719
-0.00193181, 0.0136665
-0.00190122, 0.013464
-0.00187112, 0.0132646
-0.00184151, 0.0130681
-0.00181238, 0.0128745
-0.00178374, 0.0126838
-0.00175557, 0.012496
-0.00172783, 0.0123109
-0.00170056, 0.0121285
-0.00167374, 0.0119489
-0.00164733, 0.0117719
-0.00162136, 0.0115975
-0.00159582, 0.0114258
-0.0015707, 0.0112565
-0.001546, 0.0110898
-0.00152169, 0.0109256
-0.00149777, 0.0107638
-0.00147423, 0.0106044
-0.00145106, 0.0104474
-0.00142828, 0.0102927
-0.00140587, 0.0101403
-0.00138379, 0.00999015
-0.00136209, 0.00984223
-0.00134074, 0.00969652
-0.00131974, 0.00955297
-0.00129908, 0.00941156
-0.00127874, 0.00927226
-0.00125874, 0.00913502
-0.00123906, 0.00899982
-0.00121969, 0.00886664
-0.00120063, 0.00873543
-0.00118188, 0.00860617
-0.00116344, 0.00847882
-0.00114528, 0.00835337
-0.00112742, 0.00822978
-0.00110984, 0.00810801
-0.00109255, 0.00798806
-0.00107555, 0.00786989
-0.0010588, 0.00775348
-0.00104233, 0.00763879
-0.00102612, 0.00752581
-0.00101015, 0.0074145
-0.000994449, 0.00730482
-0.000978994, 0.0071968
-0.000963801, 0.0070904
-0.00094884, 0.00698557
-0.000934103, 0.00688227
-0.000919596, 0.00678052
-0.000905346, 0.00668028
-0.000891315, 0.00658153
-0.000877515, 0.00648425
-0.000863935, 0.00638841
-0.000850557, 0.00629396
-0.000837393, 0.00620093
-0.000824438, 0.00610927
-0.000811669, 0.00601898
-0.000799131, 0.00593005
-0.000786769, 0.00584244
-0.000774624, 0.00575612
-0.000762643, 0.00567103
-0.000750871, 0.00558724
-0.000739319, 0.00550469
-0.00072792, 0.00542337
-0.000716689, 0.00534317
-0.000705641, 0.00526423
-0.000694768, 0.00518646
-0.000684069, 0.00510981
-0.000673535, 0.00503428
-0.000663154, 0.00495994
-0.000652923, 0.00488663
-0.000642877, 0.00481444
-0.00063297, 0.00474329
-0.00062323, 0.00467324
-0.000613671, 0.00460415
-0.000604218, 0.00453612
-0.000594925, 0.00446906
-0.00058574, 0.00440297
-0.000576745, 0.00433787
-0.000567901, 0.00427375
-0.000559168, 0.00421056
-0.000550587, 0.00414829
-0.000542169, 0.00408701
-0.000533858, 0.00402661
-0.00052566, 0.00396712
-0.000517584, 0.00390851
-0.000509652, 0.00385073
-0.000501824, 0.00379383
-0.000494129, 0.00373775
-0.000486527, 0.00368251
-0.000479095, 0.00362806
-0.000471781, 0.00357446
-0.000464556, 0.00352166
-0.000457478, 0.00346965
-0.00045057, 0.00341828
-0.000443704, 0.00336774
-0.000436911, 0.00331794
-0.000430224, 0.00326878
-0.00042364, 0.00322041
-0.000417157, 0.00317276
-0.000410789, 0.0031258
-0.000404485, 0.00307956
-0.000398316, 0.00303402
-0.00038973, 0.00297057
-0.000381324, 0.00290848
-0.000373114, 0.00284768
-0.000365069, 0.00278816
-0.000357177, 0.00272988
-0.000349475, 0.00267282
-0.000341978, 0.00261697
-0.000334607, 0.00256233
-0.000327394, 0.00250881
-0.000320353, 0.00245644
-0.000313474, 0.00240516
-0.000306728, 0.00235493
-0.000300151, 0.00230577
-0.000293692, 0.00225762
-0.00028738, 0.00221047
-0.00028123, 0.0021643
-0.000275192, 0.0021191
-0.000269275, 0.00207483
-0.000263506, 0.00203155
-0.000257844, 0.00198916
-0.000252338, 0.00194763
-0.000246929, 0.00190697
-0.000241641, 0.0018672
-0.000236478, 0.00182824
-0.000231392, 0.00179007
-0.000226442, 0.00175266
-0.000221575, 0.00171611
-0.000216839, 0.00168031
-0.000212185, 0.00164526
-0.00020767, 0.00161092
-0.000203204, 0.00157731
-0.000198854, 0.00154438
-0.000194599, 0.00151211
-0.000190428, 0.0014806
-0.000186354, 0.00144969
-0.000182367, 0.00141946
-0.000178469, 0.00138983
-0.000174657, 0.00136084
-0.000170916, 0.00133238
-0.000167258, 0.00130458
-0.000163701, 0.00127731
-0.000160216, 0.00125059
-0.000156747, 0.00122443
-0.000153389, 0.00119888
-0.000150119, 0.00117385
-0.000146891, 0.0011493
-0.000143717, 0.00112533
-0.000140612, 0.00110177
-0.000137587, 0.00107877
-0.000134639, 0.00105623
-0.000131765, 0.00103408
-0.000128869, 0.00101244
-0.000126115, 0.000991267
-0.000123394, 0.000970491
-0.000120803, 0.000950171
-0.000118255, 0.000930318
-0.000115749, 0.000910841
-0.000113248, 0.000891748
-0.000110866, 0.000873096
-0.000108497, 0.000854814
-0.000106196, 0.000836922
-0.000103927, 0.000819422
-0.0001017, 0.000802241
-9.95599e-05, 0.000785384
-9.73975e-05, 0.000768934
-9.52819e-05, 0.000752894
-9.32441e-05, 0.000737085
-9.12508e-05, 0.000721608
-8.93097e-05, 0.000706407
-8.7416e-05, 0.000691541
-8.56333e-05, 0.000677031
-8.38156e-05, 0.000662801
-8.20958e-05, 0.000648823
-8.0361e-05, 0.00063515
-7.86267e-05, 0.000621859
-7.69693e-05, 0.000608806
-7.53789e-05, 0.000596009
-7.37832e-05, 0.000583481
-7.2229e-05, 0.000571209
-7.06619e-05, 0.000559234
-6.91759e-05, 0.000547433
-6.77368e-05, 0.000535958
-6.62739e-05, 0.00052471
-6.48961e-05, 0.000513674
-6.35374e-05, 0.000502871
-6.21987e-05, 0.000492269
-6.08469e-05, 0.000481916
-5.95687e-05, 0.000471761
-5.83567e-05, 0.000461863
-5.71762e-05, 0.000452148
-5.5977e-05, 0.00044266
-5.47642e-05, 0.00043337
-5.35918e-05, 0.000424226
-5.24896e-05, 0.000415344
-5.13589e-05, 0.000406635
-5.0302e-05, 0.000398104
-4.92721e-05, 0.000389658
-4.82638e-05, 0.000381491
-4.72446e-05, 0.000373498
-4.624e-05, 0.000365684
-4.52538e-05, 0.000358001
-4.43041e-05, 0.000350507
-4.33178e-05, 0.000343151
-4.24133e-05, 0.000335931
-4.15522e-05, 0.000328853
-4.07015e-05, 0.000321935
-3.98422e-05, 0.000315148
-3.90791e-05, 0.0003085
-3.82494e-05, 0.00030202
-3.74197e-05, 0.000295673
-3.65518e-05, 0.000289483
-3.57801e-05, 0.000283414
-3.50469e-05, 0.000277446
-3.43174e-05, 0.00027166
-3.35899e-05, 0.000265984
-3.29195e-05, 0.00026038
-3.22229e-05, 0.000254946
-3.15756e-05, 0.000249586
-3.08903e-05, 0.000244337
-3.02455e-05, 0.000239212
-2.95987e-05, 0.000234194
-2.89794e-05, 0.000229242
-2.83531e-05, 0.000224444
-2.7736e-05, 0.000219728
-2.71538e-05, 0.000215119
-2.65744e-05, 0.000210598
-2.6e-05, 0.000206156
-2.54473e-05, 0.000201813
-2.48951e-05, 0.00019755
-2.43685e-05, 0.000193386
-2.38777e-05, 0.000189329
-2.33711e-05, 0.000185363
-2.28633e-05, 0.000181485
-2.236e-05, 0.000177655
-2.19057e-05, 0.000173904
-2.14449e-05, 0.000170218
-2.0995e-05, 0.000166619
-2.05392e-05, 0.000163114
-2.01032e-05, 0.000159658
-1.969e-05, 0.00015628
-1.92554e-05, 0.000152975
-1.88488e-05, 0.000149729
-1.84469e-05, 0.000146557
-1.80517e-05, 0.000143486
-1.76789e-05, 0.000140466
-1.72973e-05, 0.0001375
-1.6948e-05, 0.000134604
-1.65979e-05, 0.000131756
-1.62432e-05, 0.000128993
-1.5901e-05, 0.000126249
-1.55677e-05, 0.00012356
-1.52332e-05, 0.00012095
-1.49123e-05, 0.00011837
-1.45947e-05, 0.000115868
-1.42868e-05, 0.000113417
-1.40014e-05, 0.000111013
-1.37148e-05, 0.000108656
-1.34249e-05, 0.000106346
-1.3135e-05, 0.000104079
-1.28728e-05, 0.000101861
-1.25863e-05, 9.9703e-05
-1.23293e-05, 9.75785e-05
-1.20647e-05, 9.54986e-05
-1.18182e-05, 9.3464e-05
-1.15615e-05, 9.14716e-05
-1.13292e-05, 8.95292e-05
-1.10977e-05, 8.76214e-05
-1.08446e-05, 8.57547e-05
-1.06108e-05, 8.3933e-05
-1.03768e-05, 8.21231e-05
-1.01556e-05, 8.03612e-05
-9.93687e-06, 7.86661e-05
-9.73107e-06, 7.69719e-05
-9.52516e-06, 7.53231e-05
-9.33632e-06, 7.37124e-05
-9.14033e-06, 7.2152e-05
-8.96846e-06, 7.06046e-05
-8.77361e-06, 6.90996e-05
-8.59099e-06, 6.76387e-05
-8.40578e-06, 6.61931e-05
-8.22141e-06, 6.47748e-05
-8.04509e-06, 6.33912e-05
-7.87946e-06, 6.20539e-05
-7.71203e-06, 6.07268e-05
-7.5445e-06, 5.94222e-05
-7.38854e-06, 5.81459e-05
-7.25172e-06, 5.69022e-05
-7.09042e-06, 5.56949e-05
-6.93411e-06, 5.45218e-05
-6.78153e-06, 5.33409e-05
-6.62904e-06, 5.22035e-05
-6.48573e-06, 5.10937e-05
-6.32934e-06, 5.00022e-05
-6.18096e-06, 4.89404e-05
-6.05423e-06, 4.79009e-05
-5.92608e-06, 4.6874e-05
-5.80095e-06, 4.58823e-05
-5.67854e-06, 4.48927e-05
-5.54205e-06, 4.39356e-05
-5.41794e-06, 4.30074e-05
-5.30268e-06, 4.21012e-05
-5.18521e-06, 4.1206e-05
-5.0758e-06, 4.03278e-05
-4.97127e-06, 3.94527e-05
-4.86344e-06, 3.8609e-05
-4.75377e-06, 3.77835e-05
-4.64341e-06, 3.6975e-05
-4.54033e-06, 3.61846e-05
-4.44718e-06, 3.54135e-05
-4.35353e-06, 3.46634e-05
-4.27083e-06, 3.3927e-05
-4.18289e-06, 3.32049e-05
-4.09402e-06, 3.2499e-05
-4.00621e-06, 3.18004e-05
-3.93253e-06, 3.11221e-05
-3.86028e-06, 3.04593e-05
-3.78535e-06, 2.98075e-05
-3.70159e-06, 2.91713e-05
-3.62005e-06, 2.85502e-05
-3.54328e-06, 2.79498e-05
-3.45817e-06, 2.73615e-05
-3.38699e-06, 2.67791e-05
-3.31325e-06, 2.62118e-05
-3.24109e-06, 2.56575e-05
-3.17072e-06, 2.51131e-05
-3.0981e-06, 2.45816e-05
-3.03654e-06, 2.4062e-05
-2.9775e-06, 2.35521e-05
-2.91704e-06, 2.30504e-05
-2.85636e-06, 2.25646e-05
-2.79582e-06, 2.20896e-05
-2.7395e-06, 2.16212e-05
-2.68223e-06, 2.11672e-05
-2.6271e-06, 2.07193e-05
-2.57326e-06, 2.02789e-05
-2.5202e-06, 1.98537e-05
-2.46767e-06, 1.94327e-05
-2.41752e-06, 1.90224e-05
-2.36534e-06, 1.86205e-05
-2.31363e-06, 1.82331e-05
-2.26391e-06, 1.7852e-05
-2.21763e-06, 1.74775e-05
-2.17072e-06, 1.71102e-05
-2.12222e-06, 1.67531e-05
-2.07863e-06, 1.64001e-05
-2.03604e-06, 1.60569e-05
-1.99541e-06, 1.57219e-05
-1.95418e-06, 1.53916e-05
-1.91299e-06, 1.50677e-05
-1.87357e-06, 1.4752e-05
-1.8345e-06, 1.44429e-05
-1.79465e-06, 1.41404e-05
-1.75548e-06, 1.38453e-05
-1.71849e-06, 1.35558e-05
-1.6833e-06, 1.32713e-05
-1.64927e-06, 1.29941e-05
-1.61223e-06, 1.27227e-05
-1.57855e-06, 1.24568e-05
-1.54314e-06, 1.21955e-05
-1.51394e-06, 1.19392e-05
-1.48313e-06, 1.16883e-05
-1.45171e-06, 1.14414e-05
-1.42258e-06, 1.1201e-05
-1.39309e-06, 1.09654e-05
-1.36453e-06, 1.07356e-05
-1.33595e-06, 1.05105e-05
-1.30722e-06, 1.02892e-05
-1.27753e-06, 1.00746e-05
-1.2512e-06, 9.86402e-06
-1.22529e-06, 9.65724e-06
-1.20118e-06, 9.45605e-06
-1.17646e-06, 9.25895e-06
-1.15146e-06, 9.06532e-06
-1.12635e-06, 8.87642e-06
-1.10255e-06, 8.69096e-06
-1.07977e-06, 8.50895e-06
-1.05685e-06, 8.33167e-06
-1.03425e-06, 8.1563e-06
-1.01288e-06, 7.98523e-06
-9.90727e-07, 7.8186e-06
-9.71702e-07, 7.65601e-06
-9.50994e-07, 7.49549e-06
-9.30308e-07, 7.3382e-06
-9.10899e-07, 7.18393e-06
-8.92065e-07, 7.03367e-06
-8.72521e-07, 6.88694e-06
-8.55115e-07, 6.74229e-06
-8.36058e-07, 6.60121e-06
-8.18151e-07, 6.4634e-06
-8.00168e-07, 6.3299e-06
-7.83531e-07, 6.19858e-06
-7.66791e-07, 6.06954e-06
-7.49629e-07, 5.94271e-06
-7.33906e-07, 5.81793e-06
-7.18166e-07, 5.69677e-06
-7.02781e-07, 5.57783e-06
-6.88125e-07, 5.46176e-06
-6.74195e-07, 5.34819e-06
-6.60407e-07, 5.23672e-06
-6.46578e-07, 5.12812e-06
-6.32288e-07, 5.02094e-06
-6.18437e-07, 4.91704e-06
-6.04901e-07, 4.81516e-06
-5.92339e-07, 4.71551e-06
-5.7955e-07, 4.61747e-06
-5.67954e-07, 4.52144e-06
-5.56483e-07, 4.4276e-06
-5.44734e-07, 4.33517e-06
-5.33476e-07, 4.24594e-06
-5.2225e-07, 4.15762e-06
-5.1142e-07, 4.07115e-06
-5.01002e-07, 3.98576e-06
-4.90726e-07, 3.90302e-06
-4.80491e-07, 3.82277e-06
-4.70805e-07, 3.74304e-06
-4.61862e-07, 3.66451e-06
-4.52248e-07, 3.58916e-06
-4.42804e-07, 3.51499e-06
-4.34336e-07, 3.44269e-06
-4.25192e-07, 3.37122e-06
-4.169e-07, 3.30179e-06
-4.08514e-07, 3.23357e-06
-4.00411e-07, 3.16667e-06
-3.92345e-07, 3.10138e-06
-3.8457e-07, 3.03633e-06
-3.76433e-07, 2.97317e-06
-3.68412e-07, 2.91205e-06
-3.60871e-07, 2.85059e-06
-3.53612e-07, 2.79167e-06
-3.46533e-07, 2.73347e-06
-3.40296e-07, 2.67659e-06
-3.33316e-07, 2.6215e-06
-3.26168e-07, 2.56752e-06
-3.19129e-07, 2.51437e-06
-3.12334e-07, 2.46261e-06
-3.05326e-07, 2.41164e-06
-2.99238e-07, 2.36191e-06
-2.93001e-07, 2.31309e-06
-2.86929e-07, 2.26551e-06
-2.81486e-07, 2.21835e-06
-2.75745e-07, 2.17248e-06
-2.70136e-07, 2.12763e-06
-2.64504e-07, 2.08384e-06
-2.59194e-07, 2.04107e-06
-2.5408e-07, 1.99926e-06
-2.48696e-07, 1.95823e-06
-2.43346e-07, 1.91757e-06
-2.37895e-07, 1.87759e-06
-2.32818e-07, 1.83942e-06
-2.27704e-07, 1.80159e-06
-2.23712e-07, 1.76475e-06
-2.19172e-07, 1.72858e-06
-2.1452e-07, 1.69314e-06
-2.1005e-07, 1.65828e-06
-2.06099e-07, 1.62375e-06
-2.02488e-07, 1.59025e-06
-1.98692e-07, 1.55797e-06
-1.95436e-07, 1.52628e-06
-1.91636e-07, 1.49491e-06
-1.87498e-07, 1.46406e-06
-1.84143e-07, 1.43365e-06
-1.8076e-07, 1.40401e-06
-1.77316e-07, 1.37509e-06
-1.73739e-07, 1.34705e-06
-1.70762e-07, 1.31957e-06
-1.67721e-07, 1.2926e-06
-1.64268e-07, 1.26673e-06
-1.61066e-07, 1.24121e-06
-1.57956e-07, 1.21535e-06
-1.5473e-07, 1.19024e-06
-1.51348e-07, 1.16592e-06
-1.48129e-07, 1.1421e-06
-1.45116e-07, 1.1189e-06
-1.41641e-07, 1.09559e-06
-1.38927e-07, 1.0728e-06
-1.3591e-07, 1.05075e-06
-1.3304e-07, 1.02938e-06
-1.30112e-07, 1.00861e-06
-1.27418e-07, 9.88034e-07
-1.24942e-07, 9.68132e-07
-1.2258e-07, 9.48687e-07
-1.19855e-07, 9.29722e-07
-1.17655e-07, 9.10806e-07
-1.14998e-07, 8.92586e-07
-1.12948e-07, 8.74675e-07
-1.1074e-07, 8.57071e-07
-1.08524e-07, 8.39752e-07
-1.05708e-07, 8.23042e-07
-1.03463e-07, 8.06655e-07
-1.00579e-07, 7.90657e-07
-9.84803e-08, 7.75163e-07
-9.62092e-08, 7.59518e-07
-9.40466e-08, 7.44312e-07
-9.24559e-08, 7.29333e-07
-9.06941e-08, 7.14535e-07
-8.88203e-08, 7.00191e-07
-8.72826e-08, 6.85943e-07
-8.57339e-08, 6.72224e-07
-8.42956e-08, 6.5922e-07
-8.26334e-08, 6.46405e-07
-8.04231e-08, 6.27438e-07
-7.85686e-08, 6.10114e-07
-7.7268e-08, 5.92278e-07
-7.63082e-08, 5.75178e-07
-7.44143e-08, 5.59273e-07
-7.0947e-08, 5.44607e-07
-6.94951e-08, 5.29192e-07
-6.68863e-08, 5.13559e-07
-6.46991e-08, 4.98066e-07
-6.32901e-08, 4.84975e-07
-6.20955e-08, 4.71387e-07
-5.99075e-08, 4.58955e-07
-5.74165e-08, 4.46672e-07
-5.55525e-08, 4.33774e-07
-5.44197e-08, 4.21419e-07
-5.31539e-08, 4.09505e-07
-5.11524e-08, 3.98177e-07
-4.9586e-08, 3.87171e-07
-4.81175e-08, 3.76042e-07
-4.65732e-08, 3.65288e-07
-4.51672e-08, 3.54491e-07
-4.30593e-08, 3.45111e-07
-4.19416e-08, 3.3545e-07
-4.04143e-08, 3.26625e-07
-3.9003e-08, 3.17895e-07
-3.78321e-08, 3.09857e-07
-3.62258e-08, 3.01415e-07
-3.54838e-08, 2.92616e-07
-3.41313e-08, 2.84606e-07
-3.29654e-08, 2.76666e-07
-3.28042e-08, 2.69458e-07
-3.19211e-08, 2.6153e-07
-3.06713e-08, 2.53701e-07
-2.93429e-08, 2.46137e-07
-2.85066e-08, 2.38753e-07
-2.7722e-08, 2.32434e-07
-2.70404e-08, 2.25814e-07
-2.62348e-08, 2.19604e-07
-2.53825e-08, 2.12919e-07
-2.51799e-08, 2.06584e-07
-2.43868e-08, 2.01405e-07
-2.34596e-08, 1.95767e-07
-2.28132e-08, 1.90641e-07
-2.24032e-08, 1.85576e-07
-2.1305e-08, 1.80221e-07
-2.04078e-08, 1.75363e-07
-2.01099e-08, 1.70556e-07
-1.97017e-08, 1.65563e-07
-1.9291e-08, 1.61271e-07
-1.9206e-08, 1.56567e-07
-1.84762e-08, 1.52355e-07
-1.77425e-08, 1.48155e-07
-1.73728e-08, 1.43952e-07
-1.73564e-08, 1.4006e-07
-1.66976e-08, 1.36085e-07
-1.70948e-08, 1.32255e-07
-1.66442e-08, 1.28669e-07
-1.60108e-08, 1.2532e-07
-1.56077e-08, 1.21702e-07
-1.52345e-08, 1.1878e-07
-1.43825e-08, 1.15713e-07
-1.35706e-08, 1.1239e-07
-1.34227e-08, 1.09194e-07
-1.29743e-08, 1.06171e-07
-1.28194e-08, 1.0264e-07
-1.26087e-08, 9.96935e-08
-1.22641e-08, 9.69629e-08
-1.20331e-08, 9.4329e-08
-1.17794e-08, 9.20868e-08
-1.18575e-08, 8.95339e-08
-1.15124e-08, 8.65841e-08
-1.09806e-08, 8.40166e-08
-1.06645e-08, 8.18203e-08
-1.02988e-08, 7.99088e-08
-9.8458e-09, 7.79426e-08
-9.31177e-09, 7.5913e-08
-9.19633e-09, 7.38418e-08
-9.0503e-09, 7.17857e-08
-8.72722e-09, 6.96303e-08
-8.648e-09, 6.81357e-08
-8.20367e-09, 6.63854e-08
-8.19899e-09, 6.51418e-08
-8.41854e-09, 6.36727e-08
-8.26556e-09, 6.17792e-08
-7.98174e-09, 6.00914e-08
-7.79099e-09, 5.8569e-08
-7.56162e-09, 5.71582e-08
-7.37464e-09, 5.55597e-08
-7.48335e-09, 5.38557e-08
-7.28428e-09, 5.28053e-08
-6.79688e-09, 5.16955e-08
-6.35697e-09, 5.02953e-08
-6.13253e-09, 4.88472e-08
-6.12419e-09, 4.75291e-08
-5.99167e-09, 4.62621e-08
-5.92299e-09, 4.48149e-08
-5.77291e-09, 4.35347e-08
-5.73396e-09, 4.20533e-08
-5.60224e-09, 4.1236e-08
-5.31359e-09, 4.01676e-08
-5.05948e-09, 3.93423e-08
-4.69708e-09, 3.83152e-08
-4.5351e-09, 3.72711e-08
-4.71676e-09, 3.6206e-08
-4.38444e-09, 3.50779e-08
-4.41796e-09, 3.42497e-08
-4.35711e-09, 3.3305e-08
-3.96846e-09, 3.2693e-08
-3.74244e-09, 3.23181e-08
-3.63689e-09, 3.17259e-08
-3.57343e-09, 3.10768e-08
-3.51987e-09, 3.03333e-08
-3.3267e-09, 2.948e-08
-3.32302e-09, 2.90628e-08
-3.15642e-09, 2.83822e-08
-2.99251e-09, 2.79749e-08
-2.6499e-09, 2.75414e-08
-2.60744e-09, 2.68488e-08
-2.5096e-09, 2.64521e-08
-2.55936e-09, 2.62296e-08
-2.61085e-09, 2.56744e-08
-2.8179e-09, 2.4921e-08
-2.53223e-09, 2.43069e-08
-2.31008e-09, 2.37717e-08
-2.29807e-09, 2.31745e-08
-2.26628e-09, 2.26559e-08
-2.40014e-09, 2.22038e-08
-2.20422e-09, 2.18599e-08
-2.08113e-09, 2.1351e-08
-2.25209e-09, 2.06869e-08
-1.93055e-09, 2.05721e-08
-1.9705e-09, 1.98669e-08
-1.99412e-09, 1.94618e-08
-2.31782e-09, 1.88939e-08
-2.15424e-09, 1.86179e-08
-1.85929e-09, 1.84508e-08
-1.84035e-09, 1.82857e-08
-1.94324e-09, 1.78548e-08
-2.02143e-09, 1.73701e-08
-1.93954e-09, 1.71151e-08
-1.93747e-09, 1.69065e-08
-1.84917e-09, 1.65642e-08
-1.97941e-09, 1.62558e-08
-1.99297e-09, 1.58703e-08
-1.96457e-09, 1.54019e-08
-2.18295e-09, 1.55578e-08
-2.33257e-09, 1.52381e-08
-2.49926e-09, 1.49383e-08
-2.4712e-09, 1.44579e-08
-2.32615e-09, 1.412e-08
-2.65151e-09, 1.45144e-08
-2.66266e-09, 1.42141e-08
-2.67043e-09, 1.41178e-08
-2.70025e-09, 1.38306e-08
-2.83872e-09, 1.35165e-08
-2.87437e-09, 1.33526e-08
-2.95974e-09, 1.30073e-08
-2.55038e-09, 1.26249e-08
-2.42904e-09, 1.24246e-08
-2.35585e-09, 1.25059e-08
-2.28077e-09, 1.2179e-08
-2.08751e-09, 1.19672e-08
-2.29355e-09, 1.17442e-08
-2.49947e-09, 1.18032e-08
-2.65195e-09, 1.19028e-08
-2.45899e-09, 1.15926e-08
-2.21929e-09, 1.09173e-08
-2.02032e-09, 1.16085e-08
-1.5094e-09, 1.22023e-08
-1.68406e-09, 1.1344e-08
-1.2853e-09, 1.26625e-08
-1.11617e-09, 1.31908e-08
-1.88461e-09, 1.44956e-08
-1.95541e-09, 1.45148e-08
-1.35887e-09, 1.47335e-08
-1.55029e-09, 1.49346e-08
-1.58197e-09, 1.48031e-08
-2.89743e-09, 1.5098e-08
-4.39985e-09, 1.69656e-08
-6.11621e-09, 1.75223e-08
-5.97802e-09, 1.49078e-08
-6.2626e-09, 1.5788e-08
-5.11978e-09, 1.67471e-08
-5.93198e-09, 1.65411e-08
-7.68351e-09, 1.90269e-08
-7.59177e-09, 1.89567e-08
-8.10982e-09, 2.02792e-08
-6.52211e-09, 1.97652e-08
-5.93984e-09, 1.98845e-08
-5.30625e-09, 1.98773e-08
-4.84761e-09, 1.95482e-08
-4.99024e-09, 2.10316e-08
-5.52135e-09, 2.00263e-08
-4.77975e-09, 2.05861e-08
-4.08112e-09, 2.22027e-08
-2.61784e-09, 2.33735e-08
-1.68685e-09, 2.50954e-08
-1.72084e-09, 2.4617e-08
-7.57373e-10, 2.70477e-08
-3.11362e-10, 2.62344e-08
-6.55246e-10, 2.5769e-08
-1.80458e-09, 2.71866e-08
-3.29928e-09, 2.71226e-08
-1.52577e-09, 2.8073e-08
-1.60573e-09, 2.68335e-08
-2.68069e-09, 2.84153e-08
-2.50081e-09, 2.76027e-08
-3.12313e-09, 2.66695e-08
-1.37621e-09, 2.73221e-08
-2.17154e-09, 2.56942e-08
-4.5163e-09, 2.67639e-08
-5.56826e-09, 2.6963e-08
-5.19847e-09, 2.85216e-08
-5.77269e-09, 2.75242e-08
-5.02366e-09, 2.63335e-08
-2.73871e-09, 2.71249e-08
-8.80792e-10, 2.78873e-08
-1.15574e-09, 2.82159e-08
-8.5826e-10, 2.9382e-08
-1.84748e-09, 2.82082e-08
-1.53296e-09, 2.81429e-08
-1.39856e-09, 2.86869e-08
-1.64803e-09, 2.83285e-08
6.86273e-11, 2.71483e-08
1.16166e-09, 2.68118e-08
1.34417e-09, 2.67468e-08
5.01977e-10, 2.50585e-08
3.18453e-11, 2.62863e-08
8.7878e-10, 2.90794e-08
2.00597e-10, 2.8638e-08
2.93522e-10, 2.79637e-08
7.93553e-10, 2.77032e-08
1.16798e-09, 2.88542e-08
8.39704e-10, 3.15579e-08
1.33359e-09, 3.25106e-08
2.3468e-09, 3.15299e-08
2.89867e-09, 3.13452e-08
3.98172e-09, 3.18129e-08
3.46425e-09, 3.02615e-08
4.09258e-09, 2.9637e-08
2.63412e-09, 2.74286e-08
1.60424e-09, 2.66829e-08
3.00225e-09, 2.673e-08
4.09513e-09, 2.73606e-08
3.70505e-09, 2.79105e-08
3.42877e-09, 2.62048e-08
3.34098e-09, 2.56248e-08
2.88047e-09, 2.46809e-08
1.92795e-09, 2.34929e-08
2.27015e-09, 2.28575e-08
1.82274e-09, 2.28967e-08
1.96304e-09, 2.22076e-08
1.04338e-09, 2.22383e-08
4.88084e-10, 2.15421e-08
2.52534e-10, 2.10558e-08
1.5067e-09, 1.9235e-08
1.46261e-09, 1.89364e-08
1.32785e-09, 1.85688e-08
3.08394e-10, 1.86536e-08
3.63345e-10, 1.77868e-08
5.81193e-10, 1.75084e-08
7.07076e-10, 1.67224e-08
-4.23657e-11, 1.61202e-08
2.26665e-10, 1.56359e-08
5.97195e-10, 1.52979e-08
7.13462e-10, 1.47008e-08
8.61606e-10, 1.44926e-08
8.84337e-10, 1.37055e-08
7.9334e-10, 1.29233e-08
5.89732e-10, 1.2562e-08
7.18841e-10, 1.24996e-08
7.38619e-10, 1.26224e-08
8.9649e-10, 1.23345e-08
1.0149e-09, 1.18431e-08
1.03184e-09, 1.13563e-08
9.91729e-10, 1.10662e-08
8.3563e-10, 1.13529e-08
6.57166e-10, 1.09508e-08
6.73351e-10, 1.06404e-08
6.48762e-10, 1.04196e-08
7.19694e-10, 9.81235e-09
6.41537e-10, 9.58403e-09
5.72619e-10, 9.38762e-09
5.55027e-10, 9.10607e-09
4.47568e-10, 9.20571e-09
3.44699e-10, 9.26536e-09
3.74661e-10, 8.8156e-09
1.82694e-10, 8.67563e-09
8.57913e-11, 8.6845e-09
8.74109e-11, 8.53234e-09
7.50977e-11, 8.27153e-09
2.03829e-10, 7.79278e-09
1.82185e-10, 7.52558e-09
1.89305e-10, 7.35975e-09
2.08267e-10, 7.20509e-09
1.98354e-10, 6.99057e-09
1.91261e-10, 6.81923e-09
1.96252e-10, 6.62902e-09
2.23619e-10, 6.44665e-09
2.34571e-10, 6.2455e-09
2.26307e-10, 6.06957e-09
2.16335e-10, 5.92375e-09
2.04668e-10, 5.77925e-09
1.93589e-10, 5.63855e-09
1.82708e-10, 5.50114e-09
1.75915e-10, 5.37209e-09
1.67089e-10, 5.2443e-09
1.59958e-10, 5.12108e-09
1.55068e-10, 5.00132e-09
1.50348e-10, 4.8844e-09
1.52675e-10, 4.75183e-09
1.52173e-10, 4.62005e-09
1.57376e-10, 4.47474e-09
1.51669e-10, 4.36223e-09
1.48576e-10, 4.25558e-09
1.45795e-10, 4.1513e-09
1.39216e-10, 4.05423e-09
1.29516e-10, 3.9633e-09
1.25134e-10, 3.87857e-09
1.19379e-10, 3.80131e-09
1.0808e-10, 3.7317e-09
9.76484e-11, 3.66666e-09
8.94155e-11, 3.60614e-09
8.01694e-11, 3.54756e-09
7.62351e-11, 3.49545e-09
7.05133e-11, 3.4482e-09
6.07635e-11, 3.40727e-09
5.36374e-11, 3.36974e-09
4.65658e-11, 3.33353e-09
4.1836e-11, 3.30029e-09
3.99017e-11, 3.27432e-09
4.13503e-11, 3.2568e-09
4.27643e-11, 3.24004e-09
4.41437e-11, 3.22401e-09
4.58151e-11, 3.20797e-09
4.15035e-11, 3.20523e-09
3.78147e-11, 3.20272e-09
3.52665e-11, 3.20125e-09
3.40537e-11, 3.20099e-09
3.34882e-11, 3.20088e-09
3.34874e-11, 3.20088e-09
3.34874e-11, 3.20088e-09
3.34863e-11, 3.20088e-09
3.34864e-11, 3.20088e-09
3.34859e-11, 3.20088e-09
3.34859e-11, 3.20088e-09
3.34867e-11, 3.20088e-09
3.34871e-11, 3.20088e-09
3.3486e-11, 3.20088e-09
3.34858e-11, 3.20088e-09
3.3485e-11, 3.20088e-09
3.3485e-11, 3.20088e-09
3.34848e-11, 3.20088e-09
3.34854e-11, 3.20088e-09
3.34846e-11, 3.20088e-09
3.34846e-11, 3.20088e-09
3.34849e-11, 3.20088e-09
3.3485e-11, 3.20088e-09
3.34858e-11, 3.20088e-09
3.34859e-11, 3.20088e-09
3.34858e-11, 3.20088e-09
3.34858e-11, 3.20088e-09
3.34857e-11, 3.20088e-09
3.3486e-11, 3.20088e-09
3.34868e-11, 3.20088e-09
3.34869e-11, 3.20088e-09
3.34867e-11, 3.20088e-09
3.34872e-11, 3.20088e-09
3.3488e-11, 3.20088e-09
3.3488e-11, 3.20089e-09
3.34873e-11, 3.20089e-09
3.34873e-11, 3.20089e-09
3.34876e-11, 3.20089e-09
3.34877e-11, 3.20089e-09
3.34869e-11, 3.20089e-09
3.34864e-11, 3.20089e-09
3.34866e-11, 3.20089e-09
3.3487e-11, 3.20089e-09
3.34867e-11, 3.20089e-09
3.34868e-11, 3.20089e-09
3.34861e-11, 3.20089e-09
3.34861e-11, 3.20089e-09
3.34853e-11, 3.20089e-09
3.3486e-11, 3.20089e-09
3.34858e-11, 3.20089e-09
3.34858e-11, 3.20089e-09
3.34863e-11, 3.20089e-09
3.34869e-11, 3.20089e-09
3.34873e-11, 3.20089e-09
3.34862e-11, 3.20089e-09
3.34861e-11, 3.20089e-09
3.34859e-11, 3.20089e-09
3.34864e-11, 3.20089e-09
3.34861e-11, 3.20089e-09
3.34859e-11, 3.20089e-09
3.34862e-11, 3.20089e-09
3.34859e-11, 3.20089e-09
3.34852e-11, 3.20089e-09
3.34853e-11, 3.20089e-09
3.34851e-11, 3.20089e-09
3.3485e-11, 3.20089e-09
3.34851e-11, 3.20089e-09
3.34855e-11, 3.20089e-09
3.3486e-11, 3.20089e-09
3.34855e-11, 3.20089e-09
3.34856e-11, 3.20089e-09
3.34859e-11, 3.20089e-09
3.34867e-11, 3.20089e-09
3.34867e-11, 3.20089e-09
3.34863e-11, 3.20089e-09
3.34865e-11, 3.20089e-09
3.34854e-11, 3.20089e-09
3.3485e-11, 3.20089e-09
3.34836e-11, 3.20089e-09
3.34833e-11, 3.20089e-09
3.34828e-11, 3.20089e-09
3.34825e-11, 3.20089e-09
3.34828e-11, 3.20089e-09
3.34825e-11, 3.20089e-09
3.34834e-11, 3.20089e-09
3.34841e-11, 3.20089e-09
3.34849e-11, 3.20089e-09
3.34845e-11, 3.20089e-09
3.34846e-11, 3.20089e-09
3.3485e-11, 3.20089e-09
3.34853e-11, 3.20089e-09
3.34852e-11, 3.20089e-09
3.34845e-11, 3.20089e-09
3.34837e-11, 3.20089e-09
3.34836e-11, 3.20089e-09
3.34829e-11, 3.20089e-09
3.34823e-11, 3.20089e-09
3.34816e-11, 3.20089e-09
3.34816e-11, 3.20089e-09
3.34818e-11, 3.20089e-09
3.34815e-11, 3.20089e-09
3.34816e-11, 3.20089e-09
3.34815e-11, 3.20089e-09
3.34815e-11, 3.20089e-09
3.34814e-11, 3.20089e-09
3.3482e-11, 3.20089e-09
3.34818e-11, 3.20089e-09
3.3482e-11, 3.20089e-09
3.34815e-11, 3.20089e-09
3.34814e-11, 3.20089e-09
3.34815e-11, 3.20089e-09
3.3481e-11, 3.20089e-09
3.34819e-11, 3.20089e-09
3.34818e-11, 3.20089e-09
3.34817e-11, 3.20089e-09
3.34809e-11, 3.20089e-09
3.34805e-11, 3.20089e-09
3.34819e-11, 3.20089e-09
3.34812e-11, 3.20089e-09
3.34813e-11, 3.20089e-09
3.34816e-11, 3.20089e-09
3.3482e-11, 3.20089e-09
3.34819e-11, 3.20089e-09
3.34823e-11, 3.20089e-09
3.34815e-11, 3.20089e-09
3.34816e-11, 3.20089e-09
3.3482e-11, 3.20089e-09
3.34812e-11, 3.20089e-09
3.34809e-11, 3.20089e-09
3.34813e-11, 3.20089e-09
3.34809e-11, 3.20089e-09
3.34804e-11, 3.2009e-09
3.34811e-11, 3.2009e-09
3.34817e-11, 3.2009e-09
3.34819e-11, 3.2009e-09
3.34822e-11, 3.2009e-09
3.34818e-11, 3.2009e-09
3.34819e-11, 3.2009e-09
3.34819e-11, 3.2009e-09
3.34818e-11, 3.2009e-09
3.34813e-11, 3.2009e-09
3.34818e-11, 3.2009e-09
3.34826e-11, 3.2009e-09
3.34826e-11, 3.2009e-09
3.34825e-11, 3.2009e-09
3.34825e-11, 3.2009e-09
3.34831e-11, 3.2009e-09
3.34835e-11, 3.2009e-09
3.34846e-11, 3.20089e-09
3.34843e-11, 3.2009e-09
3.34849e-11, 3.2009e-09
3.34849e-11, 3.2009e-09
3.34852e-11, 3.2009e-09
3.34843e-11, 3.2009e-09
3.34839e-11, 3.2009e-09
3.34834e-11, 3.2009e-09
3.34838e-11, 3.2009e-09
3.34838e-11, 3.2009e-09
3.34835e-11, 3.2009e-09
3.34837e-11, 3.2009e-09
3.34841e-11, 3.2009e-09
3.34829e-11, 3.2009e-09
3.34826e-11, 3.2009e-09
3.34832e-11, 3.2009e-09
3.34844e-11, 3.2009e-09
3.34847e-11, 3.2009e-09
3.34853e-11, 3.2009e-09
3.34853e-11, 3.2009e-09
3.34849e-11, 3.2009e-09
3.34845e-11, 3.2009e-09
3.34848e-11, 3.2009e-09
3.34846e-11, 3.2009e-09
3.34838e-11, 3.2009e-09
3.34839e-11, 3.2009e-09
3.34837e-11, 3.2009e-09
3.34836e-11, 3.2009e-09
3.34832e-11, 3.2009e-09
3.34834e-11, 3.2009e-09
3.34833e-11, 3.2009e-09
3.34834e-11, 3.2009e-09
3.34837e-11, 3.2009e-09
3.34839e-11, 3.2009e-09
3.34831e-11, 3.2009e-09
3.34835e-11, 3.2009e-09
3.34841e-11, 3.2009e-09
3.34841e-11, 3.2009e-09
3.34842e-11, 3.2009e-09
3.34847e-11, 3.2009e-09
3.34846e-11, 3.2009e-09
3.34841e-11, 3.2009e-09
3.34848e-11, 3.2009e-09
3.34854e-11, 3.2009e-09
3.34851e-11, 3.2009e-09
3.34853e-11, 3.2009e-09
3.34849e-11, 3.2009e-09
3.34847e-11, 3.2009e-09
3.34836e-11, 3.2009e-09
3.34841e-11, 3.2009e-09
3.34842e-11, 3.2009e-09
3.34844e-11, 3.2009e-09
3.34845e-11, 3.2009e-09
3.34842e-11, 3.2009e-09
3.34837e-11, 3.2009e-09
3.34827e-11, 3.2009e-09
3.3483e-11, 3.2009e-09
3.34827e-11, 3.2009e-09
3.34828e-11, 3.2009e-09
3.34827e-11, 3.20091e-09
3.34828e-11, 3.20091e-09
3.3483e-11, 3.20091e-09
3.34843e-11, 3.20091e-09
3.34837e-11, 3.20091e-09
3.3484e-11, 3.20091e-09
3.34838e-11, 3.20091e-09
3.34834e-11, 3.20091e-09
3.34833e-11, 3.20091e-09
3.3484e-11, 3.20091e-09
3.34833e-11, 3.20091e-09
3.34834e-11, 3.20091e-09
3.34832e-11, 3.2009e-09
3.34835e-11, 3.2009e-09
3.3483e-11, 3.2009e-09
3.34824e-11, 3.2009e-09
3.34828e-11, 3.2009e-09
3.34833e-11, 3.20091e-09
3.34837e-11, 3.20091e-09
3.3484e-11, 3.20091e-09
3.34835e-11, 3.20091e-09
3.3484e-11, 3.20091e-09
3.34845e-11, 3.20091e-09
3.34851e-11, 3.20091e-09
3.34844e-11, 3.20091e-09
3.3485e-11, 3.20091e-09
3.34849e-11, 3.20091e-09
3.34857e-11, 3.20091e-09
3.34861e-11, 3.20091e-09
3.34861e-11, 3.20091e-09
3.34861e-11, 3.20091e-09
3.34863e-11, 3.20091e-09
3.34863e-11, 3.20091e-09
3.34866e-11, 3.20091e-09
3.34861e-11, 3.20091e-09
3.34868e-11, 3.20091e-09
3.34871e-11, 3.20091e-09
3.34878e-11, 3.20091e-09
3.3488e-11, 3.20091e-09
3.34876e-11, 3.20091e-09
3.34878e-11, 3.20091e-09
3.34868e-11, 3.20091e-09
3.34867e-11, 3.20091e-09
3.3487e-11, 3.20091e-09
3.34868e-11, 3.20091e-09
3.34868e-11, 3.20091e-09
3.34879e-11, 3.20091e-09
3.34878e-11, 3.20091e-09
3.34882e-11, 3.20091e-09
3.34882e-11, 3.20091e-09
3.34892e-11, 3.20091e-09
3.349e-11, 3.20091e-09
3.34901e-11, 3.20091e-09
3.34899e-11, 3.20091e-09
3.34898e-11, 3.20091e-09
3.34901e-11, 3.20091e-09
3.34908e-11, 3.20091e-09
3.34908e-11, 3.20091e-09
3.3491e-11, 3.20091e-09
3.34912e-11, 3.20091e-09
3.3492e-11, 3.20091e-09
3.34912e-11, 3.20091e-09
3.34913e-11, 3.20091e-09
3.34911e-11, 3.20091e-09
3.34914e-11, 3.20091e-09
3.34924e-11, 3.20091e-09
3.34923e-11, 3.20091e-09
3.34928e-11, 3.20091e-09
3.34934e-11, 3.20091e-09
3.34937e-11, 3.20091e-09
3.34936e-11, 3.20091e-09
3.34941e-11, 3.20091e-09
3.34945e-11, 3.20091e-09
3.34941e-11, 3.20091e-09
3.34948e-11, 3.20091e-09
3.34957e-11, 3.20091e-09
3.34955e-11, 3.20091e-09
3.34958e-11, 3.20091e-09
3.34955e-11, 3.2009e-09
3.34951e-11, 3.2009e-09
3.34953e-11, 3.20091e-09
3.34958e-11, 3.20091e-09
3.34968e-11, 3.20091e-09
3.34968e-11, 3.20091e-09
3.3496e-11, 3.20091e-09
3.34967e-11, 3.20091e-09
3.34971e-11, 3.20091e-09
3.34958e-11, 3.20091e-09
3.3496e-11, 3.20091e-09
3.34966e-11, 3.20091e-09
3.34973e-11, 3.20091e-09
3.34976e-11, 3.20091e-09
3.34975e-11, 3.20091e-09
3.34982e-11, 3.20091e-09
3.34973e-11, 3.20091e-09
3.34974e-11, 3.20091e-09
3.34978e-11, 3.20091e-09
3.3498e-11, 3.20091e-09
3.34985e-11, 3.20091e-09
3.34981e-11, 3.20091e-09
3.3498e-11, 3.20091e-09
3.34989e-11, 3.20091e-09
3.34985e-11, 3.20091e-09
3.34988e-11, 3.20091e-09
3.34997e-11, 3.20091e-09
3.34995e-11, 3.20091e-09
3.34995e-11, 3.20091e-09
3.34991e-11, 3.20091e-09
3.34985e-11, 3.20091e-09
3.3499e-11, 3.20091e-09
3.35004e-11, 3.20091e-09
3.34999e-11, 3.20091e-09
3.35004e-11, 3.20091e-09
3.35009e-11, 3.20091e-09
3.35012e-11, 3.20091e-09
3.35006e-11, 3.20091e-09
3.34999e-11, 3.20091e-09
3.35001e-11, 3.20091e-09
3.34985e-11, 3.20091e-09
3.34986e-11, 3.20091e-09
3.34993e-11, 3.20091e-09
3.34996e-11, 3.20091e-09
3.34989e-11, 3.20091e-09
3.34991e-11, 3.20091e-09
3.34986e-11, 3.20091e-09
3.34982e-11, 3.20091e-09
3.34988e-11, 3.20091e-09
3.34982e-11, 3.20091e-09
3.34989e-11, 3.20091e-09
3.34989e-11, 3.20091e-09
3.34997e-11, 3.20091e-09
3.34997e-11, 3.20091e-09
3.35007e-11, 3.20091e-09
3.35003e-11, 3.20091e-09
3.35e-11, 3.20091e-09
3.35007e-11, 3.20091e-09
3.35008e-11, 3.20091e-09
3.35005e-11, 3.20091e-09
3.34998e-11, 3.20091e-09
3.34996e-11, 3.20091e-09
3.3499e-11, 3.20091e-09
3.34998e-11, 3.20091e-09
3.35002e-11, 3.20091e-09
3.35006e-11, 3.20091e-09
3.35004e-11, 3.20091e-09
3.35006e-11, 3.20091e-09
3.34998e-11, 3.20091e-09
3.34995e-11, 3.20091e-09
3.34989e-11, 3.20091e-09
3.34988e-11, 3.20091e-09
3.34987e-11, 3.20091e-09
3.34992e-11, 3.20091e-09
3.34994e-11, 3.20091e-09
3.34997e-11, 3.20091e-09
3.35001e-11, 3.20091e-09
3.35007e-11, 3.20091e-09
3.35006e-11, 3.20091e-09
3.35007e-11, 3.20091e-09
3.3501e-11, 3.20091e-09
3.35015e-11, 3.20091e-09
3.35013e-11, 3.20091e-09
3.35018e-11, 3.20091e-09
3.35023e-11, 3.20091e-09
3.35022e-11, 3.20091e-09
3.35024e-11, 3.20091e-09
3.35028e-11, 3.20091e-09
3.35035e-11, 3.20091e-09
3.35037e-11, 3.20091e-09
3.35035e-11, 3.20091e-09
3.35036e-11, 3.20091e-09
3.35039e-11, 3.20091e-09
3.35041e-11, 3.20091e-09
3.35041e-11, 3.20091e-09
3.35035e-11, 3.20091e-09
3.35043e-11, 3.20091e-09
3.35044e-11, 3.20091e-09
3.35055e-11, 3.20091e-09
3.3506e-11, 3.20091e-09
3.35059e-11, 3.20091e-09
3.35059e-11, 3.20091e-09
3.35054e-11, 3.20091e-09
3.35055e-11, 3.20091e-09
3.3506e-11, 3.20091e-09
3.35063e-11, 3.20091e-09
3.35072e-11, 3.20091e-09
3.35077e-11, 3.20091e-09
3.35078e-11, 3.20091e-09
3.35077e-11, 3.20091e-09
3.35076e-11, 3.20091e-09
3.35073e-11, 3.20091e-09
3.35078e-11, 3.20091e-09
3.3507e-11, 3.20091e-09
3.35069e-11, 3.20091e-09
3.35074e-11, 3.20091e-09
3.35067e-11, 3.20091e-09
3.35071e-11, 3.20091e-09
3.35066e-11, 3.20091e-09
3.35066e-11, 3.20091e-09
3.35074e-11, 3.20091e-09
3.35069e-11, 3.20091e-09
3.35071e-11, 3.20091e-09
3.35075e-11, 3.20091e-09
3.35073e-11, 3.20091e-09
3.35068e-11, 3.20091e-09
3.35071e-11, 3.20091e-09
3.35063e-11, 3.20091e-09
3.35067e-11, 3.20091e-09
3.35059e-11, 3.20091e-09
3.35052e-11, 3.20091e-09
3.35047e-11, 3.20091e-09
3.35051e-11, 3.20091e-09
3.35041e-11, 3.20091e-09
3.3503e-11, 3.20091e-09
3.35024e-11, 3.20091e-09
3.3502e-11, 3.20091e-09
3.35018e-11, 3.20091e-09
3.35017e-11, 3.20091e-09
3.35017e-11, 3.20091e-09
3.35023e-11, 3.20091e-09
3.35022e-11, 3.20091e-09
3.35022e-11, 3.20091e-09
3.35021e-11, 3.20091e-09
3.3502e-11, 3.20091e-09
3.35022e-11, 3.20091e-09
3.35027e-11, 3.20091e-09
3.35022e-11, 3.20091e-09
3.35031e-11, 3.20091e-09
3.35043e-11, 3.20091e-09
3.35042e-11, 3.20091e-09
3.35041e-11, 3.20091e-09
3.35035e-11, 3.2009e-09
3.35027e-11, 3.2009e-09
3.35036e-11, 3.2009e-09
3.35031e-11, 3.2009e-09
3.35039e-11, 3.20091e-09
3.35042e-11, 3.20091e-09
3.35041e-11, 3.20091e-09
3.35041e-11, 3.20091e-09
3.3505e-11, 3.20091e-09
3.35041e-11, 3.2009e-09
3.35041e-11, 3.20091e-09
3.35044e-11, 3.2009e-09
3.3504e-11, 3.2009e-09
3.35049e-11, 3.2009e-09
3.35055e-11, 3.2009e-09
3.35054e-11, 3.2009e-09
3.35052e-11, 3.2009e-09
3.35053e-11, 3.2009e-09
3.35046e-11, 3.2009e-09
3.35046e-11, 3.2009e-09
3.35049e-11, 3.2009e-09
3.35055e-11, 3.2009e-09
3.35064e-11, 3.2009e-09
3.35057e-11, 3.20091e-09
3.35057e-11, 3.20091e-09
3.35058e-11, 3.20091e-09
3.35053e-11, 3.20091e-09
3.35048e-11, 3.20091e-09
3.35052e-11, 3.20091e-09
3.35055e-11, 3.20091e-09
3.35058e-11, 3.20091e-09
3.35056e-11, 3.20091e-09
3.3506e-11, 3.20091e-09
3.3506e-11, 3.20091e-09
3.35059e-11, 3.20091e-09
3.35053e-11, 3.20091e-09
3.3506e-11, 3.20091e-09
3.35067e-11, 3.20091e-09
3.35062e-11, 3.20091e-09
3.35068e-11, 3.20091e-09
3.35066e-11, 3.20091e-09
3.35067e-11, 3.20091e-09
3.35059e-11, 3.20091e-09
3.35055e-11, 3.20091e-09
3.35051e-11, 3.20091e-09
3.35051e-11, 3.20091e-09
3.3505e-11, 3.20091e-09
3.35061e-11, 3.20091e-09
3.3507e-11, 3.20091e-09
3.35067e-11, 3.20091e-09
3.35065e-11, 3.20091e-09
3.35067e-11, 3.20091e-09
3.35061e-11, 3.20091e-09
3.35054e-11, 3.20091e-09
3.35055e-11, 3.20091e-09
3.3505e-11, 3.20091e-09
3.35057e-11, 3.20091e-09
3.35051e-11, 3.20091e-09
3.35058e-11, 3.20091e-09
3.35056e-11, 3.20091e-09
3.35059e-11, 3.20091e-09
3.35054e-11, 3.20091e-09
3.35054e-11, 3.20091e-09
3.35045e-11, 3.20091e-09
3.3504e-11, 3.20091e-09
3.35038e-11, 3.20091e-09
3.35037e-11, 3.20091e-09
3.35047e-11, 3.20091e-09
3.35051e-11, 3.20091e-09
3.35055e-11, 3.20091e-09
3.35057e-11, 3.20091e-09
3.35065e-11, 3.20091e-09
3.35071e-11, 3.20091e-09
3.35082e-11, 3.20091e-09
3.35081e-11, 3.20091e-09
3.35071e-11, 3.20091e-09
3.35068e-11, 3.20091e-09
3.35074e-11, 3.20091e-09
3.35072e-11, 3.20091e-09
3.3507e-11, 3.20091e-09
3.35066e-11, 3.20091e-09
3.35066e-11, 3.20091e-09
3.35065e-11, 3.20091e-09
3.3506e-11, 3.20091e-09
3.35057e-11, 3.20091e-09
3.35056e-11, 3.20091e-09
3.3506e-11, 3.20091e-09
3.3506e-11, 3.20091e-09
3.35059e-11, 3.20091e-09
3.35059e-11, 3.20091e-09
3.35064e-11, 3.20091e-09
3.35066e-11, 3.20091e-09
3.35071e-11, 3.20091e-09
3.35078e-11, 3.20091e-09
3.35073e-11, 3.20091e-09
3.35072e-11, 3.20091e-09
3.35074e-11, 3.20091e-09
3.35074e-11, 3.20091e-09
3.35076e-11, 3.20091e-09
3.35074e-11, 3.20091e-09
3.35073e-11, 3.20091e-09
3.35074e-11, 3.20091e-09
3.35076e-11, 3.20091e-09
3.3508e-11, 3.20091e-09
3.35077e-11, 3.20091e-09
3.3507e-11, 3.20091e-09
3.35081e-11, 3.20091e-09
3.35077e-11, 3.20091e-09
3.35084e-11, 3.20091e-09
3.35086e-11, 3.20091e-09
3.35086e-11, 3.20091e-09
3.35088e-11, 3.20091e-09
3.35089e-11, 3.20091e-09
3.35081e-11, 3.20091e-09
3.35085e-11, 3.20091e-09
3.35086e-11, 3.20091e-09
3.35089e-11, 3.20091e-09
3.35096e-11, 3.20091e-09
3.35101e-11, 3.20091e-09
3.35098e-11, 3.20091e-09
3.35091e-11, 3.20091e-09
3.35091e-11, 3.20091e-09
3.35091e-11, 3.20091e-09
3.35088e-11, 3.20091e-09
3.35084e-11, 3.20091e-09
3.35085e-11, 3.20091e-09
3.35087e-11, 3.20091e-09
3.35091e-11, 3.20091e-09
3.35095e-11, 3.20091e-09
3.35095e-11, 3.20091e-09
3.35098e-11, 3.20091e-09
3.35099e-11, 3.20091e-09
3.35101e-11, 3.20091e-09
3.35103e-11, 3.20091e-09
3.351e-11, 3.20092e-09
3.35102e-11, 3.20092e-09
3.35107e-11, 3.20092e-09
3.35117e-11, 3.20092e-09
3.35112e-11, 3.20092e-09
3.35122e-11, 3.20092e-09
3.35117e-11, 3.20092e-09
3.35119e-11, 3.20092e-09
3.35127e-11, 3.20092e-09
3.35127e-11, 3.20092e-09
3.35134e-11, 3.20092e-09
3.35135e-11, 3.20092e-09
3.35142e-11, 3.20092e-09
3.35147e-11, 3.20092e-09
3.35145e-11, 3.20092e-09
3.35144e-11, 3.20092e-09
3.3514e-11, 3.20092e-09
3.35137e-11, 3.20092e-09
3.35139e-11, 3.20092e-09
3.35136e-11, 3.20092e-09
3.35132e-11, 3.20092e-09
3.35133e-11, 3.20092e-09
3.35127e-11, 3.20092e-09
3.35126e-11, 3.20092e-09
3.35123e-11, 3.20092e-09
3.35129e-11, 3.20092e-09
3.35129e-11, 3.20092e-09
3.35131e-11, 3.20092e-09
3.35132e-11, 3.20092e-09
3.3513e-11, 3.20092e-09
3.3513e-11, 3.20092e-09
3.35138e-11, 3.20092e-09
3.35139e-11, 3.20092e-09
3.35141e-11, 3.20092e-09
3.35145e-11, 3.20092e-09
3.35137e-11, 3.20092e-09
3.35143e-11, 3.20092e-09
3.35153e-11, 3.20092e-09
3.35159e-11, 3.20092e-09
3.35166e-11, 3.20092e-09
3.35165e-11, 3.20092e-09
3.35168e-11, 3.20092e-09
3.35168e-11, 3.20092e-09
3.35175e-11, 3.20092e-09
3.3518e-11, 3.20092e-09
3.35178e-11, 3.20092e-09
3.3518e-11, 3.20092e-09
3.35188e-11, 3.20092e-09
3.35189e-11, 3.20092e-09
3.35187e-11, 3.20092e-09
3.35191e-11, 3.20092e-09
3.35191e-11, 3.20092e-09
3.35185e-11, 3.20092e-09
3.35195e-11, 3.20092e-09
3.35194e-11, 3.20092e-09
3.35187e-11, 3.20092e-09
3.35193e-11, 3.20092e-09
3.35201e-11, 3.20092e-09
3.35196e-11, 3.20092e-09
3.352e-11, 3.20092e-09
3.35199e-11, 3.20092e-09
3.35202e-11, 3.20092e-09
3.35198e-11, 3.20092e-09
3.35197e-11, 3.20092e-09
3.35206e-11, 3.20091e-09
3.35208e-11, 3.20092e-09
3.3522e-11, 3.20092e-09
3.35227e-11, 3.20091e-09
3.35226e-11, 3.20091e-09
3.35225e-11, 3.20091e-09
3.35218e-11, 3.20091e-09
3.35224e-11, 3.20091e-09
3.35229e-11, 3.20091e-09
3.3523e-11, 3.20091e-09
3.35237e-11, 3.20091e-09
3.35241e-11, 3.20091e-09
3.35239e-11, 3.20091e-09
3.35235e-11, 3.20091e-09
3.35232e-11, 3.20091e-09
3.3523e-11, 3.20091e-09
3.3523e-11, 3.20091e-09
3.35227e-11, 3.20091e-09
3.35233e-11, 3.20091e-09
3.35232e-11, 3.20091e-09
3.35234e-11, 3.20091e-09
3.3524e-11, 3.20091e-09
3.35237e-11, 3.20091e-09
3.35242e-11, 3.20091e-09
3.35243e-11, 3.20091e-09
3.35245e-11, 3.20091e-09
3.35258e-11, 3.20091e-09
3.35252e-11, 3.20091e-09
3.3525e-11, 3.20091e-09
3.35258e-11, 3.20091e-09
