5.67766, 0.189175
5.67676, 0.189172
5.67409, 0.189162
5.66967, 0.189144
5.66356, 0.189119
5.65578, 0.189086
5.64639, 0.189044
5.63543, 0.188993
5.62296, 0.188934
5.60902, 0.188865
5.59366, 0.188787
5.57696, 0.188699
5.55895, 0.188603
5.5397, 0.188497
5.51927, 0.188382
5.49773, 0.188257
5.47511, 0.188124
5.4515, 0.187982
5.42694, 0.187832
5.4015, 0.187673
5.37524, 0.187506
5.3482, 0.187331
5.32045, 0.187149
5.29205, 0.186959
5.26304, 0.186762
5.23349, 0.186558
5.20344, 0.186348
5.17293, 0.186132
5.14203, 0.18591
5.11077, 0.185683
5.0792, 0.18545
5.04737, 0.185212
5.01531, 0.18497
4.98306, 0.184723
4.95066, 0.184473
4.91815, 0.184219
4.88556, 0.183962
4.85292, 0.183702
4.82027, 0.183439
4.78763, 0.183174
4.75503, 0.182907
4.72249, 0.182638
4.69004, 0.182367
4.6577, 0.182096
4.62549, 0.181823
4.59344, 0.18155
4.56155, 0.181276
4.52986, 0.181003
4.49836, 0.180729
4.46708, 0.180456
4.43604, 0.180184
4.40523, 0.179912
4.37468, 0.179641
4.3444, 0.179371
4.31438, 0.179103
4.28465, 0.178836
4.25521, 0.178571
4.22607, 0.178307
4.19722, 0.178046
4.16869, 0.177787
4.14046, 0.17753
4.11255, 0.177275
4.08496, 0.177023
4.0577, 0.176773
4.03075, 0.176526
4.00413, 0.176281
3.97784, 0.176039
3.95188, 0.1758
3.92624, 0.175564
3.90094, 0.175331
3.87596, 0.175101
3.85131, 0.174874
3.82698, 0.17465
3.80299, 0.174429
3.77931, 0.174211
3.75596, 0.173997
3.73293, 0.173785
3.71022, 0.173577
3.68782, 0.173372
3.66574, 0.17317
3.64397, 0.172971
3.62251, 0.172776
3.60136, 0.172584
3.58051, 0.172395
3.55996, 0.172209
3.5397, 0.172026
3.51974, 0.171847
3.50008, 0.171671
3.4807, 0.171498
3.46161, 0.171329
3.44279, 0.171162
3.42426, 0.170999
3.406, 0.170839
3.38801, 0.170682
3.37029, 0.170528
3.35283, 0.170377
3.33564, 0.17023
3.3187, 0.170085
3.30202, 0.169944
3.28559, 0.169805
3.2694, 0.16967
3.24286, 0.169451
3.21687, 0.169239
3.19153, 0.169035
3.16684, 0.16884
3.14276, 0.168652
3.11929, 0.168472
3.09642, 0.1683
3.07413, 0.168136
3.05239, 0.16798
3.03121, 0.16783
3.01057, 0.167688
2.99045, 0.167553
2.97084, 0.167424
2.95173, 0.167303
2.9331, 0.167188
2.91494, 0.167079
2.89725, 0.166977
2.88, 0.16688
2.86319, 0.16679
2.84681, 0.166705
2.83084, 0.166626
2.81528, 0.166552
2.80011, 0.166483
2.78533, 0.166419
2.77092, 0.16636
2.75688, 0.166306
2.74319, 0.166256
2.72985, 0.166211
2.71684, 0.166169
2.70417, 0.166132
2.69181, 0.166098
2.67977, 0.166068
2.66803, 0.166042
2.65659, 0.166019
2.64544, 0.165999
2.63457, 0.165982
2.62397, 0.165968
2.61364, 0.165957
2.60357, 0.165948
2.59375, 0.165942
2.58418, 0.165938
2.57485, 0.165937
2.56575, 0.165937
2.55688, 0.16594
2.54823, 0.165944
2.5398, 0.165951
2.53159, 0.165959
2.52357, 0.165968
2.51576, 0.165979
2.50814, 0.165992
2.50071, 0.166005
2.49346, 0.166021
2.4864, 0.166037
2.47951, 0.166054
2.47279, 0.166072
2.46624, 0.166091
2.45985, 0.166111
2.45361, 0.166132
2.44753, 0.166154
2.4416, 0.166176
2.43582, 0.166199
2.43017, 0.166222
2.42467, 0.166246
2.41929, 0.16627
2.41405, 0.166295
2.40894, 0.16632
2.40395, 0.166346
2.39908, 0.166371
2.39433, 0.166397
2.38969, 0.166424
2.38517, 0.16645
2.38075, 0.166477
2.37644, 0.166504
2.37223, 0.166531
2.36812, 0.166558
2.36411, 0.166585
2.36019, 0.166612
2.35637, 0.16664
2.35263, 0.166667
2.34899, 0.166694
2.34542, 0.166722
2.34194, 0.166749
2.33854, 0.166776
2.33522, 0.166803
2.33198, 0.16683
2.32881, 0.166857
2.32571, 0.166885
2.32268, 0.166911
2.31972, 0.166938
2.31682, 0.166965
2.31399, 0.166992
2.31123, 0.167018
2.30852, 0.167045
2.30588, 0.167071
2.30329, 0.167097
2.30076, 0.167123
2.29828, 0.167149
2.29586, 0.167175
2.29349, 0.167201
2.29117, 0.167226
2.28574, 0.167287
2.28054, 0.167348
2.27558, 0.167408
2.27087, 0.167467
2.26637, 0.167526
2.26208, 0.167584
2.25799, 0.167641
2.25408, 0.167698
2.25033, 0.167754
2.24674, 0.167809
2.2433, 0.167864
2.24, 0.167919
2.23683, 0.167973
2.23377, 0.168026
2.23082, 0.168079
2.22798, 0.168132
2.22524, 0.168185
2.22258, 0.168237
2.22001, 0.16829
2.21751, 0.168342
2.21508, 0.168394
2.21272, 0.168445
2.21042, 0.168497
2.20818, 0.168549
2.20599, 0.1686
2.20385, 0.168652
2.20176, 0.168703
2.1997, 0.168755
2.19769, 0.168806
2.1957, 0.168858
2.19375, 0.16891
2.19183, 0.168962
2.18993, 0.169014
2.18806, 0.169066
2.18621, 0.169118
2.18438, 0.16917
2.18257, 0.169223
2.18077, 0.169275
2.17899, 0.169328
2.17722, 0.169381
2.17546, 0.169434
2.1737, 0.169488
2.17196, 0.169541
2.17022, 0.169595
2.16849, 0.169649
2.16677, 0.169703
2.16504, 0.169757
2.16332, 0.169812
2.1616, 0.169866
2.15989, 0.169921
2.15817, 0.169976
2.15645, 0.170032
2.15473, 0.170087
2.153, 0.170143
2.15128, 0.170198
2.14955, 0.170254
2.14781, 0.170311
2.14607, 0.170367
2.14433, 0.170423
2.14258, 0.17048
2.14083, 0.170537
2.13907, 0.170594
2.1373, 0.170651
2.13553, 0.170708
2.13375, 0.170766
2.13196, 0.170823
2.13016, 0.170881
2.12836, 0.170939
2.12654, 0.170997
2.12472, 0.171055
2.12289, 0.171113
2.12105, 0.171171
2.11921, 0.17123
2.11735, 0.171288
2.11548, 0.171347
2.11361, 0.171405
2.11172, 0.171464
2.10983, 0.171523
2.10792, 0.171582
2.10601, 0.171641
2.10409, 0.1717
2.10215, 0.171758
2.10021, 0.171817
2.09825, 0.171876
2.09629, 0.171935
2.09431, 0.171994
2.09233, 0.172054
2.09033, 0.172113
2.08832, 0.172171
2.08631, 0.17223
2.08428, 0.172289
2.08224, 0.172348
2.0802, 0.172407
2.07814, 0.172466
2.07607, 0.172525
2.07399, 0.172583
2.0719, 0.172642
2.0698, 0.1727
2.06769, 0.172759
2.06556, 0.172817
2.06111, 0.172939
2.05661, 0.17306
2.05206, 0.17318
2.04747, 0.1733
2.04283, 0.173419
2.03815, 0.173537
2.03342, 0.173655
2.02865, 0.173771
2.02384, 0.173887
2.01898, 0.174001
2.01408, 0.174114
2.00913, 0.174226
2.00415, 0.174336
1.99912, 0.174445
1.99405, 0.174553
1.98894, 0.174659
1.98378, 0.174763
1.97859, 0.174866
1.97336, 0.174967
1.96809, 0.175066
1.96278, 0.175163
1.95743, 0.175258
1.95204, 0.175351
1.94662, 0.175441
1.94115, 0.17553
1.93566, 0.175616
1.93012, 0.1757
1.92455, 0.175782
1.91895, 0.175861
1.91331, 0.175937
1.90763, 0.176011
1.90193, 0.176083
1.89619, 0.176151
1.89041, 0.176217
1.88461, 0.176279
1.87878, 0.176339
1.87291, 0.176396
1.86701, 0.176449
1.86109, 0.1765
1.85513, 0.176547
1.84915, 0.176591
1.84313, 0.176632
1.83709, 0.176669
1.83103, 0.176703
1.82493, 0.176733
1.81881, 0.17676
1.81267, 0.176783
1.8065, 0.176803
1.8003, 0.176819
1.79409, 0.176831
1.78784, 0.176839
1.78158, 0.176844
1.77529, 0.176844
1.76899, 0.176841
1.76266, 0.176833
1.75631, 0.176822
1.74994, 0.176807
1.74355, 0.176787
1.73714, 0.176763
1.73072, 0.176735
1.72427, 0.176703
1.71781, 0.176667
1.71133, 0.176626
1.70484, 0.176581
1.69833, 0.176531
1.6918, 0.176477
1.68526, 0.176419
1.67871, 0.176356
1.67214, 0.176289
1.66556, 0.176217
1.65897, 0.176141
1.65237, 0.17606
1.64575, 0.175975
1.63912, 0.175885
1.63248, 0.17579
1.62584, 0.175691
1.61918, 0.175587
1.61251, 0.175479
1.60584, 0.175365
1.59916, 0.175248
1.59247, 0.175125
1.58577, 0.174998
1.57907, 0.174866
1.57236, 0.174729
1.56564, 0.174587
1.55892, 0.174441
1.5522, 0.17429
1.54547, 0.174134
1.53874, 0.173974
1.53201, 0.173809
1.52527, 0.173639
1.51853, 0.173464
1.51179, 0.173284
1.50505, 0.1731
1.4983, 0.172911
1.49156, 0.172718
1.48481, 0.172519
1.47807, 0.172316
1.47133, 0.172108
1.46459, 0.171896
1.45785, 0.171679
1.45111, 0.171457
1.44438, 0.171231
1.43765, 0.171
1.43092, 0.170764
1.42419, 0.170524
1.41747, 0.170279
1.41076, 0.17003
1.40405, 0.169776
1.39734, 0.169518
1.39065, 0.169255
1.38395, 0.168987
1.37727, 0.168716
1.37059, 0.168439
1.36392, 0.168159
1.35725, 0.167874
1.35059, 0.167584
1.34395, 0.167291
1.33731, 0.166993
1.33068, 0.166691
1.32406, 0.166384
1.31744, 0.166074
1.31084, 0.165759
1.30425, 0.16544
1.29767, 0.165117
1.2911, 0.16479
1.28454, 0.164459
1.278, 0.164124
1.27146, 0.163785
1.26494, 0.163442
1.25843, 0.163096
1.25193, 0.162745
1.24545, 0.162391
1.23898, 0.162032
1.23252, 0.161671
1.22608, 0.161305
1.21965, 0.160936
1.21324, 0.160563
1.20684, 0.160187
1.20045, 0.159807
1.19408, 0.159423
1.18773, 0.159036
1.18139, 0.158646
1.17507, 0.158252
1.16876, 0.157855
1.16247, 0.157455
1.1562, 0.157052
1.14994, 0.156645
1.1437, 0.156235
1.13748, 0.155822
1.13127, 0.155406
1.12508, 0.154987
1.11891, 0.154565
1.11276, 0.154141
1.10663, 0.153713
1.10051, 0.153282
1.09441, 0.152849
1.08834, 0.152413
1.08228, 0.151974
1.07624, 0.151533
1.07022, 0.151088
1.06421, 0.150642
1.05823, 0.150193
1.05227, 0.149741
1.04633, 0.149287
1.04041, 0.148831
1.0345, 0.148372
1.02862, 0.147911
1.02276, 0.147447
1.01692, 0.146982
1.0111, 0.146514
1.0053, 0.146045
0.999519, 0.145573
0.993762, 0.145099
0.988025, 0.144623
0.98231, 0.144145
0.976616, 0.143666
0.970944, 0.143184
0.965293, 0.142701
0.959663, 0.142216
0.954056, 0.141729
0.94847, 0.141241
0.942906, 0.140751
0.937365, 0.14026
0.931845, 0.139767
0.926348, 0.139272
0.920872, 0.138776
0.915419, 0.138279
0.909989, 0.13778
0.904581, 0.13728
0.899195, 0.136779
0.893832, 0.136276
0.888491, 0.135773
0.883174, 0.135268
0.877878, 0.134762
0.872606, 0.134255
0.867356, 0.133747
0.86213, 0.133238
0.856926, 0.132728
0.851745, 0.132217
0.846587, 0.131706
0.841452, 0.131193
0.83634, 0.13068
0.831251, 0.130166
0.826186, 0.129652
0.821143, 0.129136
0.816123, 0.128621
0.811127, 0.128104
0.806153, 0.127587
0.801203, 0.12707
0.796276, 0.126552
0.791372, 0.126033
0.786491, 0.125515
0.781634, 0.124996
0.7768, 0.124476
0.771988, 0.123956
0.7672, 0.123437
0.762436, 0.122916
0.757694, 0.122396
0.752976, 0.121876
0.74828, 0.121355
0.743608, 0.120834
0.738959, 0.120314
0.734333, 0.119793
0.72973, 0.119272
0.72515, 0.118752
0.720593, 0.118231
0.71606, 0.117711
0.711549, 0.11719
0.707061, 0.11667
0.702596, 0.116151
0.698154, 0.115631
0.693735, 0.115112
0.689339, 0.114593
0.684965, 0.114074
0.680615, 0.113556
0.676287, 0.113038
0.671982, 0.11252
0.667699, 0.112003
0.663439, 0.111486
0.659202, 0.11097
0.654987, 0.110455
0.650795, 0.10994
0.646625, 0.109425
0.642477, 0.108911
0.638352, 0.108398
0.634249, 0.107886
0.630169, 0.107374
0.626111, 0.106862
0.622074, 0.106352
0.61806, 0.105842
0.614068, 0.105333
0.610098, 0.104825
0.60615, 0.104318
0.602223, 0.103812
0.598319, 0.103306
0.594436, 0.102801
0.590575, 0.102297
0.586735, 0.101795
0.582917, 0.101293
0.579121, 0.100792
0.575346, 0.100292
0.571592, 0.0997927
0.567859, 0.0992948
0.564148, 0.0987979
0.560458, 0.098302
0.556789, 0.0978073
0.553141, 0.0973137
0.549514, 0.0968212
0.545908, 0.0963298
0.542323, 0.0958395
0.538758, 0.0953505
0.535214, 0.0948626
0.531691, 0.0943759
0.528188, 0.0938904
0.524706, 0.0934061
0.521244, 0.0929231
0.517802, 0.0924414
0.514381, 0.0919609
0.510979, 0.0914818
0.507598, 0.0910039
0.504237, 0.0905273
0.500896, 0.0900521
0.497574, 0.0895782
0.494272, 0.0891057
0.49099, 0.0886345
0.487728, 0.0881648
0.484485, 0.0876964
0.481261, 0.0872294
0.478057, 0.0867639
0.474872, 0.0862998
0.471706, 0.0858371
0.46856, 0.0853758
0.465432, 0.0849161
0.462324, 0.0844577
0.459234, 0.0840009
0.456163, 0.0835456
0.453111, 0.0830917
0.450077, 0.0826394
0.447062, 0.0821885
0.440775, 0.0812453
0.434554, 0.0803072
0.428413, 0.0793761
0.422352, 0.0784518
0.416369, 0.0775346
0.410465, 0.0766244
0.404637, 0.0757213
0.398886, 0.0748254
0.39321, 0.0739367
0.387609, 0.0730553
0.382082, 0.0721811
0.376628, 0.0713142
0.371247, 0.0704548
0.365938, 0.0696026
0.360699, 0.068758
0.35553, 0.0679207
0.350431, 0.0670909
0.345401, 0.0662685
0.340438, 0.0654536
0.335542, 0.0646462
0.330713, 0.0638463
0.325949, 0.0630539
0.32125, 0.062269
0.316615, 0.0614916
0.312043, 0.0607216
0.307534, 0.0599592
0.303086, 0.0592042
0.2987, 0.0584566
0.294374, 0.0577166
0.290107, 0.0569839
0.2859, 0.0562587
0.281751, 0.0555409
0.277659, 0.0548304
0.273624, 0.0541273
0.269645, 0.0534315
0.265721, 0.052743
0.261852, 0.0520618
0.258037, 0.0513879
0.254276, 0.0507211
0.250567, 0.0500615
0.24691, 0.0494091
0.243304, 0.0487637
0.239749, 0.0481255
0.236244, 0.0474942
0.232789, 0.04687
0.229382, 0.0462527
0.226024, 0.0456423
0.222713, 0.0450387
0.219448, 0.044442
0.216231, 0.0438521
0.213058, 0.043269
0.209931, 0.0426925
0.206849, 0.0421226
0.20381, 0.0415594
0.200814, 0.0410027
0.197862, 0.0404525
0.194951, 0.0399087
0.192082, 0.0393714
0.189254, 0.0388405
0.186467, 0.0383158
0.183719, 0.0377974
0.181011, 0.0372852
0.178342, 0.0367792
0.175711, 0.0362792
0.173118, 0.0357853
0.170563, 0.0352974
0.168044, 0.0348155
0.165562, 0.0343394
0.163115, 0.0338692
0.160704, 0.0334048
0.158327, 0.0329461
0.155985, 0.0324931
0.153677, 0.0320458
0.151402, 0.031604
0.14916, 0.0311677
0.146951, 0.0307369
0.144773, 0.0303115
0.142628, 0.0298915
0.140513, 0.0294768
0.138429, 0.0290674
0.136376, 0.0286631
0.134352, 0.0282641
0.132358, 0.0278701
0.130393, 0.0274812
0.128456, 0.0270972
0.126548, 0.0267182
0.124668, 0.0263441
0.122815, 0.0259749
0.120989, 0.0256104
0.11919, 0.0252507
0.117417, 0.0248956
0.11567, 0.0245452
0.113948, 0.0241994
0.112252, 0.0238581
0.110581, 0.0235213
0.108934, 0.0231889
0.107311, 0.0228609
0.105712, 0.0225373
0.104137, 0.0222179
0.102584, 0.0219027
0.101055, 0.0215918
0.0995475, 0.021285
0.0980625, 0.0209823
0.0965994, 0.0206836
0.0951577, 0.020389
0.0937373, 0.0200983
0.0923378, 0.0198115
0.0909589, 0.0195285
0.0896003, 0.0192494
0.0882617, 0.018974
0.0869428, 0.0187024
0.0856433, 0.0184344
0.0843631, 0.0181701
0.0831017, 0.0179094
0.0818589, 0.0176522
0.0806345, 0.0173985
0.0794281, 0.0171483
0.0782396, 0.0169015
0.0770686, 0.0166581
0.0759149, 0.016418
0.0747783, 0.0161812
0.0736585, 0.0159476
0.0725552, 0.0157173
0.0714683, 0.0154901
0.0703974, 0.0152661
0.0693424, 0.0150452
0.0683031, 0.0148273
0.0672791, 0.0146124
0.0662703, 0.0144006
0.0652764, 0.0141916
0.0642973, 0.0139856
0.0633327, 0.0137824
0.0623824, 0.0135821
0.0614461, 0.0133846
0.0605238, 0.0131898
0.0596152, 0.0129977
0.05872, 0.0128083
0.0578382, 0.0126216
0.0569694, 0.0124375
0.0561136, 0.012256
0.0552704, 0.012077
0.0544398, 0.0119006
0.0536216, 0.0117266
0.0528155, 0.0115551
0.0520214, 0.011386
0.0512391, 0.0112193
0.0504684, 0.011055
0.0497093, 0.0108929
0.0489614, 0.0107332
0.0482246, 0.0105757
0.0474988, 0.0104205
0.0467839, 0.0102674
0.0460796, 0.0101166
0.0453858, 0.00996784
0.0447023, 0.00982121
0.044029, 0.0096767
0.0433657, 0.00953425
0.0427124, 0.00939383
0.0420688, 0.00925541
0.0414348, 0.00911897
0.0408102, 0.00898448
0.040195, 0.00885191
0.039589, 0.00872125
0.038992, 0.00859246
0.0384039, 0.00846552
0.0378246, 0.00834041
0.037254, 0.00821709
0.0366919, 0.00809554
0.0361382, 0.00797574
0.0355927, 0.00785766
0.0350554, 0.00774129
0.0345262, 0.00762659
0.0340049, 0.00751355
0.0334913, 0.00740214
0.0329855, 0.00729234
0.0324872, 0.00718414
0.0319964, 0.00707751
0.031513, 0.00697244
0.0310367, 0.00686887
0.0305677, 0.0067668
0.0301056, 0.00666621
0.0296505, 0.00656708
0.0292021, 0.00646938
0.0287605, 0.0063731
0.0283256, 0.00627823
0.0278971, 0.00618474
0.0274751, 0.00609261
0.0270594, 0.00600182
0.0266499, 0.00591232
0.0262466, 0.00582414
0.0258494, 0.00573725
0.0254581, 0.00565164
0.0250726, 0.00556728
0.024693, 0.00548416
0.0243191, 0.00540226
0.0239507, 0.00532154
0.0235879, 0.00524201
0.0232306, 0.00516364
0.0228786, 0.00508642
0.0225319, 0.00501034
0.0220447, 0.00490339
0.0215671, 0.00479847
0.0210997, 0.00469576
0.0206423, 0.00459522
0.0201947, 0.00449677
0.0197568, 0.00440038
0.0193282, 0.004306
0.0189088, 0.0042136
0.0184984, 0.00412315
0.0180968, 0.0040346
0.0177038, 0.0039479
0.0173193, 0.00386303
0.016943, 0.00377995
0.0165748, 0.00369863
0.0162145, 0.00361901
0.015862, 0.00354108
0.015517, 0.0034648
0.0151795, 0.00339012
0.0148492, 0.00331703
0.0145261, 0.00324548
0.0142099, 0.00317545
0.0139005, 0.0031069
0.0135977, 0.0030398
0.0133015, 0.00297412
0.0130116, 0.00290985
0.012728, 0.00284693
0.0124506, 0.00278534
0.0121791, 0.00272507
0.0119134, 0.00266608
0.0116535, 0.00260835
0.0113992, 0.00255186
0.0111504, 0.00249656
0.0109069, 0.00244243
0.0106687, 0.00238946
0.0104357, 0.00233761
0.0102077, 0.00228688
0.0099846, 0.00223722
0.00976634, 0.00218863
0.00955281, 0.00214107
0.00934389, 0.00209453
0.00913949, 0.00204899
0.00893951, 0.00200442
0.00874386, 0.00196081
0.00855245, 0.00191813
0.00836518, 0.00187636
0.00818197, 0.00183549
0.00800272, 0.0017955
0.00782736, 0.00175637
0.0076558, 0.00171807
0.00748797, 0.0016806
0.00732377, 0.00164393
0.00716313, 0.00160806
0.00700598, 0.00157295
0.00685224, 0.0015386
0.00670184, 0.00150499
0.00655471, 0.0014721
0.00641078, 0.00143993
0.00626996, 0.00140844
0.0061322, 0.00137763
0.00599744, 0.00134748
0.00586562, 0.00131799
0.00573666, 0.00128913
0.0056105, 0.00126089
0.00548709, 0.00123327
0.00536637, 0.00120624
0.00524827, 0.0011798
0.00513274, 0.00115393
0.00501972, 0.00112863
0.00490918, 0.00110386
0.00480104, 0.00107964
0.00469526, 0.00105593
0.00459179, 0.00103274
0.00449057, 0.00101005
0.00439156, 0.000987858
0.00429472, 0.000966145
0.00419999, 0.000944902
0.00410732, 0.000924121
0.00401668, 0.000903791
0.00392802, 0.000883903
0.00384129, 0.000864447
0.00375646, 0.000845414
0.00367349, 0.000826794
0.00359233, 0.000808579
0.00351295, 0.00079076
0.0034353, 0.00077333
0.00335936, 0.000756279
0.00328508, 0.000739598
0.00321242, 0.000723282
0.00314135, 0.00070732
0.00307184, 0.000691702
0.00300386, 0.000676425
0.00293737, 0.000661481
0.00287233, 0.000646865
0.00280873, 0.00063257
0.00274652, 0.000618589
0.00268567, 0.000604922
0.00262615, 0.000591561
0.00256794, 0.000578479
0.00251101, 0.000565676
0.00245532, 0.000553158
0.00240087, 0.000540917
0.00234761, 0.000528945
0.00229551, 0.000517235
0.00224457, 0.000505781
0.00219475, 0.000494578
0.00214602, 0.000483611
0.00209835, 0.000472882
0.00205173, 0.000462396
0.00200614, 0.000452142
0.00196155, 0.000442112
0.00191795, 0.000432302
0.00187531, 0.000422707
0.00183361, 0.000413323
0.00179282, 0.000404146
0.00175294, 0.00039517
0.00171393, 0.000386391
0.00167579, 0.000377805
0.00163848, 0.000369409
0.001602, 0.000361197
0.00156633, 0.000353166
0.00153144, 0.000345312
0.00149732, 0.000337631
0.00146395, 0.000330114
0.00143132, 0.000322768
0.00139942, 0.000315599
0.00136823, 0.000308594
0.00133772, 0.000301747
0.00130789, 0.000295053
0.00127872, 0.000288508
0.0012502, 0.000282109
0.00122231, 0.000275851
0.00119503, 0.000269732
0.00116836, 0.000263733
0.00114226, 0.000257846
0.00111674, 0.000252084
0.00109179, 0.000246453
0.00106739, 0.000240954
0.00104354, 0.000235576
0.00102021, 0.000230313
0.000997394, 0.000225167
0.000975087, 0.000220136
0.000953276, 0.000215217
0.000931948, 0.000210408
0.000911094, 0.000205706
0.000890703, 0.000201109
0.000870763, 0.000196614
0.000851267, 0.00019222
0.000832204, 0.000187923
0.000813564, 0.000183722
0.000795339, 0.000179615
0.000777518, 0.0001756
0.000760094, 0.000171674
0.000743057, 0.000167836
0.000726399, 0.000164083
0.000710112, 0.000160415
0.000694187, 0.000156827
0.000678614, 0.000153318
0.000663389, 0.000149888
0.000648504, 0.000146535
0.000633944, 0.000143244
0.000619707, 0.000140018
0.000605791, 0.000136876
0.000592186, 0.000133809
0.000578885, 0.000130811
0.000565881, 0.00012788
0.000553167, 0.000125015
0.000540736, 0.000122215
0.000528583, 0.000119477
0.000516701, 0.000116801
0.000505085, 0.000114185
0.000493727, 0.000111628
0.000482623, 0.000109128
0.000471768, 0.000106684
0.000461154, 0.000104295
0.000450778, 0.00010196
0.000440634, 9.96772e-05
0.000430717, 9.7446e-05
0.000421021, 9.52648e-05
0.000411542, 9.31325e-05
0.000402265, 9.10306e-05
0.000393192, 8.89686e-05
0.000384328, 8.69648e-05
0.000375664, 8.50088e-05
0.000367195, 8.30975e-05
0.000358909, 8.12125e-05
0.000350806, 7.93644e-05
0.000342891, 7.75724e-05
0.000335154, 7.58238e-05
0.000327591, 7.41157e-05
0.000320197, 7.2445e-05
0.000312967, 7.08099e-05
0.000305901, 6.9212e-05
0.000298992, 6.76499e-05
0.000292239, 6.61228e-05
0.000285637, 6.46303e-05
0.000279183, 6.31714e-05
0.000272875, 6.17452e-05
0.000266707, 6.03511e-05
0.000260679, 5.89884e-05
0.000254786, 5.76562e-05
0.000249025, 5.63539e-05
0.000243394, 5.50809e-05
0.000237889, 5.38366e-05
0.000232508, 5.26202e-05
0.000227248, 5.14312e-05
0.000222106, 5.0269e-05
0.00021708, 4.9133e-05
0.000212166, 4.80225e-05
0.000207364, 4.69369e-05
0.000202669, 4.58758e-05
0.000198081, 4.48386e-05
0.000193595, 4.38248e-05
0.000189211, 4.28339e-05
0.000184925, 4.18655e-05
0.000180736, 4.09188e-05
0.000176642, 3.99935e-05
0.000172639, 3.90891e-05
0.000168727, 3.82051e-05
0.000164903, 3.7341e-05
0.000161166, 3.64963e-05
0.000157512, 3.56708e-05
0.000153941, 3.48639e-05
0.000150451, 3.40752e-05
0.000147039, 3.33044e-05
0.000143705, 3.2551e-05
0.000140445, 3.18145e-05
0.000137259, 3.10948e-05
0.000134146, 3.03913e-05
0.000131102, 2.97038e-05
0.000128128, 2.9032e-05
0.00012522, 2.83754e-05
0.000122378, 2.77335e-05
0.000119601, 2.71062e-05
0.000116886, 2.64932e-05
0.000114233, 2.5894e-05
0.000111639, 2.53084e-05
0.000109105, 2.47361e-05
0.000106627, 2.41767e-05
0.000104206, 2.36301e-05
0.000101839, 2.3096e-05
9.9526e-05, 2.25739e-05
9.72652e-05, 2.20637e-05
9.50556e-05, 2.15651e-05
9.28959e-05, 2.10778e-05
9.07852e-05, 2.06017e-05
8.87222e-05, 2.01363e-05
8.67059e-05, 1.96815e-05
8.47353e-05, 1.9237e-05
8.28092e-05, 1.88026e-05
8.09267e-05, 1.83781e-05
7.90869e-05, 1.79633e-05
7.72887e-05, 1.75579e-05
7.55312e-05, 1.71617e-05
7.38136e-05, 1.67745e-05
7.21348e-05, 1.63961e-05
7.04941e-05, 1.60264e-05
6.88905e-05, 1.5665e-05
6.73233e-05, 1.53117e-05
6.57915e-05, 1.49665e-05
6.42945e-05, 1.46291e-05
6.28314e-05, 1.42995e-05
6.14016e-05, 1.39774e-05
6.00042e-05, 1.36627e-05
5.86384e-05, 1.33551e-05
5.73037e-05, 1.30545e-05
5.59993e-05, 1.27608e-05
5.47244e-05, 1.24738e-05
5.34785e-05, 1.21933e-05
5.22609e-05, 1.19192e-05
5.10709e-05, 1.16513e-05
4.9908e-05, 1.13895e-05
4.87714e-05, 1.11336e-05
4.76607e-05, 1.08836e-05
4.65751e-05, 1.06392e-05
4.55142e-05, 1.04004e-05
4.44774e-05, 1.01671e-05
4.34642e-05, 9.93907e-06
4.2474e-05, 9.71625e-06
4.15063e-05, 9.49846e-06
4.05606e-05, 9.28563e-06
3.96364e-05, 9.07763e-06
3.87332e-05, 8.87435e-06
3.78505e-05, 8.67571e-06
3.69879e-05, 8.48159e-06
3.61449e-05, 8.2919e-06
3.53211e-05, 8.10654e-06
3.4516e-05, 7.92537e-06
3.37292e-05, 7.74833e-06
3.29604e-05, 7.57532e-06
3.2209e-05, 7.40625e-06
3.14747e-05, 7.24103e-06
3.07572e-05, 7.07956e-06
3.0056e-05, 6.92178e-06
2.93707e-05, 6.76761e-06
2.87011e-05, 6.61693e-06
2.80467e-05, 6.46969e-06
2.74072e-05, 6.32583e-06
2.67822e-05, 6.18523e-06
2.61716e-05, 6.04784e-06
2.55748e-05, 5.91361e-06
2.49916e-05, 5.78246e-06
2.44102e-05, 5.6217e-06
2.38382e-05, 5.45456e-06
2.3289e-05, 5.31825e-06
2.27548e-05, 5.19206e-06
2.22337e-05, 5.07106e-06
2.17248e-05, 4.95375e-06
2.12277e-05, 4.83961e-06
2.0742e-05, 4.72832e-06
2.02674e-05, 4.6197e-06
1.98037e-05, 4.51366e-06
1.93506e-05, 4.41011e-06
1.89079e-05, 4.30896e-06
1.84752e-05, 4.21013e-06
1.80525e-05, 4.1136e-06
1.76394e-05, 4.01928e-06
1.72358e-05, 3.92712e-06
1.68413e-05, 3.83708e-06
1.64559e-05, 3.74907e-06
1.60793e-05, 3.66309e-06
1.57112e-05, 3.5791e-06
1.53516e-05, 3.49699e-06
1.50002e-05, 3.41678e-06
1.46569e-05, 3.33841e-06
1.43214e-05, 3.26183e-06
1.39935e-05, 3.18701e-06
1.36732e-05, 3.11392e-06
1.33601e-05, 3.04249e-06
1.30543e-05, 2.97267e-06
1.27554e-05, 2.90444e-06
1.24633e-05, 2.83776e-06
1.2178e-05, 2.77262e-06
1.18991e-05, 2.70901e-06
1.16266e-05, 2.64681e-06
1.13604e-05, 2.58603e-06
1.11003e-05, 2.52665e-06
1.08461e-05, 2.46862e-06
1.05977e-05, 2.41193e-06
1.0355e-05, 2.35655e-06
1.01179e-05, 2.30242e-06
9.88617e-06, 2.24954e-06
9.65975e-06, 2.19786e-06
9.43852e-06, 2.14737e-06
9.22237e-06, 2.09803e-06
9.01116e-06, 2.04983e-06
8.80479e-06, 2.00273e-06
8.60314e-06, 1.95669e-06
8.40611e-06, 1.91174e-06
8.21359e-06, 1.86781e-06
8.02548e-06, 1.82487e-06
7.84172e-06, 1.78293e-06
7.66216e-06, 1.74196e-06
7.4867e-06, 1.70192e-06
7.31525e-06, 1.66278e-06
7.14775e-06, 1.62456e-06
6.98408e-06, 1.58721e-06
6.82417e-06, 1.55071e-06
6.66793e-06, 1.51506e-06
6.51528e-06, 1.48022e-06
6.36611e-06, 1.44619e-06
6.22036e-06, 1.41296e-06
6.07796e-06, 1.38047e-06
5.93884e-06, 1.34873e-06
5.80289e-06, 1.31771e-06
5.67008e-06, 1.28741e-06
5.54033e-06, 1.2578e-06
5.41354e-06, 1.22887e-06
5.28968e-06, 1.20061e-06
5.16865e-06, 1.17301e-06
5.05037e-06, 1.14603e-06
4.9348e-06, 1.11966e-06
4.8219e-06, 1.0939e-06
4.7116e-06, 1.06873e-06
4.60383e-06, 1.04416e-06
4.49856e-06, 1.02013e-06
4.3957e-06, 9.96643e-07
4.29518e-06, 9.73703e-07
4.197e-06, 9.51276e-07
4.10106e-06, 9.29371e-07
4.00732e-06, 9.07987e-07
3.91574e-06, 8.87083e-07
3.82628e-06, 8.66656e-07
3.73887e-06, 8.46711e-07
3.65347e-06, 8.27212e-07
3.57003e-06, 8.08155e-07
3.48853e-06, 7.8954e-07
3.40891e-06, 7.71353e-07
3.33111e-06, 7.53577e-07
3.2551e-06, 7.36213e-07
3.18085e-06, 7.19249e-07
3.10832e-06, 7.02667e-07
3.03746e-06, 6.86469e-07
2.96821e-06, 6.70641e-07
2.90056e-06, 6.55179e-07
2.83447e-06, 6.40079e-07
2.76989e-06, 6.25328e-07
2.7068e-06, 6.10914e-07
2.64518e-06, 5.96838e-07
2.58497e-06, 5.8309e-07
2.52614e-06, 5.69653e-07
2.44922e-06, 5.5218e-07
2.37415e-06, 5.35223e-07
2.30142e-06, 5.18788e-07
2.23093e-06, 5.02855e-07
2.16259e-06, 4.87414e-07
2.09634e-06, 4.72443e-07
2.03212e-06, 4.57927e-07
1.96987e-06, 4.43858e-07
1.90952e-06, 4.3023e-07
1.85101e-06, 4.17018e-07
1.7943e-06, 4.04204e-07
1.73932e-06, 3.9178e-07
1.68603e-06, 3.79741e-07
1.63438e-06, 3.68067e-07
1.58429e-06, 3.56746e-07
1.53575e-06, 3.45781e-07
1.4887e-06, 3.35148e-07
1.44308e-06, 3.24838e-07
1.39887e-06, 3.14852e-07
1.35601e-06, 3.05167e-07
1.31446e-06, 2.95779e-07
1.27418e-06, 2.8668e-07
1.23514e-06, 2.77854e-07
1.1973e-06, 2.69312e-07
1.16061e-06, 2.61032e-07
1.12505e-06, 2.52996e-07
1.09059e-06, 2.45215e-07
1.05717e-06, 2.37671e-07
1.02478e-06, 2.30356e-07
9.93384e-07, 2.23266e-07
9.62954e-07, 2.16393e-07
9.33458e-07, 2.09733e-07
9.04865e-07, 2.03279e-07
8.77151e-07, 1.9702e-07
8.5029e-07, 1.90957e-07
8.24252e-07, 1.85079e-07
7.99014e-07, 1.79373e-07
7.74555e-07, 1.73852e-07
7.50839e-07, 1.68496e-07
7.27856e-07, 1.63302e-07
7.05576e-07, 1.58273e-07
6.83983e-07, 1.53404e-07
6.63059e-07, 1.48684e-07
6.42773e-07, 1.44105e-07
6.23114e-07, 1.39665e-07
6.04053e-07, 1.35361e-07
5.85577e-07, 1.31187e-07
5.67671e-07, 1.27145e-07
5.50321e-07, 1.23229e-07
5.335e-07, 1.19428e-07
5.17195e-07, 1.15747e-07
5.01395e-07, 1.12178e-07
4.86078e-07, 1.08715e-07
4.7123e-07, 1.05359e-07
4.56838e-07, 1.02113e-07
4.42885e-07, 9.89713e-08
4.29359e-07, 9.59218e-08
4.16252e-07, 9.29643e-08
4.03552e-07, 9.01039e-08
3.91242e-07, 8.73291e-08
3.79304e-07, 8.46378e-08
3.67732e-07, 8.20319e-08
3.56516e-07, 7.95046e-08
3.45641e-07, 7.70562e-08
3.35101e-07, 7.46854e-08
3.24885e-07, 7.2389e-08
3.14984e-07, 7.01662e-08
3.05386e-07, 6.80103e-08
2.9608e-07, 6.59149e-08
2.87063e-07, 6.38848e-08
2.78324e-07, 6.19218e-08
2.69848e-07, 6.00173e-08
2.61631e-07, 5.81701e-08
2.53671e-07, 5.63799e-08
2.45957e-07, 5.46401e-08
2.38482e-07, 5.29545e-08
2.31239e-07, 5.13213e-08
2.24221e-07, 4.97353e-08
2.1742e-07, 4.82004e-08
2.10827e-07, 4.67109e-08
2.04435e-07, 4.52615e-08
1.98241e-07, 4.38576e-08
1.92245e-07, 4.24989e-08
1.86439e-07, 4.11802e-08
1.80814e-07, 3.98997e-08
1.75363e-07, 3.86598e-08
1.70083e-07, 3.74576e-08
1.64966e-07, 3.62924e-08
1.6001e-07, 3.51639e-08
1.55206e-07, 3.40687e-08
1.50546e-07, 3.30058e-08
1.46033e-07, 3.19769e-08
1.41658e-07, 3.09831e-08
1.37414e-07, 3.00214e-08
1.33302e-07, 2.90887e-08
1.29319e-07, 2.8183e-08
1.25463e-07, 2.73038e-08
1.21724e-07, 2.64531e-08
1.18098e-07, 2.56283e-08
1.14587e-07, 2.4828e-08
1.11187e-07, 2.4051e-08
1.07892e-07, 2.32984e-08
1.04698e-07, 2.25725e-08
1.01605e-07, 2.18715e-08
9.86056e-08, 2.11921e-08
9.56996e-08, 2.0532e-08
9.28881e-08, 1.98941e-08
9.01658e-08, 1.92748e-08
8.75274e-08, 1.86731e-08
8.49703e-08, 1.80918e-08
8.24912e-08, 1.75298e-08
8.00894e-08, 1.69895e-08
7.77629e-08, 1.64691e-08
7.5506e-08, 1.59639e-08
7.33175e-08, 1.54735e-08
7.11959e-08, 1.49998e-08
6.91371e-08, 1.4542e-08
6.7139e-08, 1.40991e-08
6.52002e-08, 1.36713e-08
6.33207e-08, 1.32564e-08
6.14985e-08, 1.28582e-08
5.97312e-08, 1.24746e-08
5.80177e-08, 1.20999e-08
5.63568e-08, 1.17355e-08
5.47446e-08, 1.13826e-08
5.31779e-08, 1.10398e-08
5.16572e-08, 1.07059e-08
5.01819e-08, 1.03815e-08
4.87536e-08, 1.00673e-08
4.73715e-08, 9.76275e-09
4.60313e-08, 9.46541e-09
4.47346e-08, 9.17706e-09
4.34776e-08, 8.89766e-09
4.22605e-08, 8.62422e-09
4.10863e-08, 8.35622e-09
3.99494e-08, 8.0958e-09
3.88472e-08, 7.84486e-09
3.77816e-08, 7.60022e-09
3.67518e-08, 7.36179e-09
3.5753e-08, 7.13075e-09
3.47844e-08, 6.90778e-09
3.38454e-08, 6.69209e-09
3.2933e-08, 6.48241e-09
3.20465e-08, 6.27969e-09
3.11863e-08, 6.08239e-09
3.03508e-08, 5.89073e-09
2.95397e-08, 5.70602e-09
2.87556e-08, 5.52837e-09
2.79982e-08, 5.35517e-09
2.72673e-08, 5.18351e-09
2.65644e-08, 5.01761e-09
2.58859e-08, 4.86072e-09
2.52268e-08, 4.71009e-09
2.45882e-08, 4.56602e-09
2.3971e-08, 4.42924e-09
2.33757e-08, 4.29846e-09
2.27992e-08, 4.17208e-09
2.22369e-08, 4.04881e-09
2.16885e-08, 3.93017e-09
2.11541e-08, 3.81679e-09
2.06339e-08, 3.70765e-09
2.01266e-08, 3.6016e-09
1.96321e-08, 3.49853e-09
1.9151e-08, 3.40085e-09
1.8682e-08, 3.30826e-09
1.82248e-08, 3.22061e-09
1.77791e-08, 3.13935e-09
1.73453e-08, 3.06208e-09
1.69229e-08, 2.98883e-09
1.65108e-08, 2.91962e-09
1.611e-08, 2.85151e-09
1.5718e-08, 2.78544e-09
1.53337e-08, 2.72174e-09
1.49595e-08, 2.65923e-09
1.45942e-08, 2.59753e-09
1.42371e-08, 2.53738e-09
1.38893e-08, 2.47969e-09
1.35489e-08, 2.42338e-09
1.32168e-08, 2.36774e-09
1.28922e-08, 2.31344e-09
1.25744e-08, 2.26166e-09
1.22638e-08, 2.21115e-09
1.19611e-08, 2.16177e-09
1.16663e-08, 2.11352e-09
1.13784e-08, 2.06652e-09
1.10967e-08, 2.02047e-09
1.08206e-08, 1.97643e-09
1.05504e-08, 1.93431e-09
1.02866e-08, 1.89204e-09
1.00296e-08, 1.85059e-09
9.77874e-09, 1.80962e-09
9.53285e-09, 1.77132e-09
9.29264e-09, 1.73376e-09
9.05862e-09, 1.69556e-09
8.83032e-09, 1.65952e-09
8.60831e-09, 1.62422e-09
8.39026e-09, 1.58942e-09
8.17642e-09, 1.55465e-09
7.9691e-09, 1.52063e-09
7.76654e-09, 1.48836e-09
7.56716e-09, 1.45682e-09
7.37296e-09, 1.42649e-09
7.18418e-09, 1.39619e-09
6.99828e-09, 1.36516e-09
6.81748e-09, 1.33629e-09
6.64088e-09, 1.30932e-09
6.46656e-09, 1.28148e-09
6.29692e-09, 1.25353e-09
6.13188e-09, 1.22638e-09
5.97049e-09, 1.20053e-09
5.81282e-09, 1.17526e-09
5.65872e-09, 1.15024e-09
5.50845e-09, 1.12708e-09
5.36165e-09, 1.10481e-09
5.21828e-09, 1.08254e-09
5.07803e-09, 1.06063e-09
4.94115e-09, 1.03849e-09
4.80725e-09, 1.01707e-09
4.67758e-09, 9.96188e-10
4.55141e-09, 9.74588e-10
4.42688e-09, 9.53774e-10
4.30512e-09, 9.3419e-10
4.18617e-09, 9.14374e-10
4.06973e-09, 8.94055e-10
3.95589e-09, 8.74136e-10
3.84505e-09, 8.56296e-10
3.73705e-09, 8.39532e-10
3.63163e-09, 8.21785e-10
3.52788e-09, 8.03556e-10
3.42624e-09, 7.86803e-10
3.32709e-09, 7.68772e-10
3.23143e-09, 7.51222e-10
3.13871e-09, 7.35868e-10
3.04665e-09, 7.19999e-10
2.95707e-09, 7.04558e-10
2.87028e-09, 6.8854e-10
2.78539e-09, 6.72503e-10
2.70437e-09, 6.58245e-10
2.6249e-09, 6.43418e-10
2.54577e-09, 6.28251e-10
2.46926e-09, 6.13557e-10
2.39476e-09, 6.00174e-10
2.32245e-09, 5.87623e-10
2.25216e-09, 5.73087e-10
2.18365e-09, 5.58936e-10
2.11702e-09, 5.46015e-10
2.05223e-09, 5.33682e-10
1.98822e-09, 5.21745e-10
1.92545e-09, 5.10017e-10
1.86541e-09, 4.97831e-10
1.80626e-09, 4.85794e-10
1.74865e-09, 4.74498e-10
1.69349e-09, 4.63591e-10
1.63944e-09, 4.51984e-10
1.58669e-09, 4.40126e-10
1.53578e-09, 4.28638e-10
1.48487e-09, 4.17624e-10
1.4362e-09, 4.08217e-10
1.38993e-09, 3.9746e-10
1.3439e-09, 3.84965e-10
1.29931e-09, 3.74175e-10
1.25669e-09, 3.64767e-10
1.21501e-09, 3.55278e-10
1.17448e-09, 3.46017e-10
1.13527e-09, 3.36409e-10
1.09739e-09, 3.26245e-10
1.06074e-09, 3.17201e-10
1.02517e-09, 3.08689e-10
9.91099e-10, 3.00626e-10
9.56926e-10, 2.91997e-10
9.23725e-10, 2.83614e-10
8.91987e-10, 2.75701e-10
8.60443e-10, 2.67589e-10
8.29992e-10, 2.60908e-10
8.00102e-10, 2.54381e-10
7.70359e-10, 2.48209e-10
7.42071e-10, 2.41451e-10
7.14449e-10, 2.35114e-10
6.86624e-10, 2.29183e-10
6.59923e-10, 2.22933e-10
6.341e-10, 2.16516e-10
6.09038e-10, 2.09612e-10
5.84208e-10, 2.04419e-10
5.59087e-10, 1.98974e-10
5.36402e-10, 1.9286e-10
5.14913e-10, 1.87206e-10
4.92559e-10, 1.81884e-10
4.71e-10, 1.76833e-10
4.51297e-10, 1.72058e-10
4.32306e-10, 1.67287e-10
4.13372e-10, 1.62559e-10
3.94643e-10, 1.58118e-10
3.76947e-10, 1.54232e-10
3.59597e-10, 1.49675e-10
3.4218e-10, 1.44598e-10
3.25211e-10, 1.40528e-10
3.08734e-10, 1.36193e-10
2.93121e-10, 1.32235e-10
2.77885e-10, 1.28431e-10
2.61919e-10, 1.24312e-10
2.46497e-10, 1.19829e-10
2.33636e-10, 1.16709e-10
2.20675e-10, 1.14785e-10
2.07229e-10, 1.10947e-10
1.9435e-10, 1.07831e-10
1.81275e-10, 1.05037e-10
1.69457e-10, 1.00777e-10
1.57717e-10, 9.73686e-11
1.46325e-10, 9.4955e-11
1.35539e-10, 9.23485e-11
1.24279e-10, 8.99111e-11
1.14177e-10, 8.70723e-11
1.04627e-10, 8.35605e-11
9.42883e-11, 8.04697e-11
8.50838e-11, 7.67698e-11
7.61254e-11, 7.34931e-11
6.74906e-11, 7.18152e-11
6.04775e-11, 6.97185e-11
5.38019e-11, 6.64175e-11
4.73721e-11, 6.32524e-11
4.14394e-11, 5.9688e-11
3.60277e-11, 5.5354e-11
3.14443e-11, 5.15603e-11
2.82871e-11, 4.80087e-11
2.47045e-11, 4.43316e-11
2.18642e-11, 4.07785e-11
1.91412e-11, 3.76713e-11
1.58402e-11, 3.45475e-11
1.38415e-11, 3.12142e-11
1.24723e-11, 2.78172e-11
1.04864e-11, 2.40007e-11
7.93226e-12, 2.02734e-11
6.86716e-12, 1.70119e-11
6.84223e-12, 1.44948e-11
5.53853e-12, 1.23901e-11
3.62774e-12, 1.06053e-11
2.3463e-12, 8.32284e-12
1.99334e-12, 7.09717e-12
1.6765e-12, 6.22599e-12
1.12358e-12, 5.57686e-12
9.12011e-13, 5.76524e-12
1.03671e-12, 6.25675e-12
1.7167e-12, 6.99761e-12
1.44131e-12, 6.41948e-12
6.54173e-13, 5.92155e-12
-9.59233e-15, 6.44514e-12
1.91787e-13, 7.24191e-12
1.11348e-12, 7.65492e-12
1.57841e-12, 6.48364e-12
1.31998e-12, 6.00021e-12
1.03736e-12, 6.49018e-12
1.16932e-12, 6.18254e-12
7.96992e-13, 6.24335e-12
3.73627e-13, 6.54788e-12
9.7519e-13, 7.142e-12
1.19584e-12, 6.68033e-12
9.23824e-13, 6.07276e-12
1.13296e-12, 5.74995e-12
1.05048e-12, 5.98564e-12
1.79516e-12, 5.95697e-12
1.43112e-12, 6.35105e-12
1.40048e-12, 6.71565e-12
1.71868e-12, 7.02109e-12
1.32291e-12, 6.67179e-12
1.67481e-12, 5.01854e-12
9.50321e-13, 4.67862e-12
7.90864e-13, 5.20325e-12
3.91776e-13, 5.91912e-12
-5.72875e-14, 6.43781e-12
8.2423e-13, 6.59311e-12
5.4019e-13, 6.25058e-12
7.47373e-13, 6.24516e-12
1.54126e-12, 6.14112e-12
1.25657e-12, 5.89102e-12
7.84054e-13, 5.93528e-12
5.70299e-13, 5.62958e-12
1.00533e-12, 6.30087e-12
1.13474e-12, 6.25934e-12
6.14708e-13, 5.97894e-12
1.08393e-12, 5.5266e-12
5.48509e-13, 5.59553e-12
-4.42609e-14, 5.66734e-12
1.4583e-12, 5.77515e-12
1.58809e-12, 6.02547e-12
3.11632e-13, 5.84917e-12
3.44909e-13, 5.5369e-12
6.92276e-13, 6.48825e-12
2.58608e-13, 6.17623e-12
1.57489e-12, 5.70007e-12
1.67197e-12, 5.88857e-12
6.11837e-13, 6.01265e-12
8.35805e-13, 6.7744e-12
1.40451e-12, 6.30903e-12
9.73532e-13, 6.01525e-12
1.46816e-13, 6.38536e-12
7.03556e-13, 6.5546e-12
1.2809e-12, 6.70695e-12
2.0249e-12, 6.16955e-12
1.55872e-12, 5.88168e-12
3.93848e-13, 5.96452e-12
8.87823e-13, 6.04954e-12
1.54114e-12, 6.55738e-12
1.12698e-12, 6.38659e-12
1.43503e-12, 6.54897e-12
1.16644e-12, 6.05887e-12
8.05193e-13, 6.39366e-12
1.48275e-12, 6.87855e-12
2.02694e-12, 7.37082e-12
1.47488e-12, 6.51507e-12
-3.9672e-14, 6.47577e-12
-8.62421e-14, 6.12521e-12
6.28593e-13, 5.88678e-12
6.48696e-13, 6.83425e-12
5.67664e-13, 6.89806e-12
6.75993e-13, 7.04848e-12
1.50981e-12, 6.55032e-12
2.05874e-12, 4.9283e-12
1.30467e-12, 4.43184e-12
9.45022e-14, 5.25352e-12
1.97353e-13, 5.95466e-12
7.96489e-13, 6.70382e-12
1.19919e-12, 6.43266e-12
1.83397e-12, 6.34871e-12
1.45765e-12, 6.08575e-12
1.30758e-12, 6.13067e-12
1.42369e-12, 6.77053e-12
1.24552e-12, 6.10686e-12
1.31427e-12, 5.59024e-12
1.54798e-12, 5.35931e-12
6.66667e-13, 6.50827e-12
5.98899e-13, 6.80275e-12
1.86707e-12, 6.55436e-12
1.28667e-12, 6.479e-12
3.12757e-13, 6.20941e-12
8.73405e-13, 7.21323e-12
1.64165e-12, 6.82503e-12
1.48894e-12, 5.96445e-12
1.14901e-12, 5.53114e-12
9.89194e-13, 6.7192e-12
6.69154e-13, 7.28594e-12
4.88291e-13, 6.96802e-12
1.12967e-12, 6.20062e-12
1.48506e-12, 6.11957e-12
9.05379e-13, 5.76694e-12
6.81943e-13, 6.07499e-12
1.08787e-12, 6.30937e-12
6.73979e-13, 5.71562e-12
4.22092e-13, 6.11403e-12
3.93552e-13, 5.94457e-12
4.57323e-13, 5.61338e-12
1.30858e-12, 5.53801e-12
1.29408e-12, 6.14284e-12
1.30855e-12, 6.86867e-12
1.83068e-12, 5.56434e-12
1.06004e-12, 5.64858e-12
6.0103e-13, 6.44454e-12
1.08228e-12, 6.84085e-12
1.23113e-12, 6.53537e-12
1.25941e-12, 6.13438e-12
1.11739e-12, 5.40795e-12
1.45179e-12, 6.34442e-12
8.88771e-13, 6.6664e-12
4.69165e-13, 7.02165e-12
1.33917e-12, 7.2908e-12
1.50309e-12, 6.45757e-12
1.40317e-12, 7.01788e-12
1.30296e-12, 6.56523e-12
8.23105e-13, 6.45606e-12
9.66782e-13, 6.97948e-12
1.31089e-12, 7.40693e-12
3.40705e-13, 6.74156e-12
5.64674e-13, 6.618e-12
1.22613e-12, 6.60003e-12
1.52935e-12, 6.77707e-12
1.507e-12, 7.02667e-12
1.27661e-12, 5.98044e-12
1.9558e-12, 6.51118e-12
1.63718e-12, 6.49774e-12
9.56479e-13, 7.19001e-12
1.3701e-12, 7.11562e-12
9.70068e-13, 6.57874e-12
6.65808e-13, 5.94877e-12
9.85316e-13, 6.55549e-12
8.98274e-13, 7.20272e-12
1.73642e-12, 6.22739e-12
1.25426e-12, 5.93511e-12
7.87755e-13, 6.25731e-12
1.0212e-12, 6.20953e-12
6.116e-13, 6.71631e-12
9.34068e-13, 6.33066e-12
1.4104e-12, 5.98403e-12
1.10933e-12, 6.19283e-12
1.32161e-13, 6.49402e-12
1.50694e-14, 6.75993e-12
3.97578e-13, 6.83409e-12
7.14658e-13, 6.69342e-12
6.9198e-13, 5.86708e-12
8.5499e-13, 6.01077e-12
1.35717e-12, 7.19019e-12
1.51269e-12, 7.37012e-12
1.75691e-12, 6.06971e-12
3.99769e-13, 6.12902e-12
5.86642e-13, 6.90719e-12
2.22009e-12, 6.65348e-12
2.24227e-12, 6.21326e-12
1.30426e-12, 6.12103e-12
4.25526e-13, 5.99386e-12
8.65796e-13, 6.30763e-12
1.19389e-12, 6.75573e-12
1.35853e-12, 7.43676e-12
1.4705e-12, 6.91402e-12
1.77778e-12, 5.96241e-12
1.85227e-12, 6.10543e-12
1.70264e-12, 6.15814e-12
1.4244e-12, 6.07635e-12
6.20333e-13, 6.3389e-12
5.60233e-13, 6.21574e-12
1.0273e-12, 6.22522e-12
1.57752e-12, 7.26472e-12
1.1469e-12, 6.8787e-12
5.35364e-13, 6.44148e-12
6.48814e-13, 5.99529e-12
5.57894e-13, 6.43144e-12
5.35305e-13, 7.30266e-12
9.22196e-13, 7.20608e-12
9.52305e-13, 6.54954e-12
7.85357e-13, 6.23088e-12
1.11247e-12, 5.70983e-12
1.57687e-12, 5.58101e-12
1.90446e-12, 6.09331e-12
1.72893e-12, 5.77266e-12
1.27095e-12, 6.72145e-12
3.2303e-13, 7.36671e-12
5.6873e-13, 7.26416e-12
9.27732e-13, 6.48764e-12
7.59718e-13, 6.15618e-12
9.74184e-13, 5.88448e-12
9.51387e-13, 6.93798e-12
1.04337e-12, 6.9036e-12
2.81434e-13, 5.67709e-12
4.43793e-13, 6.00432e-12
2.03955e-12, 7.33224e-12
1.40575e-12, 6.44558e-12
2.32525e-13, 6.15355e-12
1.39243e-12, 6.83213e-12
1.12059e-12, 6.7269e-12
6.48962e-13, 6.58198e-12
1.06712e-12, 5.5013e-12
5.39361e-13, 5.55015e-12
7.41688e-13, 6.42059e-12
1.73692e-12, 5.95687e-12
2.59295e-12, 6.66937e-12
1.75862e-12, 6.68734e-12
1.77529e-12, 6.67244e-12
1.96148e-12, 6.68421e-12
1.18862e-12, 6.28194e-12
1.51698e-12, 6.4914e-12
1.41499e-12, 6.70324e-12
1.03106e-12, 6.54991e-12
1.62744e-12, 6.76669e-12
2.46697e-12, 6.3555e-12
2.12893e-12, 6.68606e-12
1.15368e-12, 6.97109e-12
9.65154e-13, 6.48678e-12
1.09086e-12, 6.27841e-12
1.46191e-12, 7.42057e-12
1.12171e-12, 7.50148e-12
9.64503e-13, 7.41585e-12
1.16156e-12, 6.9778e-12
8.21595e-13, 6.42251e-12
3.85351e-13, 7.0856e-12
1.27477e-12, 6.00462e-12
2.55988e-12, 6.09137e-12
1.471e-12, 5.72195e-12
1.5036e-12, 5.82761e-12
9.21515e-13, 6.74846e-12
3.88637e-13, 5.94629e-12
1.68843e-12, 5.95704e-12
1.38452e-12, 6.75228e-12
7.21704e-13, 6.0506e-12
9.77707e-13, 5.46184e-12
1.51417e-12, 6.29686e-12
9.12633e-13, 6.77956e-12
-1.69524e-13, 6.55045e-12
4.24905e-13, 7.53284e-12
9.46798e-13, 6.89102e-12
3.27471e-13, 6.2385e-12
4.56731e-13, 7.00507e-12
1.27027e-12, 6.84704e-12
1.68958e-12, 6.54316e-12
2.23054e-12, 6.11832e-12
1.11478e-12, 5.85465e-12
9.38212e-13, 6.35994e-12
1.6982e-12, 6.65844e-12
1.34198e-12, 6.42631e-12
1.56088e-12, 7.57054e-12
1.38215e-12, 7.52048e-12
5.69648e-13, 5.77612e-12
-4.62889e-13, 5.42002e-12
-1.36779e-13, 6.43553e-12
1.37025e-12, 5.54138e-12
1.71217e-12, 5.79308e-12
1.29615e-12, 6.38179e-12
7.32392e-13, 6.71015e-12
4.54777e-13, 6.76226e-12
4.13625e-13, 6.26809e-12
-3.80821e-13, 6.09674e-12
1.93712e-13, 6.21739e-12
1.62927e-12, 6.19629e-12
1.07854e-12, 5.81167e-12
1.02182e-12, 6.64403e-12
1.33372e-12, 7.69282e-12
8.39862e-13, 6.82916e-12
1.66436e-12, 6.54524e-12
2.00213e-12, 6.7717e-12
1.10214e-12, 5.7364e-12
6.89226e-13, 5.70563e-12
7.30556e-13, 6.7626e-12
7.14066e-13, 6.38082e-12
-1.39888e-13, 6.89169e-12
2.01084e-13, 6.1687e-12
1.03875e-12, 5.54959e-12
8.9783e-13, 6.32623e-12
1.13888e-12, 6.31286e-12
1.69678e-12, 6.70333e-12
1.74628e-12, 6.37949e-12
1.11277e-12, 7.03865e-12
1.01279e-12, 6.34016e-12
1.01933e-13, 6.48701e-12
-4.57649e-13, 6.90232e-12
8.60645e-14, 6.56805e-12
9.65716e-13, 5.24158e-12
2.35604e-13, 5.61884e-12
-1.157e-13, 6.13422e-12
8.74649e-13, 7.18741e-12
9.75634e-13, 6.17146e-12
2.60088e-13, 5.04583e-12
2.51058e-14, 6.81877e-12
1.171e-12, 7.23335e-12
8.24703e-13, 6.50841e-12
2.25716e-13, 6.94876e-12
7.49711e-13, 7.27147e-12
4.1099e-13, 7.35854e-12
1.35995e-12, 6.91988e-12
1.69761e-12, 6.72395e-12
5.36578e-13, 6.52799e-12
8.93004e-13, 6.10033e-12
1.462e-12, 6.51545e-12
1.02795e-12, 6.10346e-12
1.58188e-12, 5.52949e-12
1.70859e-12, 6.0529e-12
8.99695e-13, 6.86834e-12
2.16627e-13, 7.24829e-12
2.60236e-13, 7.88663e-12
7.46544e-13, 7.1119e-12
-1.25677e-13, 7.30002e-12
4.1401e-13, 7.09219e-12
1.47645e-13, 6.24707e-12
5.94635e-13, 6.76618e-12
1.23729e-12, 5.88392e-12
2.23969e-13, 5.93293e-12
4.21944e-13, 6.36148e-12
7.31563e-13, 7.54264e-12
6.71315e-13, 6.92531e-12
5.67872e-13, 7.15814e-12
1.31889e-12, 7.52368e-12
2.06966e-12, 6.76514e-12
1.59419e-12, 6.31885e-12
1.16192e-12, 7.21693e-12
1.22261e-12, 7.0997e-12
5.81106e-13, 6.48656e-12
6.85763e-13, 5.7579e-12
1.58803e-12, 6.88488e-12
1.43157e-12, 6.95284e-12
1.49255e-12, 5.79963e-12
1.91012e-12, 6.94708e-12
1.76191e-12, 6.99734e-12
1.29135e-12, 6.40215e-12
8.20322e-13, 6.50415e-12
8.99221e-13, 6.82801e-12
1.04746e-12, 6.40897e-12
4.44e-13, 6.34665e-12
1.02226e-12, 6.14896e-12
1.63484e-12, 5.70138e-12
1.24925e-12, 6.1099e-12
6.69894e-13, 6.59189e-12
4.41898e-13, 7.35353e-12
1.5319e-12, 6.72448e-12
1.672e-12, 6.19893e-12
8.09308e-13, 6.92112e-12
5.80336e-13, 7.47025e-12
1.03917e-12, 7.40663e-12
1.14471e-12, 6.96986e-12
9.77174e-13, 6.8507e-12
1.25115e-12, 7.37535e-12
1.65829e-12, 7.39638e-12
1.71999e-12, 7.05877e-12
6.02955e-13, 7.03863e-12
4.88261e-13, 6.25746e-12
1.14495e-12, 5.66401e-12
9.4064e-13, 6.25145e-12
1.59908e-12, 7.02128e-12
1.68748e-12, 6.59007e-12
8.39033e-14, 7.15329e-12
2.45256e-13, 6.86756e-12
1.36016e-12, 6.97674e-12
1.14572e-12, 6.92396e-12
1.61983e-12, 6.72052e-12
1.71768e-12, 5.77976e-12
1.42257e-12, 6.07625e-12
1.1623e-12, 6.58278e-12
2.38742e-13, 6.30612e-12
-3.71407e-13, 5.78259e-12
5.18459e-13, 6.4095e-12
1.47973e-12, 6.90005e-12
1.20085e-12, 6.17582e-12
9.30633e-13, 5.87824e-12
6.78361e-13, 7.78001e-12
2.87474e-14, 7.06827e-12
-1.06167e-13, 6.65207e-12
8.60467e-13, 7.72354e-12
1.94544e-12, 6.35395e-12
1.71868e-12, 5.59903e-12
1.66495e-12, 5.06523e-12
2.28096e-12, 5.88266e-12
1.41898e-12, 7.47124e-12
7.5658e-13, 7.61182e-12
1.64716e-12, 7.41664e-12
1.00968e-12, 6.88065e-12
1.40234e-12, 6.67374e-12
2.4032e-12, 7.09874e-12
1.61059e-12, 7.07563e-12
1.02653e-12, 7.13302e-12
1.41972e-12, 6.58748e-12
9.06949e-13, 6.68069e-12
4.23306e-13, 7.50121e-12
1.96968e-12, 7.57444e-12
1.58445e-12, 6.24163e-12
9.52394e-13, 6.68156e-12
1.73233e-12, 6.81025e-12
6.20481e-13, 6.50351e-12
-3.0879e-14, 6.58024e-12
1.80839e-12, 6.61048e-12
2.62726e-12, 7.37339e-12
2.19419e-12, 7.21233e-12
1.52124e-12, 6.8785e-12
1.06916e-12, 6.99274e-12
1.19854e-12, 6.51854e-12
1.20751e-12, 6.87166e-12
5.23137e-13, 7.22727e-12
1.30121e-12, 6.61258e-12
1.19836e-12, 6.75108e-12
8.00604e-13, 6.7208e-12
8.64938e-13, 6.88964e-12
7.9116e-13, 7.00444e-12
5.95435e-13, 6.99885e-12
4.47227e-13, 7.74178e-12
9.58789e-13, 8.04449e-12
1.56464e-12, 7.59242e-12
9.8576e-13, 7.71764e-12
2.86911e-13, 8.18288e-12
9.9476e-14, 7.14362e-12
7.17145e-13, 7.68646e-12
2.06306e-12, 8.25168e-12
1.29538e-12, 6.68916e-12
8.71303e-14, 6.13902e-12
3.22142e-13, 6.1771e-12
9.31492e-13, 6.45614e-12
5.184e-13, 6.712e-12
2.83566e-13, 6.88693e-12
-5.06647e-13, 6.58582e-12
-4.49596e-13, 7.98875e-12
2.8475e-13, 7.17094e-12
7.6561e-13, 6.81976e-12
7.93499e-13, 6.85536e-12
-3.77298e-13, 6.33967e-12
-4.71327e-13, 6.75279e-12
5.30953e-13, 8.22605e-12
1.32581e-12, 7.44198e-12
1.78024e-12, 6.38062e-12
2.21639e-12, 6.5315e-12
2.22563e-12, 7.30432e-12
5.54549e-13, 7.09159e-12
-5.65888e-13, 7.04179e-12
5.75273e-13, 6.05153e-12
1.11712e-12, 5.56222e-12
-9.24594e-14, 7.50785e-12
-4.25556e-13, 7.81361e-12
8.81103e-13, 6.76493e-12
1.47242e-12, 7.62124e-12
7.08174e-13, 7.34734e-12
7.37307e-13, 6.38884e-12
2.07674e-12, 6.88137e-12
1.63564e-12, 6.25665e-12
7.83521e-13, 6.70474e-12
1.26296e-12, 7.26336e-12
1.07094e-12, 7.06915e-12
7.3482e-13, 6.87355e-12
8.11736e-13, 7.13386e-12
3.4935e-15, 6.80612e-12
5.04989e-13, 6.97174e-12
1.54469e-12, 7.1163e-12
2.44187e-12, 7.68709e-12
1.96794e-12, 7.67829e-12
8.29559e-13, 7.99529e-12
5.7773e-13, 7.75741e-12
9.65332e-13, 7.76782e-12
6.54558e-13, 7.197e-12
6.65453e-13, 6.52369e-12
1.03274e-12, 6.89181e-12
4.70942e-13, 8.90513e-12
1.61628e-12, 9.03307e-12
2.44193e-12, 7.2919e-12
2.00394e-12, 6.20225e-12
1.61527e-12, 7.3548e-12
2.62797e-12, 7.02167e-12
2.40335e-12, 8.32998e-12
-1.52767e-14, 8.16556e-12
-3.65574e-13, 7.46108e-12
7.86452e-13, 6.57017e-12
2.25316e-12, 6.48952e-12
1.64535e-12, 5.99199e-12
-2.62634e-13, 6.66865e-12
-8.63605e-14, 7.336e-12
1.37493e-12, 6.80708e-12
2.22761e-12, 6.51944e-12
1.26545e-12, 7.15468e-12
1.41309e-12, 7.02893e-12
2.1112e-12, 7.21183e-12
1.11668e-12, 6.64124e-12
7.72804e-13, 6.29265e-12
1.38334e-12, 7.27235e-12
6.33775e-13, 7.76559e-12
3.37981e-13, 8.0108e-12
1.79619e-13, 7.83251e-12
1.79178e-12, 6.76516e-12
1.6815e-12, 7.09725e-12
-2.77793e-13, 7.39723e-12
-1.98537e-13, 6.88902e-12
-1.77636e-16, 7.16641e-12
7.14332e-13, 7.17427e-12
1.00201e-12, 8.42206e-12
1.28049e-12, 6.81622e-12
1.68801e-12, 5.84146e-12
2.89268e-12, 7.516e-12
3.17074e-12, 8.25291e-12
1.48654e-12, 9.34972e-12
1.31744e-12, 7.73509e-12
2.2656e-12, 7.35634e-12
2.52512e-12, 7.22845e-12
2.07526e-12, 6.34173e-12
1.48495e-12, 6.79215e-12
8.44243e-13, 6.99868e-12
7.24191e-13, 7.20769e-12
9.84842e-13, 8.84093e-12
3.22379e-13, 9.18074e-12
1.32735e-12, 8.23011e-12
2.15025e-12, 6.91543e-12
1.10478e-12, 5.9734e-12
6.41827e-13, 6.5184e-12
7.02431e-13, 6.34121e-12
3.39255e-13, 6.40476e-12
-3.56426e-13, 6.58328e-12
-3.06037e-13, 6.45061e-12
1.08151e-13, 7.20858e-12
1.6042e-12, 7.05643e-12
2.01827e-12, 7.23531e-12
1.23916e-12, 6.76287e-12
8.74441e-13, 6.81156e-12
3.29514e-14, 7.02758e-12
-8.19019e-13, 7.13363e-12
5.01258e-13, 7.58636e-12
9.87891e-13, 7.12217e-12
6.63292e-13, 7.70991e-12
2.04684e-12, 7.85123e-12
1.23173e-12, 8.55427e-12
1.63037e-12, 7.92277e-12
2.85301e-12, 6.48262e-12
1.13867e-12, 7.45267e-12
6.18587e-13, 7.79402e-12
5.36401e-13, 6.78321e-12
1.2632e-12, 6.95832e-12
1.25195e-12, 7.40254e-12
2.13391e-12, 6.50976e-12
2.79856e-12, 6.80396e-12
1.05572e-12, 5.74925e-12
6.9645e-13, 6.27608e-12
1.5698e-12, 8.13998e-12
1.05495e-12, 6.77933e-12
1.42644e-12, 7.34389e-12
1.84714e-12, 7.09362e-12
8.59135e-13, 6.7033e-12
5.9055e-13, 7.72692e-12
1.78405e-13, 6.97732e-12
1.14868e-12, 6.88957e-12
-1.94926e-13, 8.00899e-12
-3.79726e-13, 7.43674e-12
6.6415e-13, 7.17009e-12
1.70009e-12, 7.41879e-12
1.52272e-12, 5.75894e-12
2.79687e-13, 5.23892e-12
1.94994e-12, 6.17517e-12
1.54419e-12, 6.42587e-12
3.29396e-13, 6.22468e-12
1.22358e-12, 6.0697e-12
2.20135e-12, 5.9771e-12
1.14924e-12, 6.80381e-12
7.33369e-13, 6.71125e-12
2.73885e-13, 6.99116e-12
4.00184e-13, 7.49683e-12
1.04651e-12, 8.64451e-12
9.53163e-13, 6.99914e-12
2.38535e-12, 7.6192e-12
3.05468e-12, 7.77227e-12
1.86062e-12, 5.73174e-12
1.55757e-12, 5.52868e-12
1.8401e-12, 6.87173e-12
1.20034e-12, 6.5013e-12
-1.23102e-13, 5.89429e-12
-1.39391e-12, 6.07822e-12
-4.47346e-13, 5.83124e-12
4.36096e-13, 6.85427e-12
4.15016e-13, 8.79206e-12
5.62572e-13, 7.89273e-12
6.15123e-13, 7.74397e-12
7.20875e-13, 8.04206e-12
5.52447e-14, 7.22656e-12
-9.21041e-14, 6.16067e-12
7.00625e-13, 6.68803e-12
7.11224e-13, 6.53334e-12
7.74847e-13, 7.52962e-12
9.3386e-13, 7.47744e-12
1.17769e-12, 7.49517e-12
1.00767e-12, 7.8372e-12
1.76203e-12, 7.9198e-12
1.88892e-12, 5.83157e-12
1.43219e-12, 6.0949e-12
1.53827e-12, 5.67394e-12
9.84723e-13, 6.83507e-12
1.79489e-12, 7.66588e-12
8.44954e-13, 7.59395e-12
-5.83859e-13, 7.12084e-12
9.53815e-13, 7.18693e-12
1.66918e-12, 7.00128e-12
2.14007e-12, 6.68237e-12
2.4713e-12, 7.75311e-12
1.20777e-12, 8.00818e-12
1.63697e-12, 7.43847e-12
2.57992e-12, 7.32254e-12
1.3243e-12, 6.59006e-12
-8.18308e-14, 6.46669e-12
4.45096e-13, 6.70953e-12
1.81026e-12, 6.93629e-12
1.63777e-12, 7.13733e-12
1.23966e-12, 6.63451e-12
1.46585e-12, 6.73816e-12
1.63842e-12, 6.81159e-12
1.01238e-12, 6.6512e-12
3.65012e-13, 6.00266e-12
3.32534e-13, 6.69091e-12
5.13959e-14, 7.70097e-12
4.84324e-13, 8.57181e-12
5.5976e-13, 7.36808e-12
5.49161e-13, 7.56556e-12
1.08014e-12, 7.36915e-12
4.72392e-13, 7.96578e-12
9.9402e-13, 7.68844e-12
1.59088e-12, 8.24268e-12
1.48258e-12, 6.6811e-12
1.32996e-12, 5.80383e-12
1.10176e-12, 6.86411e-12
1.14507e-12, 6.28078e-12
1.00352e-12, 7.05957e-12
4.90659e-13, 7.15805e-12
8.18634e-13, 7.33757e-12
1.23306e-12, 7.12849e-12
6.54084e-13, 6.39e-12
-1.11762e-13, 6.5775e-12
-5.38029e-13, 7.28711e-12
-8.66921e-13, 6.80257e-12
-5.51559e-14, 6.98432e-12
1.11751e-12, 7.06903e-12
1.31533e-12, 8.85034e-12
4.36125e-13, 8.51943e-12
-5.41049e-13, 7.70579e-12
4.816e-13, 6.77371e-12
-2.45137e-13, 7.23514e-12
-4.86633e-13, 7.77229e-12
-7.40859e-13, 7.01127e-12
5.06143e-13, 6.63853e-12
1.66311e-12, 7.46885e-12
1.7082e-12, 7.49724e-12
2.00563e-12, 6.70018e-12
1.72993e-12, 6.9987e-12
1.33105e-12, 6.4751e-12
1.40933e-12, 6.43915e-12
2.66054e-12, 6.76204e-12
1.36327e-12, 7.78316e-12
-3.00115e-13, 4.84123e-12
0, 0
