0, 0
6.63168e-05, 0
0.000265682, 0
0.000597677, 0
0.00106228, 0
0.00165929, 0
0.00238846, 0
0.00324953, 0
0.00424213, 0
0.00536582, 0
0.00662018, 0
0.00800469, 0
0.00951885, 0
0.011162, 0
0.0129336, 0
0.0148328, 0
0.0168589, 0
0.0190111, 0
0.0212886, 0
0.0236905, 0
0.0262159, 0
0.0288636, 0
0.0316329, 0
0.0345225, 0
0.0375313, 0
0.0406582, 0
0.0439021, 0
0.0472615, 0
0.0507354, 0
0.0543224, 0
0.058021, 0
0.06183, 0
0.0657479, 0
0.0697733, 0
0.0739046, 0
0.0781403, 0
0.082479, 0
0.0869189, 0
0.0914586, 0
0.0960963, 0
0.10083, 0
0.105659, 0
0.110581, 0
0.115594, 0
0.120697, 0
0.125887, 0
0.131163, 0
0.136524, 0
0.141966, 0
0.147489, 0
0.153091, 0
0.15877, 0
0.164523, 0
0.170349, 0
0.176246, 0
0.182212, 0
0.188246, 0
0.194345, 0
0.200507, 0
0.20673, 0
0.213013, 0
0.219354, 0
0.22575, 0
0.2322, 0
0.238702, 0
0.245253, 0
0.251852, 0
0.258498, 0
0.265187, 0
0.271918, 0
0.27869, 0
0.2855, 0
0.292346, 0
0.299228, 0
0.306141, 0
0.313086, 0
0.320059, 0
0.32706, 0
0.334087, 0
0.341136, 0
0.348209, 0
0.3553, 0
0.362411, 0
0.369538, 0
0.376679, 0
0.383835, 0
0.391001, 0
0.398178, 0
0.405363, 0
0.412555, 0
0.419751, 0
0.426952, 0
0.434154, 0
0.441357, 0
0.44856, 0
0.455759, 0
0.462955, 0
0.470146, 0
0.47733, 0
0.484506, 0
0.491672, 0
0.498828, 0
0.505973, 0
0.513103, 0
0.52022, 0
0.527321, 0
0.534405, 0
0.541472, 0
0.548519, 0
0.555545, 0
0.562552, 0
0.569535, 0
0.576495, 0
0.583431, 0
0.590342, 0
0.597225, 0
0.604083, 0
0.610912, 0
0.617712, 0
0.624482, 0
0.631224, 0
0.637932, 0
0.644608, 0
0.651253, 0
0.657863, 0
0.664439, 0
0.67098, 0
0.677487, 0
0.683957, 0
0.690389, 0
0.696785, 0
0.703145, 0
0.709464, 0
0.715745, 0
0.721987, 0
0.72819, 0
0.734352, 0
0.740473, 0
0.746555, 0
0.752595, 0
0.758592, 0
0.764548, 0
0.770462, 0
0.776335, 0
0.782164, 0
0.787949, 0
0.793691, 0
0.799392, 0
0.805049, 0
0.810661, 0
0.816229, 0
0.821753, 0
0.827234, 0
0.832672, 0
0.838063, 0
0.843411, 0
0.848714, 0
0.853973, 0
0.85919, 0
0.86436, 0
0.869486, 0
0.874568, 0
0.879605, 0
0.884601, 0
0.88955, 0
0.894455, 0
0.899316, 0
0.904133, 0
0.908908, 0
0.91364, 0
0.918326, 0
0.92297, 0
0.92757, 0
0.932127, 0
0.936645, 0
0.941117, 0
0.945547, 0
0.949934, 0
0.954279, 0
0.958583, 0
0.962849, 0
0.967071, 0
0.971251, 0
0.97539, 0
0.979489, 0
0.983548, 0
0.987571, 0
0.991551, 0
0.995491, 0
0.999392, 0
1.00325, 0
1.00708, 0
1.01087, 0
1.01462, 0
1.01833, 0
1.022, 0
1.02564, 0
1.02924, 0
1.0328, 0
1.03633, 0
1.03983, 0
1.04329, 0
1.04671, 0
1.0501, 0
1.05345, 0
1.05677, 0
1.06006, 0
1.06332, 0
1.06654, 0
1.06973, 0
1.07289, 0
1.07602, 0
1.07911, 0
1.08218, 0
1.08521, 0
1.08822, 0
1.0912, 0
1.09414, 0
1.09706, 0
1.09995, 0
1.1028, 0
1.10564, 0
1.10844, 0
1.11122, 0
1.11397, 0
1.1167, 0
1.1194, 0
1.12207, 0
1.12472, 0
1.12734, 0
1.12994, 0
1.13252, 0
1.13507, 0
1.1376, 0
1.1401, 0
1.14258, 0
1.14504, 0
1.14748, 0
1.1499, 0
1.15229, 0
1.15467, 0
1.15702, 0
1.15936, 0
1.16167, 0
1.16396, 0
1.16624, 0
1.16849, 0
1.17073, 0
1.17295, 0
1.17515, 0
1.17734, 0
1.17951, 0
1.18166, 0
1.18379, 0
1.18591, 0
1.18801, 0
1.1901, 0
1.19217, 0
1.19422, 0
1.19626, 0
1.19829, 0
1.20031, 0
1.20231, 0
1.2043, 0
1.20627, 0
1.20823, 0
1.21018, 0
1.21211, 0
1.21404, 0
1.21595, 0
1.21785, 0
1.21974, 0
1.22161, 0
1.22349, 0
1.22535, 0
1.2272, 0
1.22903, 0
1.23086, 0
1.23268, 0
1.23449, 0
1.23629, 0
1.23808, 0
1.23987, 0
1.24164, 0
1.24341, 0
1.24518, 0
1.24694, 0
1.24868, 0
1.25042, 0
1.25216, 0
1.25388, 0
1.2556, 0
1.25732, 0
1.25903, 0
1.26073, 0
1.26243, 0
1.26412, 0
1.26581, 0
1.26749, 0
1.26917, 0
1.27085, 0
1.27252, 0
1.27419, 0
1.27585, 0
1.27751, 0
1.27916, 0
1.28082, 0
1.28246, 0
1.28411, 0
1.28575, 0
1.28739, 0
1.28903, 0
1.29067, 0
1.2923, 0
1.29393, 0
1.29556, 0
1.29719, 0
1.29883, 0
1.30046, 0
1.30208, 0
1.30371, 0
1.30533, 0
1.30695, 0
1.30857, 0
1.31019, 0
1.31181, 0
1.31343, 0
1.31505, 0
1.31667, 0
1.31829, 0
1.31991, 0
1.32153, 0
1.32315, 0
1.32477, 0
1.3264, 0
1.32802, 0
1.32966, 0
1.33128, 0
1.33291, 0
1.33454, 0
1.33617, 0
1.3378, 0
1.33943, 0
1.34106, 0
1.3427, 0
1.34433, 0
1.34597, 0
1.34761, 0
1.34925, 0
1.3509, 0
1.35254, 0
1.35419, 0
1.35584, 0
1.3575, 0
1.35915, 0
1.36081, 0
1.36247, 0
1.36414, 0
1.36581, 0
1.36749, 0
1.36916, 0
1.37084, 0
1.37252, 0
1.3742, 0
1.37588, 0
1.37757, 0
1.37926, 0
1.38095, 0
1.38265, 0
1.38435, 0
1.38605, 0
1.38776, 0
1.38947, 0
1.39118, 0
1.3929, 0
1.39462, 0
1.39634, 0
1.39807, 0
1.3998, 0
1.40154, 0
1.40327, 0
1.40502, 0
1.40676, 0
1.40851, 0
1.41027, 0
1.41205, 0
1.41381, 0
1.41557, 0
1.41734, 0
1.41911, 0
1.42089, 0
1.42267, 0
1.42446, 0
1.42624, 0
1.42804, 0
1.42983, 0
1.43163, 0
1.43344, 0
1.43525, 0
1.43706, 0
1.43887, 0
1.46354, 0
1.47448, 0
1.48556, 0
1.49676, 0
1.50814, 0
1.51965, 0
1.53131, 0
1.54309, 0
1.555, 0
1.56703, 0
1.57917, 0
1.59141, 0
1.60375, 0
1.61617, 0
1.62867, 0
1.64123, 0
1.65386, 0
1.66653, 0
1.67924, 0
1.69199, 0
1.70475, 0
1.71752, 0
1.73029, 0
1.74305, 0
1.75579, 0
1.7685, 0
1.78117, 0
1.79378, 0
1.80634, 0
1.81883, 0
1.83124, 0
1.84356, 0
1.85578, 0
1.8679, 0
1.8799, 0
1.89177, 0
1.90351, 0
1.9151, 0
1.92655, 0
1.93784, 0
1.94896, 0
1.9599, 0
1.97067, 0
1.98124, 0
1.99161, 0
2.00178, 0
2.01174, 0
2.02149, 0
2.03101, 0
2.04029, 0
2.04935, 0
2.05816, 0
2.06672, 0
2.07503, 0
2.08308, 0
2.09087, 0
2.09839, 0
2.10564, 0
2.11262, 0
2.11931, 0
2.12572, 0
2.13184, 0
2.13767, 0
2.14321, 0
2.14846, 0
2.1534, 0
2.15804, 0
2.16238, 0
2.16642, 0
2.17015, 0
2.17357, 0
2.17668, 0
2.17948, 0
2.18197, 0
2.18414, 0
2.18601, 0
2.18756, 0
2.18881, 0
2.18974, 0
2.19036, 0
2.19067, 0
2.19067, 0
2.19036, 0
2.18975, 0
2.18883, 0
2.18761, 0
2.18609, 0
2.18426, 0
2.18214, 0
2.17973, 0
2.17702, 0
2.17403, 0
2.17074, 0
2.16718, 0
2.16333, 0
2.15921, 0
2.15481, 0
2.15014, 0
2.14521, 0
2.14001, 0
2.1412, 0
2.13127, 0
2.12067, 0
2.1094, 0
2.09749, 0
2.08495, 0
2.07182, 0
2.0581, 0
2.04382, 0
2.02901, 0
2.01369, 0
1.99787, 0
1.98159, 0
1.96487, 0
1.94772, 0
1.93017, 0
1.91225, 0
1.89397, 0
1.87537, 0
1.85645, 0
1.83724, 0
1.81777, 0
1.79805, 0
1.77811, 0
1.75796, 0
1.73763, 0
1.71713, 0
1.69649, 0
1.67572, 0
1.65483, 0
1.63386, 0
1.61281, 0
1.5917, 0
1.57055, 0
1.54936, 0
1.52817, 0
1.50698, 0
1.4858, 0
1.46465, 0
1.44354, 0
1.42248, 0
1.40149, 0
1.38057, 0
1.35974, 0
1.33901, 0
1.31838, 0
1.29787, 0
1.27748, 0
1.25723, 0
1.23711, 0
1.21714, 0
1.19733, 0
1.17768, 0
1.15819, 0
1.13887, 0
1.11974, 0
1.10078, 0
1.08201, 0
1.06344, 0
1.04506, 0
1.02687, 0
1.00889, 0
0.991115, 0
0.973545, 0
0.956185, 0
0.939036, 0
0.9221, 0
0.905379, 0
0.888875, 0
0.872587, 0
0.856517, 0
0.840666, 0
0.825034, 0
0.809621, 0
0.794427, 0
0.779452, 0
0.764697, 0
0.75016, 0
0.73584, 0
0.721738, 0
0.707852, 0
0.694182, 0
0.680725, 0
0.667482, 0
0.654451, 0
0.641629, 0
0.629017, 0
0.616612, 0
0.604412, 0
0.592417, 0
0.580623, 0
0.56903, 0
0.557635, 0
0.546436, 0
0.535432, 0
0.52462, 0
0.513998, 0
0.503565, 0
0.493317, 0
0.483252, 0
0.463567, 0
0.417375, 0
0.375391, 0
0.337308, 0
0.302829, 0
0.271663, 0
0.243535, 0
0.218181, 0
0.195355, 0
0.174827, 0
0.156385, 0
0.13983, 0
0.124982, 0
0.111674, 0
0.099754, 0
0.0890837, 0
0.0795364, 0
0.0709982, 0
0.0633663, 0
0.0565461, 0
0.050454, 0
0.0450136, 0
0.0401562, 0
0.0358215, 0
0.0319524, 0
0.0285011, 0
0.0254211, 0
0.0226734, 0
0.0202236, 0
0.0180383, 0
0.0160898, 0
0.0143514, 0
0.0128017, 0
0.0114201, 0
0.0101878, 0
0.00908955, 0
0.00810906, 0
0.00723643, 0
0.00645654, 0
0.00576195, 0
0.00514176, 0
0.0045901, 0
0.00409673, 0
0.00365595, 0
0.0032641, 0
0.00291435, 0
0.00260243, 0
0.00232343, 0
0.00207463, 0
0.00185198, 0
0.00165463, 0
0.00147784, 0
0.0013187, 0
0.00117845, 0
0.00105363, 0
0.000940959, 0
0.000839541, 0
0.000750976, 0
0.000671268, 0
0.000598881, 0
0.000536027, 0
0.000478717, 0
0.000427113, 0
0.000381744, 0
0.000341807, 0
0.000304711, 0
0.000273238, 0
0.000243273, 0
0.000217412, 0
0.000195288, 0
0.000174229, 0
0.00015581, 0
0.00013921, 0
0.00012414, 0
0.000111109, 0
9.92582e-05, 0
8.84639e-05, 0
7.92521e-05, 0
7.08325e-05, 0
6.32862e-05, 0
5.62809e-05, 0
5.05586e-05, 0
4.48965e-05, 0
4.01211e-05, 0
3.61126e-05, 0
3.22706e-05, 0
2.85455e-05, 0
2.5511e-05, 0
2.30635e-05, 0
2.05947e-05, 0
1.84181e-05, 0
1.6149e-05, 0
1.44353e-05, 0
1.29027e-05, 0
1.1532e-05, 0
1.03064e-05, 0
9.21047e-06, 0
8.23048e-06, 0
7.35437e-06, 0
6.57102e-06, 0
5.87083e-06, 0
5.24489e-06, 0
4.68537e-06, 0
4.18531e-06, 0
3.7383e-06, 0
3.33892e-06, 0
2.98194e-06, 0
2.663e-06, 0
2.37807e-06, 0
2.12341e-06, 0
1.8959e-06, 0
1.69273e-06, 0
1.51119e-06, 0
1.34904e-06, 0
1.20415e-06, 0
1.07493e-06, 0
9.59278e-07, 0
8.5621e-07, 0
7.64094e-07, 0
6.81882e-07, 0
6.08401e-07, 0
5.42878e-07, 0
4.84361e-07, 0
4.32118e-07, 0
3.85521e-07, 0
3.43884e-07, 0
3.06763e-07, 0
2.7351e-07, 0
2.44001e-07, 0
2.17706e-07, 0
1.94106e-07, 0
1.72977e-07, 0
1.5437e-07, 0
1.37525e-07, 0
1.22722e-07, 0
1.09395e-07, 0
9.75153e-08, 0
8.68855e-08, 0
7.74417e-08, 0
6.90432e-08, 0
6.15851e-08, 0
5.47985e-08, 0
4.89143e-08, 0
4.35341e-08, 0
3.87915e-08, 0
3.45837e-08, 0
3.07326e-08, 0
2.7562e-08, 0
2.44573e-08, 0
2.18872e-08, 0
1.93438e-08, 0
1.7304e-08, 0
1.5417e-08, 0
1.36802e-08, 0
1.22934e-08, 0
1.0863e-08, 0
9.65141e-09, 0
8.61799e-09, 0
7.66326e-09, 0
6.89226e-09, 0
6.15847e-09, 0
5.29575e-09, 0
4.9823e-09, 0
4.13055e-09, 0
3.83055e-09, 0
3.58062e-09, 0
2.93043e-09, 0
2.67062e-09, 0
2.39569e-09, 0
2.17386e-09, 0
1.93759e-09, 0
1.60671e-09, 0
1.59168e-09, 0
1.3016e-09, 0
1.20602e-09, 0
1.14475e-09, 0
8.36469e-10, 0
9.23339e-10, 0
6.01696e-10, 0
8.16769e-10, 0
5.42244e-10, 0
6.78481e-10, 0
3.7543e-10, 0
3.78805e-10, 0
3.25989e-10, 0
3.0054e-10, 0
3.03206e-10, 0
3.40512e-10, 0
2.79462e-10, 0
1.35081e-10, 0
4.73941e-11, 0
2.27075e-10, 0
2.65201e-10, 0
2.43165e-11, 0
1.22624e-10, 0
0, 0
2.36968e-10, 0
3.77325e-11, 0
1.90251e-11, 0
1.47082e-10, 0
6.44829e-12, 0
5.85172e-11, 0
2.6223e-11, 0
2.64393e-11, 0
-6.66411e-11, 0
9.40608e-11, 0
1.35467e-11, 0
8.87681e-11, 0
-6.19514e-11, 0
1.38778e-11, 0
2.79781e-11, 0
2.11511e-11, 0
-3.55321e-11, 0
1.14603e-10, 0
-1.58823e-10, 0
2.91038e-11, 0
6.59962e-11, 0
5.17306e-11, 0
-2.23425e-10, 0
1.65112e-10, 0
7.56295e-11, 0
-7.62101e-11, 0
-1.53586e-11, 0
-7.73781e-11, 0
-3.11862e-11, 0
4.7133e-11, 0
9.4976e-11, 0
-6.37925e-11, 0
-5.62358e-11, 0
8.09353e-11, 0
-5.70751e-11, 0
1.31422e-10, 0
-7.44694e-11, 0
-2.50053e-11, 0
1.17545e-10, 0
-4.22862e-11, 0
-1.70373e-10, 0
1.63025e-10, 0
-1.81484e-10, 0
1.82787e-10, 0
-2.10394e-10, 0
2.38381e-10, 0
-1.95617e-10, 0
8.05915e-11, 0
1.80356e-11, 0
-1.81624e-11, 0
1.73751e-10, 0
-1.84173e-10, 0
-8.34542e-11, 0
1.30718e-10, 0
-1.31621e-10, 0
3.78648e-11, 0
1.33436e-10, 0
-6.71743e-11, 0
2.89851e-11, 0
-1.65365e-10, 0
1.46897e-10, 0
-9.85922e-11, 0
1.9851e-11, 0
-3.9968e-11, 0
0, 0
9.11311e-11, 0
-1.01928e-11, 0
-4.10409e-11, 0
0, 0
1.03957e-10, 0
1.25565e-10, 0
-1.89576e-10, 0
-2.1201e-11, 0
1.17362e-10, 0
-9.66437e-11, 0
6.48441e-11, 0
0, 0
0, 0
-2.20324e-10, 0
-1.10862e-10, 0
3.90478e-10, 0
1.23497e-10, 0
-1.80764e-10, 0
-1.13687e-10, 0
1.60158e-10, 0
-3.45337e-10, 0
2.77988e-10, 0
4.66187e-11, 0
-5.86337e-11, 0
-1.53387e-10, 0
8.31005e-11, 0
8.36096e-11, 0
8.41202e-11, 0
4.83613e-11, 0
-2.43274e-10, 0
1.10136e-10, 0
2.46223e-11, 0
-9.90816e-11, 0
-1.24595e-11, 0
-6.26699e-11, 0
3.02609e-10, 0
-2.53673e-10, 0
8.93116e-11, 0
-1.28342e-10, 0
1.42008e-10, 0
-5.19425e-11, 0
1.69802e-10, 0
-3.28448e-10, 0
7.92866e-11, 0
6.64557e-11, 0
9.35766e-11, 0
-2.68905e-11, 0
-5.40905e-11, 0
1.49603e-10, 0
-1.50459e-10, 0
-5.50244e-11, 0
-1.79847e-10, 0
2.64345e-10, 0
-1.25924e-10, 0
0, 0
3.25443e-10, 0
-4.12643e-10, 0
1.86013e-10, 0
1.43885e-11, 0
-1.44685e-11, 0
-8.72928e-11, 0
3.51103e-10, 0
-2.5007e-10, 0
-1.33119e-10, 0
-5.94884e-11, 0
-1.19628e-10, 0
3.00702e-10, 0
2.11637e-10, 0
-2.73581e-10, 0
1.2225e-10, 0
1.2291e-10, 0
-2.62589e-10, 0
-1.55294e-11, 0
1.8735e-10, 0
0, 0
-7.88974e-11, 0
1.58633e-11, 0
-9.56841e-11, 0
-2.88569e-10, 0
3.86787e-10, 0
2.26811e-10, 0
-4.07144e-10, 0
2.78305e-10, 0
-1.97475e-10, 0
2.81212e-10, 0
9.97662e-11, 0
-3.67702e-10, 0
-1.68e-10, 0
1.01319e-10, 0
5.26169e-10, 0
-5.11804e-10, 0
6.85891e-11, 0
1.37877e-10, 0
-2.77156e-10, 0
5.22302e-11, 0
8.74906e-11, 0
-1.23105e-10, 0
2.12098e-10, 0
8.88178e-11, 0
-3.5705e-10, 0
1.97358e-10, 0
-3.6062e-10, 0
3.80533e-10, 0
0, 0
-9.15024e-11, 0
9.19537e-11, 0
3.69624e-11, 0
1.11432e-10, 0
-7.46514e-11, 0
-1.8754e-10, 0
-1.88454e-10, 0
2.65117e-10, 0
-3.80576e-11, 0
-1.14725e-10, 0
4.22688e-10, 0
-1.54444e-10, 0
-1.35788e-10, 0
-1.94912e-11, 0
-6.46283e-10, 0
6.10009e-10, 0
3.95426e-11, 0
2.97977e-10, 0
-9.97957e-11, 0
-3.60961e-10, 0
1.41035e-10, 0
1.82183e-10, 0
-6.10125e-11, 0
2.04327e-11, 0
-2.46336e-10, 0
4.74343e-10, 0
-2.69353e-10, 0
-3.74678e-10, 0
2.50941e-10, 0
1.68066e-10, 0
0, 0
-2.12018e-11, 0
-2.1299e-10, 0
2.99549e-10, 0
-2.79421e-10, 0
