-0.00307559, 0.0249025
-0.104262, 0.0247079
-0.204788, 0.0244423
-0.304033, 0.0241306
-0.401413, 0.0238
-0.496396, 0.0234751
-0.588516, 0.0231759
-0.677378, 0.0229151
-0.762667, 0.0226974
-0.844147, 0.0225212
-0.921658, 0.0223795
-0.995111, 0.0222631
-1.06448, 0.0221625
-1.1298, 0.0220693
-1.19115, 0.0219781
-1.24864, 0.0218861
-1.30242, 0.0217931
-1.35265, 0.0217014
-1.39951, 0.0216147
-1.44319, 0.0215374
-1.48389, 0.0214741
-1.5218, 0.0214288
-1.5571, 0.0214048
-1.58998, 0.0214044
-1.62061, 0.0214284
-1.64916, 0.0214767
-1.6758, 0.0215481
-1.70065, 0.0216407
-1.72388, 0.0217518
-1.74559, 0.0218783
-1.76592, 0.0220169
-1.78498, 0.0221643
-1.80286, 0.0223173
-1.81966, 0.0224728
-1.83546, 0.0226278
-1.85035, 0.0227799
-1.86439, 0.0229266
-1.87766, 0.023066
-1.89021, 0.0231965
-1.9021, 0.0233165
-1.91339, 0.0234248
-1.92411, 0.0235206
-1.93431, 0.0236029
-1.94402, 0.0236713
-1.9533, 0.0237252
-1.96215, 0.0237645
-1.97063, 0.0237887
-1.97875, 0.023798
-1.98653, 0.0237922
-1.99401, 0.0237715
-2.00119, 0.0237359
-2.00811, 0.0236856
-2.01477, 0.0236208
-2.0212, 0.0235418
-2.02741, 0.0234489
-2.0334, 0.0233424
-2.0392, 0.0232227
-2.04482, 0.02309
-2.05025, 0.0229449
-2.05553, 0.0227876
-2.06064, 0.0226187
-2.0656, 0.0224385
-2.07042, 0.0222475
-2.07511, 0.0220461
-2.07966, 0.0218348
-2.08409, 0.021614
-2.0884, 0.0213844
-2.09259, 0.0211462
-2.09668, 0.0209
-2.10065, 0.0206462
-2.10453, 0.0203855
-2.1083, 0.0201182
-2.11198, 0.0198448
-2.11557, 0.0195658
-2.11906, 0.0192817
-2.12247, 0.0189929
-2.12579, 0.0187
-2.12903, 0.0184033
-2.13219, 0.0181034
-2.13527, 0.0178006
-2.13827, 0.0174955
-2.14119, 0.0171885
-2.14405, 0.0168798
-2.14683, 0.0165701
-2.14954, 0.0162596
-2.15219, 0.0159487
-2.15476, 0.0156379
-2.15728, 0.0153273
-2.15972, 0.0150175
-2.16211, 0.0147087
-2.16443, 0.0144012
-2.16669, 0.0140954
-2.1689, 0.0137914
-2.17104, 0.0134897
-2.17313, 0.0131903
-2.17517, 0.0128936
-2.17715, 0.0125997
-2.17907, 0.012309
-2.18095, 0.0120215
-2.18277, 0.0117375
-2.18455, 0.0114571
-2.18878, 0.0107728
-2.19272, 0.0101141
-2.19639, 0.00948233
-2.19981, 0.00887868
-2.20298, 0.00830377
-2.20593, 0.00775794
-2.20867, 0.00724119
-2.2112, 0.00675327
-2.21356, 0.00629371
-2.21573, 0.00586185
-2.21775, 0.00545688
-2.21961, 0.0050779
-2.22134, 0.00472387
-2.22293, 0.00439375
-2.2244, 0.00408642
-2.22576, 0.00380076
-2.22701, 0.00353562
-2.22817, 0.00328989
-2.22923, 0.00306245
-2.23022, 0.00285223
-2.23112, 0.00265817
-2.23196, 0.00247928
-2.23273, 0.00231457
-2.23344, 0.00216313
-2.23409, 0.00202406
-2.23469, 0.00189655
-2.23524, 0.00177978
-2.23575, 0.00167301
-2.23622, 0.00157554
-2.23665, 0.00148667
-2.23705, 0.00140579
-2.23742, 0.0013323
-2.23776, 0.00126563
-2.23807, 0.00120524
-2.23835, 0.00115063
-2.23862, 0.00110133
-2.23886, 0.0010569
-2.23908, 0.00101691
-2.23929, 0.000980964
-2.23948, 0.000948703
-2.23965, 0.000919781
-2.23981, 0.000893878
-2.23996, 0.0008707
-2.2401, 0.000849974
-2.24023, 0.000831451
-2.24034, 0.000814902
-2.24045, 0.000800119
-2.24055, 0.000786913
-2.24064, 0.000775114
-2.24072, 0.000764568
-2.2408, 0.000755138
-2.24087, 0.000746699
-2.24094, 0.000739142
-2.241, 0.00073237
-2.24106, 0.000726293
-2.24111, 0.000720836
-2.24116, 0.000715929
-2.2412, 0.000711511
-2.24125, 0.00070753
-2.24128, 0.000703936
-2.24132, 0.000700688
-2.24135, 0.000697749
-2.24138, 0.000695085
-2.24141, 0.000692667
-2.24144, 0.000690469
-2.24146, 0.000688469
-2.24149, 0.000686646
-2.24151, 0.000684982
-2.24153, 0.00068346
-2.24155, 0.000682067
-2.24156, 0.00068079
-2.24158, 0.000679618
-2.24159, 0.00067854
-2.24161, 0.000677547
-2.24162, 0.000676631
-2.24163, 0.000675785
-2.24165, 0.000675002
-2.24166, 0.000674277
-2.24167, 0.000673604
-2.24168, 0.000672978
-2.24169, 0.000672396
-2.24169, 0.000671853
-2.2417, 0.000671346
-2.24171, 0.000670871
-2.24172, 0.000670426
-2.24172, 0.000670008
-2.24173, 0.000669615
-2.24174, 0.000669245
-2.24174, 0.000668895
-2.24175, 0.000668564
-2.24175, 0.00066825
-2.24176, 0.000667952
-2.24176, 0.000667669
-2.24177, 0.000667398
-2.24177, 0.00066714
-2.24178, 0.000666893
-2.24178, 0.000666656
-2.24179, 0.000666428
-2.24179, 0.000666208
-2.2418, 0.000665996
-2.2418, 0.000665792
-2.2418, 0.000665593
-2.24181, 0.000665401
-2.24181, 0.000665214
-2.24181, 0.000665031
-2.24182, 0.000664853
-2.24182, 0.000664679
-2.24182, 0.000664508
-2.24183, 0.000664341
-2.24183, 0.000664176
-2.24183, 0.000664014
-2.24184, 0.000663855
-2.24184, 0.000663698
-2.24184, 0.000663542
-2.24185, 0.000663388
-2.24185, 0.000663236
-2.24185, 0.000663086
-2.24185, 0.000662936
-2.24186, 0.000662788
-2.24186, 0.00066264
-2.24186, 0.000662493
-2.24187, 0.000662347
-2.24187, 0.000662202
-2.24187, 0.000662056
-2.24187, 0.000661912
-2.24188, 0.000661767
-2.24188, 0.000661623
-2.24188, 0.000661479
-2.24189, 0.000661335
-2.24189, 0.000661191
-2.24189, 0.000661046
-2.24189, 0.000660902
-2.2419, 0.000660758
-2.2419, 0.000660613
-2.2419, 0.000660468
-2.2419, 0.000660323
-2.24191, 0.000660178
-2.24191, 0.000660032
-2.24191, 0.000659886
-2.24191, 0.000659739
-2.24192, 0.000659592
-2.24192, 0.000659444
-2.24192, 0.000659296
-2.24192, 0.000659147
-2.24193, 0.000658998
-2.24193, 0.000658849
-2.24193, 0.000658698
-2.24193, 0.000658547
-2.24194, 0.000658396
-2.24194, 0.000658244
-2.24194, 0.000658091
-2.24194, 0.000657938
-2.24195, 0.000657784
-2.24195, 0.00065763
-2.24195, 0.000657475
-2.24196, 0.000657319
-2.24196, 0.000657163
-2.24196, 0.000657005
-2.24196, 0.000656848
-2.24197, 0.000656689
-2.24197, 0.00065653
-2.24197, 0.00065637
-2.24197, 0.000656209
-2.24198, 0.000656048
-2.24198, 0.000655886
-2.24198, 0.000655723
-2.24198, 0.00065556
-2.24199, 0.000655396
-2.24199, 0.000655231
-2.24199, 0.000655065
-2.24199, 0.000654899
-2.242, 0.000654732
-2.242, 0.000654564
-2.242, 0.000654396
-2.242, 0.000654227
-2.24201, 0.000654057
-2.24201, 0.000653886
-2.24201, 0.000653715
-2.24201, 0.000653543
-2.24202, 0.00065337
-2.24202, 0.000653197
-2.24202, 0.000653022
-2.24202, 0.000652847
-2.24203, 0.000652672
-2.24203, 0.000652495
-2.24203, 0.000652318
-2.24203, 0.00065214
-2.24204, 0.000651962
-2.24204, 0.000651782
-2.24204, 0.000651602
-2.24204, 0.000651421
-2.24205, 0.00065124
-2.24205, 0.000651058
-2.24205, 0.000650875
-2.24205, 0.000650691
-2.24206, 0.000650507
-2.24206, 0.000650321
-2.24206, 0.000650136
-2.24206, 0.000649949
-2.24207, 0.000649762
-2.24207, 0.000649574
-2.24207, 0.000649385
-2.24207, 0.000649195
-2.24208, 0.000649005
-2.24208, 0.000648814
-2.24208, 0.000648622
-2.24208, 0.00064843
-2.24209, 0.000648237
-2.24209, 0.000648043
-2.24209, 0.000647849
-2.24209, 0.000647653
-2.2421, 0.000647457
-2.2421, 0.000647261
-2.2421, 0.000647063
-2.2421, 0.000646865
-2.24211, 0.000646666
-2.24211, 0.000646467
-2.24211, 0.000646266
-2.24211, 0.000646065
-2.24212, 0.000645864
-2.24212, 0.000645661
-2.24212, 0.000645458
-2.24212, 0.000645255
-2.24212, 0.00064505
-2.24213, 0.000644845
-2.24213, 0.000644639
-2.24213, 0.000644432
-2.24213, 0.000644225
-2.24214, 0.000644017
-2.24214, 0.000643808
-2.24214, 0.000643599
-2.24214, 0.000643389
-2.24215, 0.000643178
-2.24215, 0.000642966
-2.24215, 0.000642754
-2.24215, 0.000642541
-2.24216, 0.000642327
-2.24216, 0.000642113
-2.24216, 0.000641898
-2.24216, 0.000641682
-2.24217, 0.000641466
-2.24217, 0.000641249
-2.24217, 0.000641031
-2.24217, 0.000640813
-2.24218, 0.000640594
-2.24218, 0.000640374
-2.24218, 0.000640153
-2.24218, 0.000639932
-2.24219, 0.00063971
-2.24219, 0.000639488
-2.24219, 0.000639264
-2.24219, 0.00063904
-2.2422, 0.000638816
-2.2422, 0.00063859
-2.2422, 0.000638364
-2.2422, 0.000638138
-2.24221, 0.000637911
-2.24221, 0.000637683
-2.24221, 0.000637454
-2.24221, 0.000637225
-2.24222, 0.000636994
-2.24222, 0.000636764
-2.24222, 0.000636532
-2.24222, 0.0006363
-2.24222, 0.000636068
-2.24223, 0.000635834
-2.24223, 0.0006356
-2.24223, 0.000635366
-2.24223, 0.00063513
-2.24224, 0.000634894
-2.24224, 0.000634658
-2.24224, 0.00063442
-2.24224, 0.000634182
-2.24225, 0.000633944
-2.24225, 0.000633704
-2.24225, 0.000633464
-2.24225, 0.000633224
-2.24226, 0.000632982
-2.24226, 0.00063274
-2.24226, 0.000632498
-2.24226, 0.000632255
-2.24227, 0.000632011
-2.24227, 0.000631766
-2.24227, 0.000631521
-2.24227, 0.000631275
-2.24228, 0.000631029
-2.24228, 0.000630782
-2.24228, 0.000630534
-2.24228, 0.000630285
-2.24229, 0.000630036
-2.24229, 0.000629787
-2.24229, 0.000629536
-2.24229, 0.000629285
-2.24229, 0.000629034
-2.2423, 0.000628781
-2.2423, 0.000628528
-2.2423, 0.000628275
-2.2423, 0.000628021
-2.24231, 0.000627766
-2.24231, 0.000627511
-2.24231, 0.000627254
-2.24231, 0.000626998
-2.24232, 0.00062674
-2.24232, 0.000626482
-2.24232, 0.000626224
-2.24232, 0.000625965
-2.24233, 0.000625705
-2.24233, 0.000625444
-2.24233, 0.000625183
-2.24233, 0.000624922
-2.24233, 0.000624659
-2.24234, 0.000624396
-2.24234, 0.000624133
-2.24234, 0.000623869
-2.24234, 0.000623604
-2.24235, 0.000623339
-2.24235, 0.000623073
-2.24235, 0.000622806
-2.24235, 0.000622539
-2.24236, 0.000622271
-2.24236, 0.000622002
-2.24236, 0.000621733
-2.24236, 0.000621464
-2.24237, 0.000621193
-2.24237, 0.000620923
-2.24237, 0.000620651
-2.24237, 0.000620379
-2.24237, 0.000620106
-2.24238, 0.000619833
-2.24238, 0.000619559
-2.24238, 0.000619285
-2.24238, 0.00061901
-2.24239, 0.000618734
-2.24239, 0.000618458
-2.24239, 0.000618181
-2.24239, 0.000617904
-2.2424, 0.000617626
-2.2424, 0.000617347
-2.2424, 0.000617068
-2.2424, 0.000616788
-2.24241, 0.000616508
-2.24241, 0.000616227
-2.24241, 0.000615945
-2.24241, 0.000615663
-2.24241, 0.00061538
-2.24242, 0.000615097
-2.24242, 0.000614813
-2.24242, 0.000614529
-2.24242, 0.000614244
-2.24243, 0.000613958
-2.24243, 0.000613672
-2.24243, 0.000613385
-2.24243, 0.000613098
-2.24244, 0.00061281
-2.24244, 0.000612521
-2.24244, 0.000612232
-2.24244, 0.000611943
-2.24244, 0.000611653
-2.24245, 0.000611362
-2.24245, 0.000611071
-2.24245, 0.000610779
-2.24245, 0.000610487
-2.24246, 0.000610194
-2.24246, 0.0006099
-2.24246, 0.000609606
-2.24246, 0.000609311
-2.24247, 0.000609016
-2.24247, 0.000608721
-2.24247, 0.000608424
-2.24247, 0.000608127
-2.24247, 0.00060783
-2.24248, 0.000607532
-2.24248, 0.000607234
-2.24248, 0.000606935
-2.24248, 0.000606635
-2.24249, 0.000606335
-2.24249, 0.000606034
-2.24249, 0.000605733
-2.24249, 0.000605431
-2.2425, 0.000605129
-2.2425, 0.000604826
-2.2425, 0.000604523
-2.2425, 0.000604219
-2.2425, 0.000603915
-2.24251, 0.00060361
-2.24251, 0.000603304
-2.24251, 0.000602998
-2.24251, 0.000602692
-2.24252, 0.000602384
-2.24252, 0.000602077
-2.24252, 0.000601769
-2.24252, 0.00060146
-2.24252, 0.000601151
-2.24253, 0.000600841
-2.24253, 0.000600531
-2.24253, 0.00060022
-2.24253, 0.000599909
-2.24254, 0.000599597
-2.24254, 0.000599285
-2.24254, 0.000598972
-2.24254, 0.000598471
-2.24255, 0.000597968
-2.24255, 0.000597464
-2.24255, 0.000596959
-2.24256, 0.000596452
-2.24256, 0.000595944
-2.24257, 0.000595435
-2.24257, 0.000594924
-2.24257, 0.000594412
-2.24258, 0.000593899
-2.24258, 0.000593385
-2.24258, 0.000592869
-2.24259, 0.000592353
-2.24259, 0.000591834
-2.24259, 0.000591315
-2.2426, 0.000590795
-2.2426, 0.000590273
-2.2426, 0.00058975
-2.24261, 0.000589226
-2.24261, 0.0005887
-2.24262, 0.000588173
-2.24262, 0.000587646
-2.24262, 0.000587117
-2.24263, 0.000586586
-2.24263, 0.000586055
-2.24263, 0.000585522
-2.24264, 0.000584988
-2.24264, 0.000584454
-2.24264, 0.000583917
-2.24265, 0.00058338
-2.24265, 0.000582842
-2.24265, 0.000582302
-2.24266, 0.000581761
-2.24266, 0.000581219
-2.24266, 0.000580676
-2.24267, 0.000580132
-2.24267, 0.000579587
-2.24267, 0.000579041
-2.24268, 0.000578493
-2.24268, 0.000577944
-2.24268, 0.000577395
-2.24269, 0.000576844
-2.24269, 0.000576292
-2.2427, 0.000575739
-2.2427, 0.000575185
-2.2427, 0.00057463
-2.24271, 0.000574074
-2.24271, 0.000573516
-2.24271, 0.000572958
-2.24272, 0.000572399
-2.24272, 0.000571838
-2.24272, 0.000571277
-2.24273, 0.000570714
-2.24273, 0.000570151
-2.24273, 0.000569586
-2.24274, 0.00056902
-2.24274, 0.000568454
-2.24274, 0.000567886
-2.24275, 0.000567318
-2.24275, 0.000566748
-2.24275, 0.000566177
-2.24276, 0.000565606
-2.24276, 0.000565033
-2.24276, 0.000564459
-2.24277, 0.000563885
-2.24277, 0.000563309
-2.24277, 0.000562733
-2.24278, 0.000562155
-2.24278, 0.000561577
-2.24278, 0.000560998
-2.24279, 0.000560417
-2.24279, 0.000559836
-2.24279, 0.000559254
-2.2428, 0.000558671
-2.2428, 0.000558087
-2.2428, 0.000557502
-2.24281, 0.000556916
-2.24281, 0.00055633
-2.24281, 0.000555742
-2.24282, 0.000555154
-2.24282, 0.000554564
-2.24282, 0.000553974
-2.24283, 0.000553383
-2.24283, 0.000552791
-2.24283, 0.000552198
-2.24284, 0.000551604
-2.24284, 0.00055101
-2.24284, 0.000550414
-2.24285, 0.000549818
-2.24285, 0.000549221
-2.24285, 0.000548623
-2.24286, 0.000548024
-2.24286, 0.000547424
-2.24286, 0.000546824
-2.24287, 0.000546223
-2.24287, 0.000545621
-2.24287, 0.000545018
-2.24288, 0.000544414
-2.24288, 0.00054381
-2.24288, 0.000543205
-2.24289, 0.000542447
-2.24289, 0.000541688
-2.24289, 0.000540929
-2.2429, 0.000540167
-2.2429, 0.000539405
-2.24291, 0.000538642
-2.24291, 0.000537877
-2.24291, 0.000537111
-2.24292, 0.000536344
-2.24292, 0.000535576
-2.24293, 0.000534807
-2.24293, 0.000534037
-2.24293, 0.000533266
-2.24294, 0.000532493
-2.24294, 0.00053172
-2.24295, 0.000530945
-2.24295, 0.00053017
-2.24295, 0.000529393
-2.24296, 0.000528616
-2.24296, 0.000527837
-2.24296, 0.000527057
-2.24297, 0.000526277
-2.24297, 0.000525495
-2.24298, 0.000524712
-2.24298, 0.000523929
-2.24298, 0.000523144
-2.24299, 0.000522359
-2.24299, 0.000521573
-2.243, 0.000520785
-2.243, 0.000519997
-2.243, 0.000519208
-2.24301, 0.000518418
-2.24301, 0.000517627
-2.24302, 0.000516836
-2.24302, 0.000516043
-2.24302, 0.000515249
-2.24303, 0.000514455
-2.24303, 0.00051366
-2.24303, 0.000512864
-2.24304, 0.000512067
-2.24304, 0.00051127
-2.24305, 0.000510472
-2.24305, 0.000509673
-2.24305, 0.000508873
-2.24306, 0.000508072
-2.24306, 0.000507271
-2.24306, 0.000506469
-2.24307, 0.000505666
-2.24307, 0.000504862
-2.24308, 0.000504058
-2.24308, 0.000503253
-2.24308, 0.000502447
-2.24309, 0.000501641
-2.24309, 0.000500834
-2.24309, 0.000500027
-2.2431, 0.000499218
-2.2431, 0.000498409
-2.2431, 0.0004976
-2.24311, 0.00049679
-2.24311, 0.000495979
-2.24312, 0.000495168
-2.24312, 0.000494356
-2.24312, 0.000493543
-2.24313, 0.00049273
-2.24313, 0.000491917
-2.24313, 0.000491102
-2.24314, 0.000490288
-2.24314, 0.000489472
-2.24314, 0.000488657
-2.24315, 0.00048784
-2.24315, 0.000487024
-2.24316, 0.000486206
-2.24316, 0.000485389
-2.24316, 0.000484571
-2.24317, 0.000483752
-2.24317, 0.000482933
-2.24317, 0.000482113
-2.24318, 0.000481293
-2.24318, 0.000480473
-2.24318, 0.000479652
-2.24319, 0.000478831
-2.24319, 0.000478009
-2.24319, 0.000477187
-2.2432, 0.000476365
-2.2432, 0.000475542
-2.2432, 0.000474719
-2.24321, 0.000473896
-2.24321, 0.000473072
-2.24322, 0.000472248
-2.24322, 0.000471424
-2.24322, 0.000470599
-2.24323, 0.000469774
-2.24323, 0.000468949
-2.24323, 0.000468123
-2.24324, 0.000467297
-2.24324, 0.000466471
-2.24324, 0.000465645
-2.24325, 0.000464818
-2.24325, 0.000463991
-2.24325, 0.000463164
