4.33601, 0
4.33548, 0
4.33389, 0
4.33124, 0
4.32754, 0
4.3228, 0
4.31704, 0
4.31028, 0
4.30252, 0
4.29381, 0
4.28416, 0
4.2736, 0
4.26217, 0
4.2499, 0
4.23683, 0
4.22299, 0
4.20841, 0
4.19315, 0
4.17725, 0
4.16073, 0
4.14365, 0
4.12604, 0
4.10795, 0
4.08942, 0
4.07049, 0
4.0512, 0
4.03159, 0
4.01169, 0
3.99154, 0
3.97118, 0
3.95065, 0
3.92996, 0
3.90917, 0
3.88828, 0
3.86734, 0
3.84638, 0
3.8254, 0
3.80444, 0
3.78353, 0
3.76267, 0
3.74188, 0
3.7212, 0
3.70062, 0
3.68017, 0
3.65985, 0
3.63969, 0
3.61968, 0
3.59984, 0
3.58017, 0
3.56069, 0
3.5414, 0
3.52231, 0
3.50341, 0
3.48471, 0
3.46622, 0
3.44793, 0
3.42985, 0
3.41198, 0
3.39431, 0
3.37686, 0
3.35961, 0
3.34256, 0
3.32572, 0
3.30909, 0
3.29265, 0
3.27641, 0
3.26036, 0
3.2445, 0
3.22883, 0
3.21335, 0
3.19805, 0
3.18292, 0
3.16797, 0
3.15318, 0
3.13857, 0
3.12411, 0
3.10981, 0
3.09567, 0
3.08167, 0
3.06782, 0
3.05411, 0
3.04054, 0
3.02711, 0
3.0138, 0
3.00062, 0
2.98756, 0
2.97462, 0
2.96179, 0
2.94907, 0
2.93646, 0
2.92396, 0
2.91155, 0
2.89924, 0
2.88702, 0
2.8749, 0
2.86286, 0
2.8509, 0
2.83902, 0
2.82722, 0
2.8155, 0
2.80385, 0
2.78646, 0
2.76919, 0
2.75206, 0
2.73506, 0
2.71818, 0
2.70142, 0
2.68476, 0
2.66821, 0
2.65175, 0
2.63539, 0
2.6191, 0
2.60289, 0
2.58675, 0
2.57068, 0
2.55467, 0
2.53872, 0
2.52282, 0
2.50697, 0
2.49116, 0
2.47539, 0
2.45966, 0
2.44397, 0
2.42831, 0
2.41268, 0
2.39707, 0
2.38149, 0
2.36593, 0
2.35039, 0
2.33487, 0
2.31936, 0
2.30387, 0
2.2884, 0
2.27293, 0
2.25748, 0
2.24204, 0
2.22661, 0
2.21118, 0
2.19577, 0
2.18036, 0
2.16496, 0
2.14956, 0
2.13418, 0
2.1188, 0
2.10342, 0
2.08806, 0
2.0727, 0
2.05735, 0
2.042, 0
2.02667, 0
2.01134, 0
1.99602, 0
1.98071, 0
1.96541, 0
1.95013, 0
1.93485, 0
1.91959, 0
1.90434, 0
1.88911, 0
1.8739, 0
1.8587, 0
1.84351, 0
1.82835, 0
1.81321, 0
1.79809, 0
1.78299, 0
1.76792, 0
1.75287, 0
1.73785, 0
1.72286, 0
1.70789, 0
1.69296, 0
1.67806, 0
1.66319, 0
1.64836, 0
1.63356, 0
1.6188, 0
1.60409, 0
1.58941, 0
1.57477, 0
1.56018, 0
1.54563, 0
1.53113, 0
1.51668, 0
1.50228, 0
1.48793, 0
1.47363, 0
1.45938, 0
1.44519, 0
1.43106, 0
1.41698, 0
1.40296, 0
1.38901, 0
1.37511, 0
1.36128, 0
1.34751, 0
1.33381, 0
1.32018, 0
1.30661, 0
1.29311, 0
1.27969, 0
1.25743, 0
1.23533, 0
1.21344, 0
1.19177, 0
1.17031, 0
1.14908, 0
1.12807, 0
1.10729, 0
1.08674, 0
1.06644, 0
1.04637, 0
1.02655, 0
1.00697, 0
0.987641, 0
0.968561, 0
0.949734, 0
0.931161, 0
0.912842, 0
0.89478, 0
0.876976, 0
0.85943, 0
0.842142, 0
0.825114, 0
0.808344, 0
0.791834, 0
0.775583, 0
0.75959, 0
0.743855, 0
0.728378, 0
0.713156, 0
0.69819, 0
0.683478, 0
0.669018, 0
0.654809, 0
0.640849, 0
0.627137, 0
0.613671, 0
0.600449, 0
0.587468, 0
0.574727, 0
0.562223, 0
0.549953, 0
0.537916, 0
0.526109, 0
0.514529, 0
0.503174, 0
0.492041, 0
0.481127, 0
0.470429, 0
0.459945, 0
0.449672, 0
0.439606, 0
0.429746, 0
0.420087, 0
0.410627, 0
0.401363, 0
0.392292, 0
0.383411, 0
0.374717, 0
0.366207, 0
0.357878, 0
0.349727, 0
0.341751, 0
0.333946, 0
0.326311, 0
0.318842, 0
0.311535, 0
0.304389, 0
0.2974, 0
0.290566, 0
0.283883, 0
0.277348, 0
0.27096, 0
0.264714, 0
0.258609, 0
0.252641, 0
0.246808, 0
0.241108, 0
0.235537, 0
0.230093, 0
0.224773, 0
0.219576, 0
0.214498, 0
0.209536, 0
0.204689, 0
0.199955, 0
0.19533, 0
0.190813, 0
0.1864, 0
0.182091, 0
0.177883, 0
0.173773, 0
0.169759, 0
0.16584, 0
0.162014, 0
0.158277, 0
0.154629, 0
0.151067, 0
0.14759, 0
0.144195, 0
0.127926, 0
0.113061, 0
0.0998987, 0
0.0882523, 0
0.0779524, 0
0.0688473, 0
0.0608013, 0
0.0536934, 0
0.0474157, 0
0.0418722, 0
0.036978, 0
0.0326572, 0
0.0288432, 0
0.0254764, 0
0.0225046, 0
0.0198814, 0
0.0175658, 0
0.0155216, 0
0.0137169, 0
0.0121235, 0
0.0107166, 0
0.00947411, 0
0.00837681, 0
0.00740757, 0
0.00655135, 0
0.00579487, 0
0.00512642, 0
0.00453567, 0
0.00401353, 0
0.00355195, 0
0.00314385, 0
0.00278299, 0
0.00246386, 0
0.00218158, 0
0.00193186, 0
0.00171093, 0
0.00151543, 0
0.00134241, 0
0.00118927, 0
0.00105371, 0
0.000933685, 0
0.000827413, 0
0.000733303, 0
0.000649953, 0
0.000576125, 0
0.000510723, 0
0.00045278, 0
0.00040144, 0
0.000355946, 0
0.000315628, 0
0.000279894, 0
0.00024822, 0
0.000220143, 0
0.000195252, 0
0.000173184, 0
0.000153617, 0
0.000136266, 0
0.00012088, 0
0.000107235, 0
9.51341e-05, 0
8.44011e-05, 0
7.48812e-05, 0
6.64368e-05, 0
5.89461e-05, 0
5.23011e-05, 0
4.64061e-05, 0
4.11763e-05, 0
3.65364e-05, 0
3.24198e-05, 0
2.87673e-05, 0
2.55265e-05, 0
2.2651e-05, 0
2.00995e-05, 0
1.78355e-05, 0
1.58265e-05, 0
1.40438e-05, 0
1.2462e-05, 0
1.10582e-05, 0
9.81259e-06, 0
8.70721e-06, 0
7.72631e-06, 0
6.85585e-06, 0
6.08341e-06, 0
5.39795e-06, 0
4.78967e-06, 0
4.24989e-06, 0
3.77089e-06, 0
3.34583e-06, 0
2.96864e-06, 0
2.63394e-06, 0
2.33693e-06, 0
2.07338e-06, 0
1.83952e-06, 0
1.63201e-06, 0
1.44788e-06, 0
1.2845e-06, 0
1.13953e-06, 0
1.01091e-06, 0
8.96781e-07, 0
7.95523e-07, 0
7.05683e-07, 0
6.25975e-07, 0
5.55258e-07, 0
4.92519e-07, 0
4.36859e-07, 0
3.8748e-07, 0
3.43674e-07, 0
3.04814e-07, 0
2.70341e-07, 0
2.39761e-07, 0
2.12635e-07, 0
1.88574e-07, 0
1.67231e-07, 0
1.483e-07, 0
1.31509e-07, 0
1.16616e-07, 0
1.03407e-07, 0
9.16923e-08, 0
8.13025e-08, 0
7.2088e-08, 0
6.39163e-08, 0
5.66697e-08, 0
5.02432e-08, 0
4.45444e-08, 0
3.94909e-08, 0
3.50099e-08, 0
3.10366e-08, 0
2.75134e-08, 0
2.43897e-08, 0
2.162e-08, 0
1.91643e-08, 0
1.69871e-08, 0
1.50569e-08, 0
1.33457e-08, 0
1.18287e-08, 0
1.04838e-08, 0
9.29153e-09, 0
8.23467e-09, 0
7.29787e-09, 0
6.46757e-09, 0
5.7315e-09, 0
5.07905e-09, 0
4.50075e-09, 0
3.98808e-09, 0
3.53386e-09, 0
3.13122e-09, 0
2.77426e-09, 0
2.45808e-09, 0
2.17792e-09, 0
1.92956e-09, 0
1.70951e-09, 0
1.51436e-09, 0
1.34146e-09, 0
1.18841e-09, 0
1.05274e-09, 0
9.3249e-10, 0
8.25827e-10, 0
7.31436e-10, 0
6.47793e-10, 0
5.73717e-10, 0
5.08105e-10, 0
4.49814e-10, 0
3.98395e-10, 0
3.52877e-10, 0
3.12333e-10, 0
2.76382e-10, 0
2.44532e-10, 0
2.16488e-10, 0
1.91793e-10, 0
1.69688e-10, 0
1.50073e-10, 0
1.32863e-10, 0
1.17507e-10, 0
1.03868e-10, 0
9.18554e-11, 0
8.12221e-11, 0
7.17533e-11, 0
6.33511e-11, 0
5.59535e-11, 0
4.95213e-11, 0
4.36335e-11, 0
3.8348e-11, 0
3.38405e-11, 0
2.98215e-11, 0
2.6283e-11, 0
2.29781e-11, 0
2.01119e-11, 0
1.78639e-11, 0
1.56568e-11, 0
1.37215e-11, 0
1.20837e-11, 0
1.05551e-11, 0
9.21307e-12, 0
7.92966e-12, 0
6.75815e-12, 0
5.79092e-12, 0
5.13456e-12, 0
4.39559e-12, 0
3.60156e-12, 0
2.97629e-12, 0
2.57661e-12, 0
2.3217e-12, 0
1.7959e-12, 0
1.33671e-12, 0
1.02407e-12, 0
7.78932e-13, 0
7.51399e-13, 0
3.38396e-13, 0
1.04805e-13, 0
6.21725e-14, 0
-2.57572e-13, 0
-1.58984e-13, 0
-5.32907e-15, 0
-3.37508e-14, 0
-1.61648e-13, 0
-2.17604e-13, 0
-1.32339e-13, 0
-1.03917e-13, 0
-1.9007e-13, 0
-2.04281e-13, 0
-5.9508e-14, 0
-1.18128e-13, 0
-8.88178e-16, 0
-7.4607e-14, 0
-2.06057e-13, 0
-1.47438e-13, 0
-2.50466e-13, 0
-1.6076e-13, 0
4.79616e-14, 0
1.97176e-13, 0
1.82077e-13, 0
-2.93099e-14, 0
-2.55795e-13, 0
-1.34115e-13, 0
-7.37188e-14, 0
-1.96287e-13, 0
-1.96287e-13, 0
-7.28306e-14, 0
-7.28306e-14, 0
-1.97176e-13, 0
-2.44249e-13, 0
-2.13163e-13, 0
-1.66089e-13, 0
-2.39808e-14, 0
-2.4869e-14, 0
-1.82965e-13, 0
-1.19016e-13, 0
-7.10543e-15, 0
1.52767e-13, 0
1.52767e-13, 0
-7.28306e-14, 0
-7.10543e-15, 0
2.03393e-13, 0
1.05693e-13, 0
5.68434e-14, 0
-5.86198e-14, 0
-1.73195e-13, 0
2.4869e-14, 0
4.08562e-14, 0
-2.08722e-13, 0
-1.08358e-13, 0
1.58984e-13, 0
5.77316e-14, 0
-7.72715e-14, 0
-1.11022e-13, 0
-4.26326e-14, 0
7.99361e-15, 0
-1.28786e-13, 0
-1.45661e-13, 0
-1.28786e-13, 0
-2.31815e-13, 0
-1.10134e-13, 0
2.02505e-13, 0
1.50102e-13, 0
-9.41469e-14, 0
-5.86198e-14, 0
1.15463e-14, 0
-7.63833e-14, 0
-4.08562e-14, 0
6.57252e-14, 0
1.24345e-14, 0
-1.12799e-13, 0
-5.86198e-14, 0
6.66134e-14, 0
6.66134e-14, 0
1.20792e-13, 0
1.57208e-13, 0
-2.4869e-14, 0
-9.76996e-14, 0
1.2168e-13, 0
1.06581e-14, 0
-9.9476e-14, 0
6.66134e-14, 0
-2.4869e-13, 0
-1.91847e-13, 0
2.92211e-13, 0
2.54907e-13, 0
-7.10543e-15, 0
-1.00364e-13, 0
-6.21725e-15, 0
8.79297e-14, 0
-4.52971e-14, 0
-2.35367e-13, 0
5.15143e-14, 0
2.42473e-13, 0
1.08358e-13, 0
-1.42109e-13, 0
-1.9984e-13, 0
-1.42109e-13, 0
1.11022e-13, 0
1.49214e-13, 0
-8.43769e-14, 0
-2.02505e-13, 0
-2.41585e-13, 0
-1.82965e-13, 0
9.41469e-14, 0
2.71783e-13, 0
-6.21725e-15, 0
-8.61533e-14, 0
-2.57572e-14, 0
-2.57572e-14, 0
7.4607e-14, 0
7.4607e-14, 0
-3.29514e-13, 0
-1.66978e-13, 0
-8.70415e-14, 0
-2.69118e-13, 0
-2.07834e-13, 0
-1.46549e-13, 0
-2.39808e-14, 0
-1.06581e-13, 0
-8.61533e-14, 0
-8.61533e-14, 0
-1.9007e-13, 0
-1.9007e-13, 0
1.86517e-14, 0
-1.0747e-13, 0
-2.11386e-13, 0
1.66978e-13, 0
8.17124e-14, 0
-1.28786e-13, 0
-1.71418e-13, 0
-1.50102e-13, 0
1.48326e-13, 0
1.90958e-13, 0
-1.08358e-13, 0
1.28786e-13, 0
2.78888e-13, 0
1.27898e-13, 0
1.92735e-13, 0
4.08562e-14, 0
4.08562e-14, 0
2.14939e-13, 0
1.05693e-13, 0
8.43769e-14, 0
1.05693e-13, 0
1.27898e-13, 0
1.93623e-13, 0
6.12843e-14, 0
-2.49578e-13, 0
-2.4869e-13, 0
2.63789e-13, 0
2.40696e-13, 0
1.68754e-14, 0
-2.07834e-13, 0
-1.84741e-13, 0
-1.62537e-13, 0
-4.11227e-13, 0
-2.75335e-13, 0
4.35207e-14, 0
2.02505e-13, 0
2.02505e-13, 0
4.17444e-14, 0
-1.4122e-13, 0
-4.88498e-14, 0
6.66134e-14, 0
8.9706e-14, 0
2.04281e-14, 0
-2.66454e-15, 0
1.83853e-13, 0
1.59872e-13, 0
-3.55271e-15, 0
4.35207e-14, 0
-1.2168e-13, 0
-3.81029e-13, 0
-3.57048e-13, 0
-2.14939e-13, 0
-1.43885e-13, 0
-2.4869e-14, 0
2.30926e-14, 0
-2.63789e-13, 0
-3.10862e-13, 0
1.45661e-13, 0
2.17604e-13, 0
-7.19425e-14, 0
-4.70735e-14, 0
1.46549e-13, 0
4.88498e-14, 0
-2.39808e-14, 0
0, 0
