3.33333
1.66667
1.11111
0.833333
0.666667
0.555556
0.47619
0.416667
0.37037
0.333333
0.285714
0.25
0.222222
0.2
0.181818
0.166667
0.153846
0.142857
0.133333
0.125
0.108696
0.0961538
0.0862069
0.078125
0.0714286
0.0657895
0.0609756
0.0568182
0.0531915
0.05
0.0441176
0.0394737
0.0357143
0.0326087
0.03
0.0277778
0.0258621
0.0241935
0.0227273
0.0214286
0.0202703
0.0192308
0.0182927
0.0174419
0.0166667
0.0159574
0.0153061
0.0147059
0.0141509
0.0136364
0.0131579
0.0127119
0.0122951
0.0119048
0.0115385
0.011194
0.0108696
0.0105634
0.010274
0.01
0.00952381
0.00909091
0.00869565
0.00833333
0.008
0.00769231
0.00740741
0.00714286
0.00689655
0.00666667
0.00645161
0.00625
0.00606061
0.00588235
0.00571429
0.00555556
0.00540541
0.00526316
0.00512821
0.005
0.00481928
0.00465116
0.00449438
0.00434783
0.00421053
0.00408163
0.0039604
0.00384615
0.00373832
0.00363636
0.00353982
0.00344828
0.00336134
0.00327869
0.0032
0.003125
0.00305344
0.00298507
0.00291971
0.00285714
0.0027972
0.00273973
0.00268456
0.00263158
0.00258065
0.00253165
0.00248447
0.00243902
0.00239521
0.00235294
0.00231214
0.00227273
0.00223464
0.0021978
0.00216216
0.00212766
0.00209424
0.00206186
0.00203046
0.002
