0, 0
0.000654346, 5.78498e-06
0.00269234, 2.31143e-05
0.00605151, 5.21689e-05
0.0107411, 9.31186e-05
0.016747, 0.000146214
0.0240506, 0.00021176
0.0326292, 0.000290105
0.0424559, 0.000381634
0.0535, 0.00048675
0.0657271, 0.000605894
0.0790992, 0.000739474
0.0935749, 0.000887902
0.10911, 0.00105157
0.125658, 0.00123084
0.143168, 0.00142603
0.161589, 0.00163737
0.180867, 0.00186507
0.200947, 0.00210931
0.221772, 0.00237011
0.243283, 0.00264741
0.265423, 0.00294119
0.288132, 0.00325123
0.311351, 0.00357727
0.335021, 0.00391903
0.359081, 0.00427607
0.383475, 0.00464786
0.408144, 0.00503386
0.43303, 0.00543353
0.45808, 0.00584609
0.483238, 0.00627079
0.508452, 0.00670691
0.53367, 0.0071536
0.558844, 0.00760996
0.583926, 0.00807509
0.608871, 0.00854826
0.633636, 0.00902822
0.65818, 0.00951431
0.682464, 0.0100053
0.706451, 0.0105002
0.730108, 0.0109983
0.753403, 0.0114984
0.776305, 0.0119996
0.798789, 0.0125013
0.820829, 0.0130023
0.842401, 0.013502
0.863486, 0.0139994
0.884064, 0.0144937
0.904121, 0.0149842
0.92364, 0.01547
0.94261, 0.0159505
0.961021, 0.0164252
0.978864, 0.0168934
0.996131, 0.0173545
1.01282, 0.0178078
1.02892, 0.0182531
1.04444, 0.01869
1.05936, 0.019118
1.07371, 0.0195365
1.08746, 0.0199456
1.10064, 0.0203448
1.11323, 0.0207339
1.12525, 0.0211127
1.13671, 0.0214807
1.1476, 0.021838
1.15794, 0.0221846
1.16774, 0.0225204
1.177, 0.0228454
1.18573, 0.0231596
1.19395, 0.0234629
1.20166, 0.0237553
1.20888, 0.0240369
1.21561, 0.0243076
1.22187, 0.0245676
1.22767, 0.0248167
1.23302, 0.0250552
1.23793, 0.0252837
1.24242, 0.0255019
1.2465, 0.02571
1.25018, 0.0259083
1.25347, 0.0260968
1.25639, 0.0262759
1.25894, 0.0264454
1.26115, 0.0266057
1.26302, 0.0267568
1.26456, 0.0268985
1.26579, 0.0270314
1.26672, 0.0271561
1.26737, 0.0272725
1.26773, 0.0273808
1.26783, 0.0274811
1.26767, 0.0275736
1.26728, 0.0276589
1.26664, 0.0277365
1.26579, 0.027807
1.26473, 0.0278705
1.26346, 0.0279272
1.26201, 0.0279774
1.26037, 0.0280212
1.25857, 0.0280587
1.2566, 0.0280904
1.26205, 0.0283092
1.25796, 0.0283338
1.25353, 0.0283437
1.24878, 0.0283402
1.24376, 0.0283234
1.2385, 0.028294
1.23303, 0.0282526
1.22738, 0.0282002
1.22159, 0.0281377
1.21567, 0.0280655
1.20966, 0.0279841
1.20359, 0.0278945
1.19746, 0.0277975
1.19131, 0.0276929
1.18516, 0.0275819
1.17902, 0.0274646
1.17292, 0.0273421
1.16687, 0.0272147
1.16089, 0.027083
1.15499, 0.0269476
1.14919, 0.0268089
1.1435, 0.0266671
1.13793, 0.0265232
1.1325, 0.0263777
1.12721, 0.0262312
1.12207, 0.0260838
1.1171, 0.0259361
1.1123, 0.0257882
1.10769, 0.0256418
1.10326, 0.0254967
1.09902, 0.0253527
1.09499, 0.0252097
1.09117, 0.0250701
1.08755, 0.0249332
1.08416, 0.0247994
1.08098, 0.0246691
1.07803, 0.0245428
1.07531, 0.0244208
1.07282, 0.0243035
1.07057, 0.0241912
1.06856, 0.0240843
1.06678, 0.023983
1.06525, 0.0238878
1.06397, 0.0237989
1.06292, 0.0237165
1.06213, 0.023641
1.06158, 0.0235725
1.06128, 0.0235113
1.06123, 0.0234575
1.06143, 0.0234113
1.06188, 0.0233725
1.06258, 0.0233419
1.06353, 0.0233194
1.06472, 0.0233048
1.06617, 0.0232988
1.06786, 0.0233007
1.0698, 0.0233109
1.07199, 0.0233294
1.07442, 0.0233558
1.07709, 0.0233904
1.08001, 0.0234334
1.08316, 0.0234856
1.08656, 0.0235459
1.09019, 0.0236133
1.09406, 0.0236883
1.09816, 0.0237709
1.1025, 0.0238608
1.10706, 0.023958
1.11185, 0.0240619
1.11686, 0.0241731
1.1221, 0.0242908
1.12755, 0.0244151
1.13323, 0.0245459
1.13912, 0.024683
1.14522, 0.0248258
1.15153, 0.0249741
1.15805, 0.0251276
1.16476, 0.0252862
1.17168, 0.0254497
1.1788, 0.025618
1.18611, 0.0257905
1.19362, 0.0259673
1.20131, 0.0261478
1.20918, 0.0263319
1.21724, 0.0265197
1.22547, 0.0267112
1.23388, 0.0269059
1.24246, 0.0271029
1.25121, 0.0273024
1.26012, 0.0275042
1.26919, 0.0277081
1.27842, 0.0279139
1.2878, 0.0281214
1.29733, 0.0283304
1.307, 0.0285408
1.31682, 0.0287527
1.32677, 0.0289655
1.33686, 0.0291793
1.34707, 0.0293939
1.35742, 0.0296092
1.38725, 0.0302362
1.41307, 0.0307578
1.4395, 0.0312785
1.46649, 0.0317992
1.49397, 0.0323195
1.5219, 0.0328367
1.55021, 0.0333529
1.57885, 0.0338663
1.60776, 0.0343776
1.63688, 0.0348881
1.66615, 0.0353968
1.69553, 0.0359069
1.72496, 0.0364173
1.75438, 0.0369308
1.78374, 0.0374479
1.81298, 0.0379699
1.84207, 0.0384991
1.87094, 0.0390369
1.89955, 0.0395851
1.92785, 0.0401443
1.9558, 0.0407194
1.98336, 0.0413094
2.01047, 0.0419182
2.03712, 0.0425444
2.06324, 0.0431923
2.08882, 0.0438621
2.1138, 0.0445551
2.13817, 0.0452711
2.1619, 0.0460123
2.18494, 0.0467808
2.20729, 0.0475734
2.22891, 0.0483946
2.24978, 0.0492411
2.26988, 0.0501127
2.28919, 0.0510099
2.30771, 0.0519316
2.32542, 0.0528781
2.34229, 0.0538488
2.35833, 0.0548411
2.37351, 0.055855
2.38785, 0.0568874
2.40133, 0.0579394
2.41396, 0.0590072
2.42572, 0.0600911
2.43663, 0.0611877
2.44669, 0.0622975
2.4559, 0.0634173
2.46426, 0.0645449
2.47178, 0.0656781
2.47846, 0.0668161
2.48434, 0.0679579
2.4894, 0.0691016
2.49366, 0.0702457
2.49713, 0.0713863
2.49983, 0.0725237
2.50177, 0.073659
2.50297, 0.074786
2.50344, 0.0759074
2.50321, 0.0770227
2.50227, 0.0781268
2.50066, 0.0792219
2.4984, 0.0803028
2.49549, 0.0813742
2.49196, 0.0824299
2.48783, 0.0834704
2.48312, 0.0844977
2.47784, 0.0855083
2.47202, 0.0864991
2.46568, 0.087474
2.45884, 0.0884307
2.45151, 0.0893713
2.44372, 0.0902937
2.43548, 0.0911941
2.42682, 0.0920782
2.41776, 0.0929424
2.4083, 0.093788
2.39848, 0.0946136
2.3883, 0.0954199
2.3778, 0.0962066
2.36698, 0.0969742
2.35587, 0.0977218
2.34447, 0.0984501
2.33281, 0.0991595
2.32091, 0.0998492
2.30877, 0.100519
2.29643, 0.101171
2.28388, 0.101803
2.27115, 0.102417
2.25824, 0.103013
2.24519, 0.10359
2.23199, 0.10415
2.21866, 0.104691
2.20521, 0.105215
2.19166, 0.105721
2.17801, 0.10621
2.16428, 0.106682
2.15049, 0.107139
2.13663, 0.10758
2.12272, 0.108007
2.10877, 0.108418
2.10076, 0.109727
2.07119, 0.110481
2.04162, 0.111173
2.01212, 0.111806
1.98274, 0.112383
1.95354, 0.112903
1.92456, 0.113372
1.89583, 0.113789
1.8674, 0.114157
1.8393, 0.114478
1.81155, 0.114754
1.78417, 0.114986
1.75718, 0.115175
1.7306, 0.115322
1.70442, 0.11543
1.67867, 0.115499
1.65335, 0.11553
1.62846, 0.115524
1.604, 0.115483
1.57997, 0.115407
1.55637, 0.115296
1.53319, 0.115155
1.51043, 0.114979
1.48809, 0.114772
1.46614, 0.114533
1.4446, 0.114265
1.42345, 0.113966
1.40267, 0.113638
1.38227, 0.113282
1.36223, 0.1129
1.34254, 0.112487
1.32319, 0.11205
1.30418, 0.111588
1.28549, 0.111101
1.26711, 0.110589
1.24904, 0.110053
1.23126, 0.109493
1.21376, 0.10891
1.19655, 0.108307
1.1796, 0.107681
1.1629, 0.107033
1.14646, 0.106367
1.13026, 0.105681
1.1143, 0.104976
1.09856, 0.104253
1.08305, 0.103512
1.06775, 0.102755
1.05266, 0.101982
1.03776, 0.101194
1.02307, 0.100393
1.00857, 0.0995727
0.994248, 0.0987409
0.980111, 0.0978963
0.966152, 0.0970383
0.952363, 0.0961726
0.938742, 0.095295
0.925284, 0.0944079
0.911985, 0.0935115
0.898843, 0.0926047
0.885853, 0.0916885
0.873015, 0.0907683
0.860327, 0.0898381
0.847783, 0.0889015
0.835382, 0.0879611
0.823121, 0.0870149
0.810998, 0.0860619
0.799013, 0.0851069
0.787163, 0.0841488
0.775444, 0.0831866
0.763858, 0.0822216
0.752403, 0.0812556
0.741075, 0.0802876
0.729875, 0.0793193
0.7188, 0.078352
0.707851, 0.0773828
0.697025, 0.0764137
0.686321, 0.0754459
0.67574, 0.0744807
0.665281, 0.0735166
0.65494, 0.0725541
0.644719, 0.0715946
0.634617, 0.0706371
0.624634, 0.0696835
0.614766, 0.0687338
0.605015, 0.0677871
0.59538, 0.0668467
0.585857, 0.0659033
0.576454, 0.0649777
0.567163, 0.0640527
0.557985, 0.0631302
0.548919, 0.0622149
0.539965, 0.0613058
0.531123, 0.060403
0.522391, 0.059507
0.513771, 0.0586154
0.505258, 0.0577324
0.496854, 0.0568584
0.488559, 0.0559896
0.480373, 0.0551263
0.472295, 0.0542708
0.464322, 0.0534244
0.456453, 0.0525882
0.448691, 0.0517572
0.441033, 0.0509342
0.43348, 0.0501202
0.426028, 0.0493135
0.418679, 0.0485162
0.411432, 0.0477266
0.404286, 0.046946
0.39724, 0.0461732
0.390294, 0.0454096
0.383445, 0.0446541
0.376695, 0.0439091
0.370042, 0.0431705
0.363487, 0.0424429
0.357028, 0.0417226
0.350661, 0.0410123
0.344389, 0.0403103
0.338211, 0.0396171
0.332126, 0.0389324
0.326132, 0.038257
0.32023, 0.03759
0.314416, 0.0369319
0.308692, 0.0362833
0.303055, 0.0356446
0.297505, 0.0350119
0.292043, 0.0343903
0.286667, 0.0337769
0.281373, 0.0331718
0.276164, 0.0325772
0.271039, 0.0319892
0.265994, 0.0314112
0.261032, 0.030839
0.256149, 0.0302788
0.251345, 0.0297256
0.246618, 0.0291804
0.241969, 0.0286434
0.237397, 0.0281142
0.232899, 0.0275932
0.228477, 0.027081
0.224127, 0.0265763
0.219852, 0.0260781
0.215646, 0.0255882
0.211513, 0.0251068
0.20745, 0.0246332
0.203455, 0.0241665
0.19953, 0.023707
0.19567, 0.0232575
0.191877, 0.0228132
0.188151, 0.0223772
0.184488, 0.0219481
0.180891, 0.0215257
0.177357, 0.0211102
0.173884, 0.0207022
0.170472, 0.0203015
0.16712, 0.0199077
0.163828, 0.0195204
0.160597, 0.0191377
0.157421, 0.0187637
0.154301, 0.0183976
0.151237, 0.0180372
0.148229, 0.0176828
0.145276, 0.0173348
0.142376, 0.0169923
0.139531, 0.016654
0.136737, 0.0163221
0.133995, 0.0159963
0.131297, 0.0156825
0.128652, 0.0153698
0.126059, 0.0150605
0.123514, 0.0147567
0.121014, 0.0144605
0.118561, 0.0141697
0.116154, 0.0138841
0.113791, 0.0136039
0.111474, 0.0133286
0.109199, 0.0130585
0.106968, 0.0127934
0.104779, 0.0125332
0.102635, 0.0122731
0.100527, 0.0120244
0.0984596, 0.0117794
0.0964322, 0.0115387
0.0944438, 0.0113023
0.0924935, 0.0110702
0.0905808, 0.0108425
0.0887051, 0.0106191
0.0868655, 0.0103999
0.0850616, 0.0101849
0.0832927, 0.00997402
0.0815584, 0.00976703
0.0798566, 0.00956478
0.0781889, 0.00936608
0.0765539, 0.00917122
0.0749507, 0.00898051
0.0733794, 0.00879298
0.0718394, 0.00860894
0.0703298, 0.00842867
0.0688501, 0.00825158
0.0673995, 0.00807824
0.0659781, 0.00790807
0.0645854, 0.00774106
0.06322, 0.00757781
0.0618815, 0.00741811
0.0605698, 0.00726169
0.0592844, 0.00710833
0.0580247, 0.0069579
0.0567903, 0.00681038
0.0555807, 0.00666574
0.0543954, 0.00652395
0.0532339, 0.00638526
0.0520964, 0.00624874
0.0509815, 0.00611555
0.0498896, 0.00598454
0.0488195, 0.00585657
0.0477715, 0.00573106
0.046745, 0.005608
0.0457394, 0.00548758
0.0447543, 0.00536961
0.0437894, 0.00525407
0.0428442, 0.00514107
0.0419188, 0.00502994
0.041012, 0.00492158
0.0401244, 0.00481495
0.0392548, 0.00471079
0.0384034, 0.00460874
0.0375693, 0.00450903
0.0367527, 0.00441089
0.035953, 0.00431504
0.0351703, 0.00422124
0.0344036, 0.00412911
0.0336531, 0.00403943
0.0329181, 0.00395132
0.0321985, 0.00386504
0.0314946, 0.00377978
0.0308049, 0.00369705
0.0301279, 0.00361816
0.0294666, 0.00353917
0.0288193, 0.0034618
0.0281857, 0.00338601
0.0275654, 0.0033118
0.0269583, 0.00323913
0.0263641, 0.00316799
0.0257822, 0.0030984
0.0252132, 0.00303017
0.0246561, 0.00296336
0.0241108, 0.00289802
0.0235771, 0.00283405
0.0230548, 0.00277144
0.0225436, 0.00271014
0.0220433, 0.00265014
0.0215536, 0.0025914
0.0210745, 0.00253391
0.0206057, 0.00247766
0.0201469, 0.00242255
0.019698, 0.00236867
0.0192628, 0.00231073
0.018832, 0.00226039
0.0184108, 0.00221069
0.017999, 0.00216178
0.0175962, 0.00211376
0.0172022, 0.00206653
0.0168167, 0.00202051
0.0164397, 0.00197532
0.0160778, 0.00192263
0.0157143, 0.00188263
0.01536, 0.00184185
0.0150143, 0.00180112
0.0146759, 0.00176108
0.0143453, 0.00172169
0.014022, 0.00168299
0.0137058, 0.00164515
0.0133964, 0.0016081
0.0130939, 0.00157185
0.012798, 0.00153637
0.0125086, 0.00150166
0.0122257, 0.00146762
0.0119488, 0.00143452
0.0116781, 0.00140203
0.0114134, 0.00137026
0.0111546, 0.00133917
0.0109013, 0.00130881
0.0106531, 0.00127907
0.0104113, 0.00125045
0.0101744, 0.00122177
0.00994301, 0.00119367
0.0097165, 0.00116649
0.00949448, 0.00114022
0.00927846, 0.0011139
0.00906668, 0.00108849
0.0088593, 0.00106385
0.00865664, 0.00103943
0.00845925, 0.00101556
0.00826569, 0.000992337
0.00807645, 0.000969626
0.00789142, 0.000947422
0.00771053, 0.000925711
0.00753368, 0.000904486
0.00736078, 0.000883735
0.00719119, 0.000862657
0.00695818, 0.000835705
0.00662607, 0.000795824
0.00630936, 0.000757742
0.00600742, 0.000721227
0.00571986, 0.00068688
0.00544554, 0.000653876
0.00518418, 0.00062248
0.00493496, 0.00059252
0.00469774, 0.000564067
0.0044716, 0.000536896
0.00425615, 0.000510976
0.00405082, 0.000486304
0.00385492, 0.000462854
0.00366858, 0.000440473
0.00349091, 0.000419147
0.00332168, 0.000399017
0.00316049, 0.000379581
0.00300741, 0.000360951
0.00286118, 0.000343455
0.00272201, 0.000326727
0.0025894, 0.00031084
0.00246289, 0.000295022
0.00234287, 0.000281518
0.00222868, 0.000267608
0.00211965, 0.000254513
0.00201598, 0.000242107
0.00191722, 0.000230191
0.0018233, 0.000218889
0.00173394, 0.000208115
0.00164816, 0.000197994
0.00156757, 0.00018814
0.00149072, 0.000178916
0.00141712, 0.000170174
0.0013474, 0.000161744
0.00128101, 0.000153749
0.00121783, 0.000146144
0.00115739, 0.000139185
0.00109999, 0.000131938
0.00104595, 0.000125536
0.000994021, 0.00011927
0.000944993, 0.000113387
0.000897684, 0.000107838
0.000853109, 0.000102725
0.000810983, 9.72775e-05
0.000770654, 9.25209e-05
0.000732141, 8.81993e-05
0.000695957, 8.35415e-05
0.00066103, 7.9581e-05
0.000628288, 7.52412e-05
0.000596963, 7.18373e-05
0.00056693, 6.72706e-05
0.000538627, 6.46105e-05
0.000511926, 6.12015e-05
0.000486303, 5.8124e-05
0.000462187, 5.55596e-05
0.000438852, 5.24895e-05
0.000416367, 5.04672e-05
0.000395943, 4.76653e-05
0.000375616, 4.52511e-05
0.00035679, 4.33931e-05
0.000339148, 4.11888e-05
0.00032231, 3.82995e-05
0.000306077, 3.68365e-05
0.000289962, 3.52041e-05
0.000275869, 3.33118e-05
0.00026193, 3.13347e-05
0.000249185, 2.97561e-05
0.000236385, 2.8539e-05
0.000223703, 2.69509e-05
0.000212619, 2.50573e-05
0.000202205, 2.39427e-05
0.000190976, 2.33852e-05
0.00018262, 2.20675e-05
0.000172345, 2.04311e-05
0.00016346, 1.99788e-05
0.000156698, 1.87614e-05
0.000148217, 1.8146e-05
0.000140926, 1.72428e-05
0.000133973, 1.60029e-05
0.000126588, 1.51244e-05
0.000118875, 1.44596e-05
0.000112846, 1.44269e-05
0.000108109, 1.33196e-05
0.000102586, 1.27866e-05
9.73325e-05, 1.22675e-05
9.14424e-05, 1.26757e-05
8.75402e-05, 1.07746e-05
8.22291e-05, 1.24912e-05
7.86549e-05, 8.52707e-06
7.5319e-05, 9.29602e-06
6.99854e-05, 1.14314e-05
6.5799e-05, 1.08311e-05
6.22007e-05, 1.07392e-05
6.04458e-05, 8.53376e-06
5.74202e-05, 9.0519e-06
5.24168e-05, 9.95925e-06
5.07378e-05, 1.01109e-05
4.95496e-05, 8.29167e-06
4.36329e-05, 1.08873e-05
4.36194e-05, 9.55783e-06
4.06122e-05, 9.4498e-06
4.11124e-05, 1.07662e-05
3.60127e-05, 1.10906e-05
3.46743e-05, 1.07162e-05
3.19405e-05, 9.64564e-06
3.05594e-05, 1.12622e-05
3.58772e-05, 5.40068e-06
3.26542e-05, 6.79489e-06
2.90768e-05, 6.66167e-06
2.7084e-05, 8.43681e-06
2.5759e-05, 9.37555e-06
2.58608e-05, 6.33831e-06
2.01627e-05, 9.18379e-06
2.39209e-05, 8.40634e-06
2.25019e-05, 9.62889e-06
2.24868e-05, 7.27591e-06
2.20213e-05, 6.19877e-06
1.98811e-05, 5.71229e-06
2.07319e-05, 3.64547e-06
1.88687e-05, 4.23856e-06
1.70394e-05, 4.9207e-06
1.56737e-05, 5.31758e-06
1.53111e-05, 3.56549e-06
1.40872e-05, 4.96103e-06
1.37073e-05, 4.37141e-06
1.31186e-05, 2.16229e-06
1.24381e-05, 1.73485e-06
1.1732e-05, 1.65645e-06
1.08113e-05, 2.16977e-06
9.19276e-06, 2.04652e-06
8.34091e-06, 2.32752e-06
8.11805e-06, 1.94604e-06
7.50235e-06, 2.19233e-06
6.72116e-06, 2.66959e-06
6.95726e-06, 2.20589e-06
6.53884e-06, 2.01858e-06
5.92783e-06, 1.85755e-06
5.36615e-06, 1.30785e-06
4.90547e-06, 8.86155e-07
4.30189e-06, 1.00973e-06
4.10394e-06, 9.69609e-07
3.54441e-06, 5.93393e-07
3.39217e-06, 5.79677e-07
3.19855e-06, 6.10445e-07
3.13542e-06, 6.54749e-07
2.87324e-06, 6.1035e-07
2.60977e-06, 4.54944e-07
2.58754e-06, 6.61757e-07
2.322e-06, 3.42715e-07
2.13516e-06, 2.98708e-07
2.02119e-06, 2.80434e-07
1.91341e-06, 2.63356e-07
1.91976e-06, 5.41702e-07
1.70254e-06, 2.13577e-07
1.61254e-06, 2.02119e-07
1.52736e-06, 1.91287e-07
1.44677e-06, 1.81238e-07
1.42095e-06, 3.07795e-07
1.29213e-06, 1.64078e-07
1.22429e-06, 1.55366e-07
1.15995e-06, 1.47223e-07
1.09886e-06, 1.3946e-07
1.04111e-06, 1.32151e-07
9.86323e-07, 1.25183e-07
9.34404e-07, 1.18583e-07
8.8528e-07, 1.12442e-07
8.38567e-07, 1.06382e-07
7.94447e-07, 1.0082e-07
7.52563e-07, 9.55448e-08
7.12961e-07, 9.04949e-08
6.75308e-07, 8.5682e-08
6.39692e-07, 8.12101e-08
6.05962e-07, 7.69735e-08
5.7399e-07, 7.28536e-08
5.43704e-07, 6.89667e-08
5.14982e-07, 6.54677e-08
4.87801e-07, 6.1813e-08
4.61995e-07, 5.86036e-08
4.37559e-07, 5.55561e-08
4.14546e-07, 5.26362e-08
3.92578e-07, 4.98569e-08
3.71806e-07, 4.714e-08
3.52041e-07, 4.46262e-08
3.33532e-07, 4.24533e-08
3.15849e-07, 4.00088e-08
2.99177e-07, 3.80163e-08
2.83222e-07, 3.59916e-08
2.68253e-07, 3.40246e-08
2.54078e-07, 3.22256e-08
2.40628e-07, 3.05412e-08
2.27771e-07, 2.89142e-08
2.15784e-07, 2.74124e-08
2.04382e-07, 2.59073e-08
1.93461e-07, 2.45572e-08
1.83206e-07, 2.32408e-08
1.73496e-07, 2.20304e-08
1.64322e-07, 2.07917e-08
1.55497e-07, 1.98279e-08
1.47334e-07, 1.87193e-08
1.39447e-07, 1.76563e-08
1.30637e-07, 1.65796e-08
1.20863e-07, 1.53861e-08
1.11743e-07, 1.41697e-08
1.03412e-07, 1.30625e-08
9.56034e-08, 1.21074e-08
8.83687e-08, 1.12595e-08
8.1863e-08, 1.03324e-08
7.57237e-08, 9.61722e-09
6.9869e-08, 8.84199e-09
6.47099e-08, 8.14406e-09
5.98255e-08, 7.62025e-09
5.53533e-08, 7.05495e-09
5.12243e-08, 6.53218e-09
4.73745e-08, 5.92488e-09
4.39303e-08, 5.57915e-09
4.05469e-08, 5.12494e-09
3.74917e-08, 4.67193e-09
3.4692e-08, 4.42724e-09
3.21143e-08, 4.03409e-09
2.96162e-08, 3.84762e-09
2.74143e-08, 3.48205e-09
2.53493e-08, 3.25866e-09
2.35137e-08, 3.07163e-09
2.1702e-08, 2.75444e-09
2.00705e-08, 2.46072e-09
1.84733e-08, 2.35601e-09
1.70475e-08, 2.14787e-09
1.56982e-08, 2.03672e-09
1.45605e-08, 1.97e-09
1.33922e-08, 1.84006e-09
1.23671e-08, 1.54192e-09
1.15085e-08, 1.55704e-09
1.05736e-08, 1.35338e-09
9.85179e-09, 1.19076e-09
9.06391e-09, 1.24411e-09
8.30945e-09, 1.10244e-09
7.71517e-09, 1.14032e-09
7.17928e-09, 9.12747e-10
6.52817e-09, 8.50311e-10
6.08482e-09, 9.03389e-10
5.59617e-09, 7.5237e-10
5.23594e-09, 7.21366e-10
4.79914e-09, 6.50898e-10
4.45923e-09, 7.31988e-10
3.98846e-09, 5.42662e-10
3.76272e-09, 6.09197e-10
3.42702e-09, 6.05475e-10
3.30644e-09, 6.07651e-10
2.88276e-09, 5.69521e-10
2.68196e-09, 4.4092e-10
2.44214e-09, 4.58108e-10
2.37433e-09, 4.54682e-10
1.96314e-09, 3.43463e-10
2.00216e-09, 4.64792e-10
1.75964e-09, 3.65278e-10
1.5778e-09, 3.91434e-10
1.55968e-09, 3.69e-10
1.35587e-09, 3.73378e-10
1.39603e-09, 2.95905e-10
1.16293e-09, 3.85301e-10
1.11499e-09, 3.93842e-10
8.95145e-10, 4.29285e-10
9.69376e-10, 3.78403e-10
7.90264e-10, 3.832e-10
8.32422e-10, 2.92193e-10
6.87799e-10, 4.01404e-10
6.31869e-10, 3.77537e-10
2.23825e-10, 5.06072e-10
2.52934e-10, 3.34904e-10
-3.77513e-11, 2.769e-10
6.00019e-11, 2.54392e-10
4.04932e-11, 2.91448e-10
-5.68721e-11, 3.07007e-10
4.71575e-11, 2.48112e-10
9.1759e-11, 2.89004e-10
-8.29108e-11, 1.90816e-10
-7.08074e-12, 2.36541e-10
-4.74801e-11, 2.16499e-10
1.67146e-11, 2.97208e-10
1.36093e-11, 2.57964e-10
-1.69086e-11, 3.17949e-10
-4.85885e-11, 3.15929e-10
5.21255e-11, 3.62599e-10
6.47109e-11, 3.57878e-10
-1.40047e-10, 3.34935e-10
2.04638e-10, 2.97355e-10
-1.4831e-10, 3.54836e-10
6.11681e-11, 1.97571e-10
7.07827e-11, 3.44039e-10
-1.37278e-10, 3.56769e-10
9.97021e-11, 2.86248e-10
-9.2548e-11, 3.18606e-10
4.56707e-11, 3.0735e-10
-4.33255e-12, 2.52406e-10
-1.65551e-11, 3.19923e-10
-3.50459e-11, 3.4677e-10
5.8145e-11, 3.89525e-10
1.50592e-11, 3.36543e-10
-3.02839e-11, 3.97281e-10
2.68674e-11, 3.26488e-10
3.78198e-11, 3.03214e-10
-9.95914e-11, 3.66873e-10
4.6425e-11, 2.87391e-10
5.49136e-12, 3.42341e-10
-4.60086e-12, 3.37779e-10
-3.79303e-11, 3.57457e-10
1.30214e-10, 3.16986e-10
-3.08578e-11, 3.48984e-10
-1.02469e-10, 3.394e-10
5.48156e-11, 3.76839e-10
-5.5107e-11, 4.45834e-10
1.06978e-10, 3.33015e-10
-3.36074e-11, 3.70211e-10
7.62567e-11, 2.75795e-10
-2.25122e-10, 3.70551e-10
8.19374e-11, 3.89866e-10
1.9611e-11, 3.73897e-10
1.1828e-11, 2.92323e-10
-2.27884e-11, 3.6766e-10
1.0059e-10, 4.47592e-10
-5.80639e-11, 3.92779e-10
1.13709e-10, 5.42274e-10
-2.37693e-10, 5.16735e-10
9.14991e-12, 3.7464e-10
1.71674e-10, 4.43514e-10
-5.13546e-12, 4.74301e-10
-1.73432e-10, 4.01981e-10
1.05833e-10, 4.27171e-10
5.21423e-12, 3.72809e-10
2.72512e-11, 3.68225e-10
-1.36944e-10, 4.07646e-10
2.2339e-10, 3.72519e-10
-1.6599e-10, 4.71987e-10
7.8064e-11, 4.13814e-10
-3.54656e-11, 5.45396e-10
1.83612e-11, 5.11339e-10
-2.60506e-11, 4.99509e-10
-9.38112e-11, 3.52464e-10
1.50183e-10, 4.60944e-10
-1.04656e-10, 3.83443e-10
-1.54989e-11, 3.85098e-10
1.05687e-10, 3.49421e-10
-2.2359e-12, 2.88501e-10
3.37025e-11, 4.49928e-10
-1.59174e-10, 4.00549e-10
8.05413e-11, 4.37487e-10
5.1295e-11, 4.4805e-10
-6.1852e-11, 4.81117e-10
-5.75469e-12, 4.93764e-10
3.46945e-11, 4.39387e-10
5.694e-11, 4.12359e-10
-6.65538e-11, 4.84701e-10
9.6202e-11, 4.67259e-10
-1.62673e-10, 4.77456e-10
4.85606e-11, 4.80369e-10
2.02305e-11, 5.49912e-10
-8.84793e-11, 3.19321e-10
4.20461e-11, 5.02691e-10
7.60399e-11, 4.81366e-10
-5.6995e-11, 2.88796e-10
1.21835e-12, 4.85699e-10
1.22405e-11, 4.54799e-10
-2.33657e-11, 4.62784e-10
1.28492e-10, 5.31746e-10
3.97199e-11, 5.33918e-10
-4.11512e-11, 6.0146e-10
6.26388e-12, 5.34085e-10
-2.13955e-10, 5.00268e-10
-4.55169e-11, 4.0123e-10
1.5242e-10, 4.22319e-10
1.27599e-12, 5.34661e-10
1.24338e-10, 4.55755e-10
-6.18087e-11, 3.99381e-10
3.88064e-11, 4.33097e-10
-1.18248e-10, 5.31008e-10
7.70135e-11, 4.04319e-10
-1.65214e-10, 4.2986e-10
1.60691e-10, 4.05468e-10
5.42457e-11, 5.32843e-10
5.98055e-11, 5.12488e-10
-7.60932e-11, 5.96532e-10
-2.02482e-10, 6.12185e-10
1.80488e-10, 7.47626e-10
1.6235e-11, 6.51661e-10
-5.57162e-11, 6.7939e-10
-1.50145e-11, 5.68064e-10
1.23389e-11, 5.64266e-10
8.95078e-11, 4.60023e-10
-1.8672e-10, 5.2649e-10
1.65313e-10, 4.62129e-10
-1.84176e-10, 5.29885e-10
2.25622e-10, 5.47801e-10
-3.80024e-11, 6.0628e-10
-1.51258e-10, 4.49427e-10
1.20681e-10, 5.50333e-10
-9.12595e-11, 4.90142e-10
1.47506e-10, 5.86665e-10
-9.6365e-11, 5.47467e-10
-4.33344e-12, 4.28176e-10
-4.49714e-11, 4.91127e-10
5.53628e-11, 6.55945e-10
6.87682e-11, 5.51874e-10
-5.43679e-11, 6.96156e-10
-1.07724e-10, 4.32489e-10
8.44708e-11, 6.31134e-10
-8.92941e-12, 6.04733e-10
6.27706e-11, 6.89493e-10
-3.30188e-11, 5.59189e-10
6.93306e-11, 5.13072e-10
-8.47577e-11, 4.73602e-10
-8.81535e-11, 7.10514e-10
-3.05252e-11, 6.78455e-10
2.32961e-10, 6.487e-10
-8.003e-11, 7.28481e-10
5.40907e-11, 8.13235e-10
-7.75936e-11, 7.71111e-10
2.0258e-11, 8.38316e-10
-2.37844e-10, 6.996e-10
1.38268e-10, 6.42102e-10
-4.7331e-12, 7.01706e-10
1.15646e-10, 6.95595e-10
-1.25665e-10, 6.54284e-10
1.98054e-10, 6.08775e-10
-1.33111e-10, 6.26047e-10
3.22057e-12, 5.27098e-10
-3.23369e-12, 6.06146e-10
6.81834e-11, 6.21443e-10
-1.7767e-10, 5.17493e-10
-4.09148e-11, 7.02211e-10
4.92961e-12, 5.11287e-10
1.53434e-10, 6.85277e-10
9.93879e-12, 5.94054e-10
-1.96248e-10, 5.63686e-10
1.33582e-10, 4.91947e-10
1.02264e-10, 6.80678e-10
-1.68315e-12, 8.28467e-10
1.0646e-10, 5.66304e-10
-1.49298e-10, 5.61166e-10
3.23626e-11, 5.55504e-10
-1.88104e-10, 6.17156e-10
8.92734e-11, 5.91102e-10
-3.10242e-11, 7.2947e-10
1.34967e-10, 5.19151e-10
4.16915e-11, 6.86171e-10
2.44154e-11, 6.97591e-10
-1.19053e-10, 7.37255e-10
-2.48154e-26, 8.08599e-10
-6.52853e-11, 7.74571e-10
2.30273e-11, 6.76722e-10
8.53539e-11, 6.40268e-10
-6.60486e-11, 6.50045e-10
-3.584e-12, 5.22595e-10
1.56506e-10, 6.03391e-10
-1.98643e-10, 6.42537e-10
3.28115e-10, 7.73499e-10
-3.09357e-10, 7.03609e-10
1.95459e-10, 7.99021e-10
-2.03541e-10, 8.14303e-10
1.43574e-10, 8.68676e-10
9.05377e-11, 8.09148e-10
-2.11439e-10, 7.73789e-10
1.06121e-10, 8.43518e-10
-1.49505e-11, 7.69027e-10
-3.00141e-11, 8.17126e-10
-1.41222e-10, 7.87134e-10
1.15293e-10, 7.22567e-10
-7.5886e-11, 7.56366e-10
1.19969e-10, 1.02655e-09
-8.02786e-11, 7.25037e-10
3.83708e-11, 7.38575e-10
4.23653e-11, 9.1347e-10
1.33368e-10, 6.61746e-10
-2.36686e-10, 7.18777e-10
-1.26571e-10, 7.80114e-10
3.63529e-10, 8.22159e-10
-2.13823e-10, 8.49078e-10
-5.90674e-11, 8.66882e-10
9.88082e-11, 8.35266e-10
6.942e-11, 7.84896e-10
-1.79163e-10, 8.18007e-10
1.37862e-10, 6.69444e-10
-1.0227e-10, 7.23226e-10
2.05287e-10, 7.494e-10
-3.23191e-11, 6.45257e-10
-1.88538e-10, 7.0977e-10
1.01732e-10, 7.94423e-10
1.63361e-11, 1.08781e-09
2.58224e-10, 8.8818e-10
-3.06462e-10, 8.68185e-10
-6.39902e-11, 1.12487e-09
-5.59338e-11, 1.04898e-09
1.47613e-10, 9.95095e-10
1.06412e-10, 7.72499e-10
-8.79468e-11, 7.68479e-10
-1.82826e-10, 9.50208e-10
2.00349e-10, 7.65344e-10
1.9048e-11, 7.91175e-10
4.03552e-11, 8.71118e-10
-2.98408e-10, 8.86427e-10
5.68982e-10, 9.66936e-10
-3.11255e-10, 1.04722e-09
-1.63716e-10, 8.43632e-10
1.21057e-10, 9.73416e-10
2.40796e-10, 1.06762e-09
-2.76472e-10, 9.28195e-10
-1.96611e-11, 8.79797e-10
3.94596e-11, 7.28478e-10
8.13945e-11, 8.49314e-10
-1.10376e-11, 1.15172e-09
2.43671e-11, 7.44001e-10
-8.89152e-12, 8.51784e-10
-2.58748e-10, 8.78731e-10
2.43975e-10, 7.30434e-10
-3.45888e-10, 9.35368e-10
3.80887e-10, 1.14868e-09
-2.03537e-11, 9.81602e-10
-2.40545e-10, 6.40103e-10
2.20877e-10, 9.58177e-10
-1.59941e-11, 7.96848e-10
-6.41952e-11, 8.81763e-10
7.13157e-11, 8.64954e-10
-9.92588e-11, 9.6641e-10
3.01105e-11, 8.7021e-10
-5.11292e-11, 1.09074e-09
4.43067e-11, 1.02197e-09
-7.95539e-11, 9.37664e-10
9.86044e-11, 9.04973e-10
-1.97874e-10, 8.26806e-10
8.50884e-11, 8.71493e-10
2.5138e-10, 1.07588e-09
-3.87853e-10, 1.25765e-09
3.50953e-10, 8.95578e-10
-7.18625e-11, 7.34421e-10
2.115e-10, 9.31477e-10
-4.17176e-10, 1.28089e-09
2.12911e-10, 1.08957e-09
-1.94198e-11, 1.11594e-09
-3.14183e-10, 9.40708e-10
3.64095e-10, 1.06029e-09
-6.86467e-11, 1.16374e-09
1.64804e-10, 9.27351e-10
-4.44215e-11, 8.0811e-10
-2.87213e-10, 9.58123e-10
1.54014e-10, 1.21697e-09
4.98449e-12, 1.17637e-09
-1.97532e-10, 1.08295e-09
2.23263e-10, 1.0819e-09
-1.15771e-10, 9.70286e-10
-6.56487e-11, 1.03577e-09
-9.626e-11, 1.15379e-09
1.01655e-10, 1.37011e-09
6.629e-11, 1.41526e-09
1.38125e-10, 1.13986e-09
-1.18042e-10, 1.11408e-09
4.63393e-11, 1.10347e-09
1.13638e-10, 1.27409e-09
1.01049e-10, 1.14856e-09
-2.36537e-10, 9.20993e-10
5.21528e-12, 1.03239e-09
3.03454e-10, 8.51477e-10
-1.91577e-10, 1.29791e-09
-1.05308e-10, 1.26411e-09
-7.92326e-11, 9.9926e-10
-1.48371e-10, 9.6974e-10
1.80737e-10, 1.20275e-09
4.23944e-10, 1.02573e-09
-4.89479e-10, 9.0344e-10
2.62953e-10, 1.03728e-09
6.19082e-11, 9.89514e-10
9.18046e-11, 9.64686e-10
-2.84406e-10, 1.00967e-09
-2.90733e-10, 9.12874e-10
2.97095e-10, 8.88008e-10
-2.73417e-12, 1.13501e-09
-2.46844e-11, 1.2498e-09
3.96183e-10, 1.21886e-09
-4.80212e-10, 1.24139e-09
8.5821e-11, 1.06616e-09
1.74952e-10, 1.08856e-09
4.457e-11, 1.19472e-09
-3.6884e-10, 1.32403e-09
3.08317e-10, 9.74379e-10
-4.38599e-10, 1.10695e-09
2.00234e-10, 1.0267e-09
1.15984e-10, 1.17387e-09
3.68882e-11, 1.50191e-09
5.69251e-12, 1.20872e-09
-6.85193e-11, 1.08517e-09
5.7274e-12, 1.09645e-09
-1.60857e-10, 1.21482e-09
3.88962e-10, 1.16591e-09
-3.93035e-10, 1.03052e-09
1.33342e-10, 1.07833e-09
1.01764e-10, 9.00165e-10
-4.08289e-11, 8.24116e-10
-5.85035e-12, 7.56009e-10
-4.40101e-10, 1.15251e-09
3.44314e-10, 1.34918e-09
-1.41683e-10, 1.3478e-09
2.54611e-10, 1.32039e-09
2.09558e-10, 9.09159e-10
-3.20069e-10, 8.66944e-10
1.0337e-10, 1.08094e-09
-1.35367e-10, 8.39778e-10
2.08387e-10, 1.01849e-09
-1.5691e-10, 6.91119e-10
-4.3378e-11, 9.40674e-10
1.71905e-10, 8.32434e-10
-1.54174e-10, 6.85852e-10
7.16147e-11, 1.10263e-09
1.55388e-10, 1.22246e-09
8.27181e-27, 8.16901e-10
2.0803e-10, 6.0954e-10
-4.71653e-10, 7.2029e-10
1.81387e-10, 1.04528e-09
-1.08782e-10, 1.18521e-09
-2.374e-12, 8.29115e-10
3.57479e-11, 9.25926e-10
8.61266e-11, 9.95235e-10
2.95401e-10, 6.86867e-10
-1.61529e-10, 8.55221e-10
-2.46855e-10, 9.10521e-10
-4.13002e-11, 8.02762e-10
7.56005e-11, 9.23063e-10
2.44804e-10, 1.09617e-09
-1.30241e-10, 1.02067e-09
3.20675e-11, 8.27204e-10
-4.9522e-12, 8.02715e-10
-2.60976e-10, 9.9046e-10
4.24132e-10, 7.93282e-10
-1.80311e-10, 1.13101e-09
3.77064e-11, 9.02681e-10
3.91099e-10, 9.91467e-10
-3.11521e-10, 8.38647e-10
-2.54219e-10, 1.19253e-09
-1.88826e-10, 1.06003e-09
-2.17705e-10, 9.82325e-10
4.34462e-10, 8.64615e-10
1.31598e-10, 9.3526e-10
-6.73381e-11, 1.06226e-09
1.55972e-11, 1.19625e-09
-3.91372e-11, 1.16743e-09
-3.8758e-10, 1.08053e-09
3.2067e-10, 1.24807e-09
-2.61173e-10, 1.23026e-09
2.80667e-10, 1.29624e-09
-2.39176e-11, 1.20645e-09
-4.80102e-11, 1.33954e-09
8.03094e-12, 1.33317e-09
2.01505e-10, 1.04438e-09
-2.04935e-10, 1.34927e-09
6.49516e-11, 1.4007e-09
-1.35806e-10, 1.28091e-09
5.17933e-11, 1.11736e-09
1.5047e-10, 1.24757e-09
-1.12573e-10, 1.30179e-09
1.37778e-11, 1.12203e-09
1.05088e-10, 1.06822e-09
-2.19256e-10, 1.19127e-09
4.93003e-10, 1.10958e-09
-3.21458e-10, 1.02857e-09
-2.04784e-10, 9.0291e-10
-1.68915e-11, 1.10877e-09
2.40147e-10, 1.16368e-09
-2.66517e-10, 1.18019e-09
4.80861e-10, 1.25264e-09
-4.56863e-11, 1.23492e-09
-4.01167e-11, 1.17451e-09
-2.9906e-10, 1.19634e-09
2.30855e-11, 1.18097e-09
1.10041e-10, 9.79697e-10
-9.00853e-11, 1.09415e-09
-4.66584e-11, 9.17517e-10
-6.43794e-11, 1.08853e-09
1.79129e-10, 1.35034e-09
-2.0038e-10, 1.36007e-09
1.4785e-11, 1.27031e-09
1.8397e-10, 1.14329e-09
-5.35957e-11, 8.15845e-10
1.1055e-10, 1.19646e-09
1.19926e-11, 1.56733e-09
4.87373e-10, 1.06793e-09
-5.58482e-10, 1.08594e-09
9.69339e-11, 1.43631e-09
-1.51978e-11, 1.29904e-09
-1.21999e-11, 1.5176e-09
-1.37717e-10, 1.34134e-09
-4.60624e-11, 9.88166e-10
5.76199e-10, 1.18822e-09
-2.00964e-10, 1.28336e-09
-9.92716e-11, 1.23906e-09
1.43186e-10, 1.0956e-09
-3.62299e-10, 9.3877e-10
-2.31902e-10, 9.79656e-10
1.0062e-10, 1.06388e-09
1.00958e-10, 1.01928e-09
1.96264e-10, 1.35734e-09
-1.30223e-10, 1.1089e-09
3.50547e-11, 1.2445e-09
-7.03437e-11, 1.29572e-09
-6.41622e-11, 1.071e-09
2.06003e-10, 1.28249e-09
-7.75079e-11, 1.18802e-09
6.15641e-11, 1.31244e-09
-1.78803e-10, 1.30099e-09
-9.13279e-11, 8.88575e-10
2.51981e-10, 1.33971e-09
1.77297e-10, 1.65841e-09
-4.94113e-11, 1.13586e-09
-1.02452e-10, 1.25723e-09
-2.88471e-10, 1.47953e-09
3.39315e-10, 1.58564e-09
-3.471e-10, 1.41828e-09
2.47781e-10, 1.56024e-09
-1.64606e-10, 1.51141e-09
1.85364e-10, 1.14092e-09
-2.06253e-10, 1.24992e-09
1.45863e-10, 1.57718e-09
-1.42932e-10, 1.72854e-09
3.27759e-10, 1.26455e-09
-2.32912e-10, 1.3158e-09
-3.12696e-10, 1.18932e-09
6.82561e-10, 1.43195e-09
-3.28544e-10, 1.50726e-09
-2.84495e-10, 1.27559e-09
4.00264e-10, 1.24086e-09
1.74584e-11, 1.10279e-09
-2.66215e-10, 1.24916e-09
6.11436e-10, 1.16797e-09
-3.56043e-10, 1.61226e-09
-1.73283e-10, 1.60438e-09
2.94451e-10, 1.47721e-09
3.55883e-11, 1.40179e-09
-2.60616e-10, 1.68039e-09
3.25904e-10, 1.45363e-09
-4.31118e-10, 1.84559e-09
4.18059e-10, 1.35397e-09
-3.03683e-10, 1.26195e-09
1.59571e-10, 1.73705e-09
-4.36557e-11, 1.60363e-09
-8.75846e-11, 1.5136e-09
-1.17144e-10, 1.76221e-09
-5.87546e-11, 1.51427e-09
2.06281e-10, 1.82965e-09
-3.65809e-10, 1.54387e-09
1.66793e-10, 1.21526e-09
9.29499e-11, 8.79052e-10
-2.08852e-10, 1.24848e-09
4.48922e-11, 1.234e-09
2.36411e-10, 1.35173e-09
2.25847e-11, 1.08615e-09
-5.66352e-11, 1.34236e-09
1.02256e-10, 1.47142e-09
9.87709e-11, 1.70516e-09
-7.62101e-12, 1.45921e-09
-3.05772e-10, 1.50041e-09
2.49198e-10, 1.25729e-09
1.5382e-11, 1.42067e-09
-1.85145e-10, 1.03568e-09
4.2558e-10, 1.35024e-09
-6.13141e-10, 1.52527e-09
-7.78478e-11, 1.56545e-09
5.97336e-10, 1.60102e-09
-5.36484e-10, 1.61343e-09
4.63474e-10, 1.71668e-09
-1.8122e-10, 1.40248e-09
-3.51675e-10, 1.45482e-09
6.0638e-10, 1.49881e-09
-3.57763e-10, 1.3839e-09
1.71442e-10, 1.56577e-09
-1.95948e-10, 1.27637e-09
2.24609e-10, 1.33094e-09
-2.25278e-10, 1.92912e-09
4.43826e-11, 1.86586e-09
1.94245e-10, 1.48905e-09
1.2988e-10, 1.40145e-09
-3.33804e-10, 1.60151e-09
5.92008e-10, 1.78947e-09
-6.18325e-10, 1.50997e-09
2.17668e-10, 1.3328e-09
-1.64761e-10, 1.31519e-09
1.65245e-10, 1.2863e-09
1.36727e-10, 1.59225e-09
-5.48512e-10, 1.45276e-09
2.83394e-10, 1.30049e-09
8.77744e-11, 1.45022e-09
-6.28789e-11, 2.09093e-09
3.90985e-10, 1.5571e-09
-7.29432e-10, 2.02823e-09
6.00464e-10, 2.17676e-09
1.22986e-10, 1.96222e-09
-7.69823e-10, 1.45272e-09
6.61148e-10, 1.51379e-09
-3.25112e-10, 1.22627e-09
-3.86111e-11, 1.44466e-09
-4.73273e-11, 1.69527e-09
-1.85539e-10, 1.88932e-09
1.2549e-10, 1.9881e-09
3.21134e-10, 1.777e-09
1.2621e-10, 1.69443e-09
-4.01536e-10, 1.26899e-09
6.56547e-11, 1.62273e-09
-3.51157e-10, 1.88747e-09
-2.86127e-10, 1.88489e-09
6.00368e-10, 1.75529e-09
4.91397e-10, 1.39646e-09
-2.66373e-11, 1.45095e-09
-2.49319e-10, 1.79091e-09
-8.27181e-26, 1.96624e-09
-2.14911e-10, 2.0661e-09
3.27765e-10, 2.2346e-09
-2.92667e-10, 1.84028e-09
5.41827e-11, 1.75808e-09
4.70901e-10, 1.88376e-09
-6.08439e-10, 1.60048e-09
-3.50604e-10, 2.11641e-09
3.69848e-10, 2.05909e-09
4.53299e-10, 1.70969e-09
-3.99464e-10, 1.64756e-09
1.3813e-10, 2.21773e-09
1.84685e-11, 1.50736e-09
9.25986e-12, 1.36167e-09
1.81068e-10, 1.59216e-09
-4.28317e-10, 1.84873e-09
-9.80382e-11, 1.72377e-09
4.40049e-10, 1.97404e-09
6.10256e-11, 1.54666e-09
-1.88288e-10, 1.96466e-09
-2.92649e-10, 1.61734e-09
4.16513e-10, 1.64917e-09
-2.56288e-10, 1.70452e-09
4.04521e-10, 1.87727e-09
5.7265e-11, 2.41901e-09
-4.64156e-10, 1.62705e-09
3.88651e-10, 2.01245e-09
2.64617e-10, 2.32736e-09
-4.96904e-10, 2.30517e-09
1.20935e-10, 2.10608e-09
-3.88042e-11, 1.94799e-09
-1.79956e-10, 2.66995e-09
-3.99899e-10, 2.34709e-09
3.37409e-10, 1.51087e-09
1.51999e-10, 2.20433e-09
4.86722e-10, 2.50192e-09
-2.11973e-10, 2.23891e-09
-5.38771e-10, 2.2621e-09
5.25348e-10, 2.17315e-09
-2.88225e-10, 2.06506e-09
3.48788e-10, 2.26068e-09
-2.79776e-10, 1.80489e-09
-2.20411e-10, 1.8934e-09
2.31043e-10, 1.76927e-09
-1.05757e-10, 1.85505e-09
4.494e-10, 1.71647e-09
-5.06284e-11, 1.73619e-09
-7.51286e-10, 1.91353e-09
6.36212e-10, 1.7517e-09
-2.09229e-10, 2.12927e-09
5.62829e-10, 2.39062e-09
-7.59258e-10, 2.1479e-09
-4.88645e-10, 2.11796e-09
3.86787e-10, 1.92549e-09
2.74047e-10, 1.87908e-09
-3.57714e-10, 2.47281e-09
3.79442e-10, 2.74304e-09
4.16915e-11, 1.97648e-09
-2.66478e-10, 2.19871e-09
4.19095e-11, 2.3477e-09
4.98972e-10, 2.42149e-09
-7.53039e-10, 2.03493e-09
-1.58391e-11, 1.79871e-09
4.12885e-10, 2.26454e-09
-4.56413e-10, 1.98045e-09
1.8623e-10, 1.75911e-09
-3.4675e-10, 1.6477e-09
5.3484e-10, 1.87347e-09
1.7159e-10, 1.99143e-09
6.9888e-11, 2.0273e-09
6.4678e-11, 1.95567e-09
-1.08074e-10, 1.96214e-09
3.5214e-10, 2.15275e-09
-2.11826e-10, 2.26044e-09
-5.60868e-10, 2.33715e-09
5.45924e-10, 1.99543e-09
-1.97034e-10, 2.3221e-09
-7.13327e-11, 2.8175e-09
2.69554e-10, 2.73468e-09
-8.82414e-11, 2.05354e-09
2.21164e-11, 2.26716e-09
3.15958e-10, 1.90554e-09
-1.94501e-10, 1.93546e-09
1.16996e-10, 1.37186e-09
-8.15454e-10, 1.82814e-09
5.87937e-10, 2.00447e-09
-8.98162e-11, 2.11603e-09
-7.03455e-10, 2.17667e-09
8.29343e-10, 2.45833e-09
2.0927e-10, 2.39399e-09
-4.2526e-10, 2.27619e-09
-4.54747e-11, 2.77275e-09
1.36765e-10, 2.9117e-09
5.37003e-10, 2.04678e-09
-6.35703e-10, 1.56007e-09
-1.49275e-10, 2.08809e-09
1.26624e-10, 2.1223e-09
4.03895e-11, 2.60463e-09
-2.54507e-10, 2.27883e-09
2.02951e-10, 2.20347e-09
7.14994e-10, 2.79715e-09
9.90648e-11, 1.92422e-09
-8.52893e-10, 2.30126e-09
-5.27054e-11, 2.7508e-09
8.80588e-11, 2.62967e-09
-6.88549e-10, 1.99733e-09
2.4188e-10, 2.2726e-09
4.13979e-10, 2.62956e-09
5.27636e-10, 2.45051e-09
-2.37721e-11, 2.58971e-09
-3.27665e-10, 2.65796e-09
1.01526e-10, 2.67705e-09
-3.59201e-11, 2.51665e-09
-6.60141e-11, 2.22496e-09
-4.81271e-11, 1.9376e-09
-2.41221e-10, 2.6092e-09
7.2542e-11, 2.29602e-09
3.02991e-11, 2.29914e-09
-6.98569e-10, 2.94159e-09
7.12437e-10, 2.93128e-09
-2.13637e-10, 2.1559e-09
-1.40729e-10, 2.56142e-09
4.60006e-10, 2.69521e-09
1.16815e-10, 2.73448e-09
-1.47911e-10, 1.92955e-09
3.76844e-10, 2.4283e-09
-2.29126e-10, 2.9741e-09
-4.71766e-10, 2.75077e-09
-1.30668e-10, 2.28481e-09
6.23718e-12, 2.26586e-09
5.56435e-10, 2.6106e-09
-8.77378e-11, 2.41872e-09
1.13075e-10, 2.68897e-09
-1.0075e-10, 2.58895e-09
-4.10269e-10, 2.46e-09
5.25126e-10, 1.85091e-09
1.71229e-10, 2.47531e-09
-2.4156e-10, 2.37005e-09
-4.20544e-10, 1.9921e-09
3.51281e-10, 1.62773e-09
-1.98462e-10, 2.29192e-09
2.75935e-10, 2.13098e-09
3.795e-10, 2.19256e-09
-1.41841e-10, 2.71337e-09
-3.10198e-10, 2.38758e-09
5.37643e-10, 2.46861e-09
-3.83076e-10, 2.54253e-09
5.66196e-10, 2.35421e-09
-5.28381e-10, 2.92247e-09
1.04615e-10, 2.37323e-09
-4.12883e-10, 2.17614e-09
6.43759e-10, 3.09541e-09
-7.76942e-10, 2.03927e-09
4.28971e-10, 2.55131e-09
-3.04284e-10, 2.06691e-09
-5.56938e-10, 2.28039e-09
5.98102e-11, 2.14204e-09
9.05889e-10, 1.98775e-09
-1.20842e-09, 2.78543e-09
9.43537e-10, 2.31513e-09
2.07922e-10, 2.95698e-09
1.34452e-11, 2.91986e-09
-2.83e-10, 2.96159e-09
1.55332e-10, 3.42637e-09
-4.06144e-10, 2.75502e-09
9.49841e-11, 2.90396e-09
1.29202e-10, 2.46277e-09
-6.81567e-11, 3.75017e-09
-1.093e-10, 2.83306e-09
2.25945e-10, 2.35182e-09
3.36259e-10, 2.67039e-09
-8.59757e-10, 2.18966e-09
4.41196e-10, 2.44268e-09
1.86553e-10, 2.53439e-09
4.77827e-10, 2.63801e-09
-1.28403e-09, 3.17875e-09
9.32162e-10, 2.64705e-09
3.76497e-10, 1.99755e-09
-6.07948e-10, 2.03498e-09
9.73511e-10, 2.62011e-09
-6.03674e-10, 2.68033e-09
-3.65834e-10, 2.68813e-09
2.67941e-10, 2.26685e-09
1.90807e-10, 3.78259e-09
-9.27843e-10, 2.84119e-09
6.88568e-10, 3.06901e-09
-7.11453e-11, 2.9074e-09
-5.84696e-10, 3.08408e-09
7.57515e-10, 2.84255e-09
-2.14869e-10, 2.40284e-09
-7.4654e-10, 2.61917e-09
7.98561e-10, 2.50515e-09
2.09097e-10, 3.89109e-09
-5.85327e-10, 3.05444e-09
4.99718e-10, 2.33685e-09
-4.57275e-10, 3.84045e-09
-1.30939e-10, 2.85585e-09
1.96843e-10, 2.99084e-09
6.2106e-10, 2.91715e-09
8.78725e-11, 2.89461e-09
-4.10976e-10, 3.04331e-09
-5.22205e-10, 3.30103e-09
3.90672e-10, 2.60366e-09
-2.95495e-10, 3.55478e-09
-7.40358e-12, 2.19468e-09
-2.22594e-10, 3.80767e-09
1.07079e-09, 3.70248e-09
-1.05823e-09, 2.45854e-09
1.19498e-10, 2.35993e-09
1.18261e-09, 2.8662e-09
-4.12566e-10, 3.41449e-09
-4.20982e-10, 3.34986e-09
-3.61627e-10, 2.85838e-09
4.75667e-10, 2.41733e-09
-2.42133e-10, 3.27581e-09
3.7157e-10, 3.65661e-09
-9.87932e-11, 3.01983e-09
-9.90069e-11, 2.90611e-09
-2.13706e-10, 2.51598e-09
2.14168e-10, 3.4898e-09
-1.60972e-10, 3.20237e-09
9.75596e-10, 3.06934e-09
-1.53968e-10, 3.14646e-09
-7.25204e-10, 2.86715e-09
-6.41714e-10, 2.8922e-09
8.98777e-10, 2.38804e-09
-4.11528e-10, 2.34766e-09
3.89065e-10, 2.7511e-09
-7.95389e-10, 3.32896e-09
5.00133e-10, 2.93961e-09
2.506e-10, 3.77549e-09
-5.3366e-10, 3.69542e-09
1.57293e-10, 3.38226e-09
6.06866e-10, 2.91074e-09
4.58091e-10, 3.83881e-09
-8.38977e-10, 2.95103e-09
3.80719e-10, 3.27699e-09
-8.02794e-10, 3.49934e-09
3.18611e-11, 3.81863e-09
3.27266e-10, 2.24202e-09
-4.87936e-10, 2.95749e-09
1.21039e-09, 3.03464e-09
-1.68687e-10, 3.41067e-09
-1.04645e-09, 3.17475e-09
4.03326e-11, 3.19723e-09
-3.23338e-11, 4.08622e-09
1.21506e-10, 3.44577e-09
9.90321e-10, 3.6732e-09
-2.35897e-10, 2.92141e-09
8.96652e-11, 3.48708e-09
-4.41094e-10, 2.94045e-09
-8.18545e-12, 3.40631e-09
3.30872e-26, 3.14061e-09
-8.46618e-10, 3.3141e-09
1.45789e-09, 3.50515e-09
-8.58396e-10, 4.18496e-09
-9.09803e-11, 3.55366e-09
1.07745e-10, 3.24567e-09
2.49158e-11, 3.74719e-09
-7.32375e-10, 3.86081e-09
6.75512e-10, 3.82593e-09
-3.42632e-10, 4.43146e-09
1.59108e-10, 4.12261e-09
1.21675e-09, 3.16989e-09
-6.97917e-10, 3.09509e-09
3.53889e-10, 3.39802e-09
-1.41002e-09, 4.04118e-09
8.46057e-10, 3.9886e-09
2.96727e-10, 4.25039e-09
-3.0583e-10, 2.70257e-09
-8.34241e-10, 2.56366e-09
1.06626e-09, 2.75549e-09
-6.83799e-11, 2.2295e-09
3.42597e-11, 3.14035e-09
-7.38084e-10, 3.20955e-09
6.87987e-10, 3.2401e-09
1.03408e-10, 3.4674e-09
2.6768e-10, 3.63345e-09
-1.08154e-09, 4.28051e-09
5.28864e-10, 4.1171e-09
-1.12937e-10, 4.08686e-09
3.56907e-10, 3.6983e-09
-1.74453e-11, 4.07587e-09
6.11817e-10, 2.68754e-09
-8.2324e-10, 2.39867e-09
-6.23062e-10, 3.02449e-09
7.38628e-10, 4.60106e-09
4.84598e-10, 3.15474e-09
1.76571e-10, 3.08874e-09
-1.0704e-09, 2.28611e-09
6.20482e-11, 2.89307e-09
-1.15463e-10, 3.67341e-09
4.89476e-10, 3.61228e-09
3.56694e-11, 3.85136e-09
5.8972e-10, 4.03167e-09
-9.84828e-10, 4.05363e-09
5.56191e-10, 3.91241e-09
-4.85389e-10, 3.48981e-09
-2.34171e-10, 3.88353e-09
3.15856e-10, 3.82875e-09
-2.26059e-10, 4.21175e-09
3.35231e-10, 3.45311e-09
2.90504e-10, 3.71184e-09
7.54987e-10, 4.05661e-09
-1.65879e-09, 4.4044e-09
1.80818e-09, 4.11655e-09
-1.8026e-09, 3.2892e-09
3.57563e-10, 3.54557e-09
1.83727e-09, 4.33708e-09
-2.03417e-09, 4.1367e-09
8.66915e-10, 3.91401e-09
-1.04419e-09, 4.15114e-09
1.94433e-09, 3.21933e-09
-7.05043e-10, 3.68018e-09
-9.5739e-10, 3.80321e-09
9.12696e-10, 3.50883e-09
-1.57701e-09, 3.49043e-09
5.04881e-10, 3.86949e-09
9.36788e-10, 3.93841e-09
-5.53782e-10, 3.9225e-09
6.11286e-10, 3.33094e-09
-7.7266e-10, 4.53001e-09
7.36397e-10, 3.99004e-09
-2.55401e-10, 3.07021e-09
1.70598e-10, 3.56486e-09
-8.07161e-10, 3.75483e-09
4.75719e-10, 3.58908e-09
-4.48041e-10, 3.10462e-09
-3.05638e-10, 3.43214e-09
8.13418e-10, 3.89779e-09
-2.78054e-10, 4.13605e-09
1.40255e-09, 4.10823e-09
-1.67475e-09, 4.38413e-09
1.00293e-09, 3.36466e-09
4.54116e-10, 3.39502e-09
-1.79091e-09, 3.63247e-09
9.79612e-10, 3.7786e-09
-5.53909e-10, 3.54298e-09
7.98376e-10, 3.64267e-09
-1.01451e-09, 3.82976e-09
1.11418e-09, 4.89315e-09
-1.67446e-09, 3.82063e-09
1.71689e-09, 2.88462e-09
-2.55567e-10, 4.4859e-09
-5.21955e-10, 3.04684e-09
9.66958e-10, 3.54792e-09
-1.27525e-09, 3.90807e-09
6.73499e-10, 3.51956e-09
-3.7708e-10, 5.12083e-09
4.47388e-10, 4.05432e-09
-1.00604e-09, 3.37674e-09
1.14765e-09, 4.43053e-09
-9.19854e-10, 4.73935e-09
4.80829e-10, 4.65556e-09
2.00723e-10, 3.98107e-09
4.72587e-10, 4.52718e-09
-4.93623e-10, 3.01502e-09
-7.56965e-10, 4.34463e-09
1.33476e-09, 4.55622e-09
-1.47909e-09, 3.89586e-09
-4.2629e-10, 3.6183e-09
2.00324e-09, 3.96211e-09
-1.28366e-09, 4.14486e-09
2.85791e-10, 4.2271e-09
-2.76098e-10, 4.45847e-09
9.32288e-10, 3.60898e-09
4.00296e-10, 3.08098e-09
-1.48077e-09, 2.86941e-09
3.29672e-10, 3.97773e-09
5.16069e-10, 4.01606e-09
-6.41113e-10, 5.43155e-09
8.28777e-10, 4.1387e-09
-3.94398e-10, 3.83115e-09
3.11944e-11, 4.44166e-09
-3.43772e-10, 5.0761e-09
-1.98295e-10, 5.38182e-09
1.17106e-09, 4.80066e-09
-2.51403e-10, 3.74146e-09
-5.35216e-10, 3.99305e-09
4.41578e-10, 4.25172e-09
4.84522e-10, 3.11723e-09
1.05524e-11, 3.67937e-09
-1.14176e-09, 4.64723e-09
-3.70692e-10, 3.28327e-09
2.12212e-11, 5.1894e-09
-1.59451e-10, 5.51483e-09
1.62937e-09, 4.17123e-09
-1.04556e-09, 3.79754e-09
6.51994e-10, 2.82494e-09
-6.42475e-11, 3.52409e-09
-7.0801e-10, 4.16639e-09
1.11768e-09, 4.61599e-09
2.79929e-10, 4.21236e-09
-7.98169e-10, 4.07628e-09
2.37724e-10, 4.94784e-09
-1.22325e-09, 4.33965e-09
2.35334e-09, 4.71953e-09
-1.51017e-09, 4.70954e-09
-3.15641e-10, 3.94818e-09
-6.21519e-10, 4.56565e-09
1.09235e-10, 4.91256e-09
3.93957e-10, 3.99022e-09
7.34519e-10, 5.14426e-09
6.91911e-10, 3.91016e-09
-3.41077e-10, 4.17318e-09
-1.69743e-09, 5.31456e-09
-5.18977e-10, 5.68924e-09
9.29197e-10, 4.9209e-09
1.67334e-09, 4.34346e-09
-1.82066e-09, 4.27596e-09
9.89807e-10, 5.59181e-09
7.79892e-10, 4.86341e-09
-1.38399e-09, 5.23595e-09
5.36695e-10, 4.23551e-09
7.2807e-10, 4.12771e-09
-9.31346e-10, 4.73863e-09
1.20279e-09, 3.87572e-09
-1.86933e-09, 5.37639e-09
8.68638e-10, 5.34268e-09
1.80817e-10, 4.96981e-09
2.0378e-10, 5.32002e-09
-6.80469e-10, 5.25868e-09
2.70397e-09, 4.94189e-09
-1.54786e-09, 5.7659e-09
-3.19241e-10, 5.73444e-09
-5.36814e-10, 4.13417e-09
2.51718e-10, 4.85386e-09
-1.66198e-09, 4.71334e-09
2.3079e-09, 4.5939e-09
-1.0237e-09, 5.72063e-09
1.03703e-10, 5.03304e-09
8.54165e-10, 4.85447e-09
-1.04067e-10, 5.51393e-09
-1.5985e-09, 4.38648e-09
1.35762e-09, 5.50023e-09
-1.18564e-09, 4.2811e-09
2.44529e-10, 5.00816e-09
1.23645e-09, 4.85538e-09
1.86959e-10, 3.91653e-09
-1.20565e-09, 3.61951e-09
4.33852e-10, 3.82133e-09
7.0477e-10, 5.19826e-09
-2.32979e-09, 3.81002e-09
8.95816e-10, 4.86955e-09
7.32066e-10, 5.3416e-09
-7.92477e-10, 4.11499e-09
5.09486e-10, 4.88708e-09
1.09195e-09, 5.55867e-09
-8.08492e-10, 5.57451e-09
-1.66742e-10, 4.57889e-09
4.29506e-10, 4.74843e-09
-5.85615e-10, 4.1422e-09
-1.17325e-09, 4.36682e-09
1.82287e-09, 5.15117e-09
1.44159e-10, 5.44527e-09
-8.6644e-10, 5.76078e-09
5.90674e-10, 5.06614e-09
-5.67538e-10, 4.68322e-09
-1.57248e-10, 5.4278e-09
-1.06627e-09, 4.42313e-09
1.29871e-09, 5.2096e-09
4.01223e-10, 4.64465e-09
1.01086e-09, 5.21409e-09
-1.47619e-09, 4.61236e-09
-3.29959e-10, 4.7053e-09
8.20184e-10, 5.11202e-09
-2.32986e-10, 4.0273e-09
-2.82516e-10, 4.45337e-09
-4.30647e-10, 4.834e-09
4.68354e-10, 4.71032e-09
4.93842e-10, 4.04133e-09
-1.47167e-09, 4.84707e-09
-7.80442e-10, 4.76745e-09
2.2212e-09, 5.19302e-09
2.48599e-11, 5.13624e-09
1.2451e-11, 4.34669e-09
-3.99105e-10, 3.91085e-09
7.49585e-11, 5.58168e-09
-1.28896e-09, 5.20604e-09
1.3162e-09, 6.3739e-09
2.26015e-10, 6.03132e-09
5.40832e-10, 4.91933e-09
-2.7717e-10, 5.1703e-09
-1.26198e-11, 5.17757e-09
4.80358e-10, 5.25181e-09
-1.36752e-09, 5.58625e-09
-1.02736e-09, 6.01044e-09
2.85855e-09, 4.64546e-09
-2.26521e-09, 4.68731e-09
1.98856e-09, 5.81659e-09
-2.20894e-09, 4.56722e-09
1.66267e-10, 4.59909e-09
1.153e-09, 5.10036e-09
-6.41622e-10, 4.37716e-09
9.25473e-10, 6.20076e-09
-4.63506e-10, 5.71104e-09
1.28966e-11, 6.04936e-09
1.16262e-09, 5.79944e-09
-9.96335e-10, 5.69696e-09
-2.46256e-10, 6.35564e-09
-7.52975e-10, 5.40658e-09
1.49544e-09, 5.5461e-09
-8.98747e-10, 5.80269e-09
-5.87108e-10, 5.94455e-09
8.36376e-10, 5.1026e-09
-1.17809e-10, 5.34358e-09
-1.38982e-09, 4.58929e-09
8.27386e-10, 5.70733e-09
-1.31547e-10, 4.22285e-09
1.25175e-09, 5.23418e-09
-1.67614e-09, 5.79955e-09
1.24265e-09, 5.04367e-09
5.69377e-10, 5.26792e-09
-1.4722e-09, 5.36135e-09
1.31519e-09, 5.94444e-09
-3.59275e-10, 7.30883e-09
1.99923e-10, 5.83329e-09
-1.335e-11, 5.31196e-09
-7.88935e-10, 5.05294e-09
1.86171e-09, 5.35332e-09
-1.9989e-09, 5.1159e-09
3.62806e-10, 4.40049e-09
-8.34465e-10, 5.56247e-09
5.12277e-10, 5.6997e-09
9.58704e-10, 5.88242e-09
-1.19018e-09, 5.90084e-09
-1.76107e-10, 6.62137e-09
-6.1059e-10, 6.67628e-09
1.27752e-09, 6.06444e-09
6.12568e-10, 6.16713e-09
5.04481e-10, 5.46756e-09
5.05295e-10, 3.91914e-09
-2.06548e-09, 4.2365e-09
5.48029e-10, 6.19418e-09
6.03803e-10, 6.11726e-09
-1.40198e-09, 5.27875e-09
1.55567e-09, 5.47324e-09
-1.6409e-09, 6.53004e-09
1.21539e-09, 4.97504e-09
6.91671e-11, 4.66455e-09
1.31628e-09, 4.40664e-09
-1.41553e-09, 4.88679e-09
-1.2093e-09, 6.05817e-09
4.45511e-10, 5.35556e-09
1.3805e-09, 6.02321e-09
-1.34081e-09, 4.9917e-09
1.84655e-09, 5.55659e-09
-1.8495e-09, 6.5872e-09
1.90858e-09, 7.40605e-09
-1.34938e-09, 6.3421e-09
8.44701e-10, 5.33215e-09
-9.44748e-10, 5.66817e-09
4.23693e-10, 5.98277e-09
-1.03262e-09, 5.69691e-09
-2.83359e-11, 5.94456e-09
-1.13523e-10, 6.20878e-09
6.25366e-10, 4.3265e-09
-2.84707e-10, 5.6171e-09
1.49707e-09, 6.23525e-09
-2.99887e-09, 7.00611e-09
2.77476e-09, 5.50826e-09
-5.0139e-10, 5.9996e-09
6.88704e-10, 5.69231e-09
-6.75417e-10, 4.92947e-09
-1.10828e-09, 5.09478e-09
1.41275e-09, 5.26317e-09
-5.77538e-11, 4.63571e-09
-5.206e-10, 5.48101e-09
1.01386e-10, 7.46478e-09
-2.9013e-10, 6.90088e-09
-1.59821e-09, 6.03617e-09
1.03319e-09, 6.38187e-09
4.3724e-11, 5.29756e-09
8.32053e-10, 6.2065e-09
-2.19303e-10, 6.94806e-09
-4.10004e-10, 6.48465e-09
-1.02661e-10, 7.25219e-09
7.78499e-10, 8.03278e-09
-8.67979e-10, 6.49716e-09
6.77782e-10, 5.44243e-09
7.52621e-10, 5.25541e-09
-9.31151e-10, 5.62242e-09
1.03622e-09, 6.11334e-09
-1.05265e-09, 5.72358e-09
1.03943e-10, 5.8757e-09
5.50263e-10, 7.72708e-09
8.78803e-10, 5.39507e-09
-6.41473e-10, 6.46615e-09
-1.98716e-09, 7.07274e-09
1.25698e-09, 6.7793e-09
4.49614e-11, 6.0881e-09
-2.55174e-09, 6.14411e-09
2.22493e-09, 5.65692e-09
9.93725e-10, 6.24604e-09
-1.80955e-09, 7.10102e-09
1.96335e-09, 5.5491e-09
-1.21007e-10, 7.89358e-09
-4.69622e-10, 6.4976e-09
6.37237e-10, 4.91957e-09
-1.41318e-09, 6.28232e-09
1.82625e-09, 6.3446e-09
4.87745e-10, 6.53145e-09
-9.61714e-10, 5.72817e-09
-2.5532e-09, 5.46097e-09
6.58413e-10, 5.71231e-09
6.59416e-10, 6.35768e-09
6.14344e-11, 5.91823e-09
-8.76772e-10, 6.55633e-09
2.17216e-09, 6.01192e-09
-1.99031e-09, 6.60441e-09
-4.01757e-10, 7.33e-09
2.56895e-09, 6.50149e-09
-2.09238e-09, 6.46796e-09
-3.10451e-10, 6.59023e-09
2.95375e-10, 6.26033e-09
-8.71895e-10, 6.77882e-09
1.62168e-09, 7.45023e-09
-9.52614e-10, 6.67607e-09
1.25122e-09, 6.28339e-09
-1.48806e-09, 8.03675e-09
2.18054e-09, 6.86498e-09
-9.11237e-10, 7.25324e-09
-1.88815e-10, 6.55694e-09
9.45496e-11, 6.51379e-09
7.89097e-10, 5.66614e-09
2.05473e-10, 5.23274e-09
-3.10255e-09, 6.06563e-09
2.44137e-09, 6.78141e-09
7.4621e-10, 8.4329e-09
-2.7985e-09, 8.06119e-09
2.43642e-09, 6.34213e-09
-7.49562e-10, 5.98248e-09
0, 5.77646e-09
1.23167e-09, 5.50045e-09
-1.39371e-09, 6.91179e-09
3.52957e-10, 8.29413e-09
-4.82021e-11, 7.11362e-09
-1.01375e-09, 8.56255e-09
1.32145e-09, 5.93809e-09
-9.52208e-10, 6.33333e-09
3.71751e-10, 5.48703e-09
-9.22662e-10, 5.93705e-09
1.86427e-09, 6.73978e-09
-6.65637e-10, 5.88941e-09
-9.59285e-10, 6.08672e-09
-2.6053e-10, 7.24542e-09
1.84271e-09, 7.22697e-09
-8.00232e-10, 6.14919e-09
8.50478e-10, 6.70362e-09
9.1725e-10, 6.92435e-09
-4.59301e-10, 6.52579e-09
-5.74971e-10, 5.94698e-09
-1.48067e-09, 5.3891e-09
8.73233e-10, 5.11731e-09
1.56753e-09, 8.62131e-09
-3.86674e-09, 7.86078e-09
3.60763e-09, 6.88369e-09
-1.98876e-09, 6.90321e-09
-4.97919e-10, 6.12865e-09
1.54581e-09, 6.71224e-09
3.32918e-11, 6.52056e-09
5.50117e-10, 7.94133e-09
-1.11854e-09, 8.8762e-09
-6.68757e-11, 7.57967e-09
9.04139e-10, 7.56112e-09
2.51516e-10, 8.12585e-09
-7.22061e-10, 6.35612e-09
3.53148e-10, 5.48498e-09
-1.85251e-09, 5.40489e-09
2.32744e-09, 5.42995e-09
-2.87129e-10, 6.9902e-09
-5.07434e-10, 7.34466e-09
-1.21961e-09, 8.39491e-09
6.27651e-10, 7.37389e-09
-1.08724e-09, 5.41102e-09
1.30998e-09, 9.82393e-09
1.29483e-09, 9.2579e-09
-1.7915e-09, 6.19184e-09
-8.54325e-11, 6.28495e-09
2.56667e-10, 6.85194e-09
1.8164e-09, 6.0284e-09
-2.45395e-09, 8.04397e-09
1.25452e-09, 6.15547e-09
-2.46102e-09, 7.01029e-09
2.61967e-09, 6.80269e-09
4.48744e-10, 7.83212e-09
6.39514e-10, 6.83776e-09
-2.40595e-09, 8.6822e-09
2.7734e-10, 8.01008e-09
5.90192e-10, 7.68682e-09
1.80788e-09, 8.16067e-09
-1.6886e-09, 5.5602e-09
-1.04599e-10, 5.95705e-09
-9.60194e-10, 7.71422e-09
2.6749e-09, 6.34625e-09
-1.71578e-09, 8.78535e-09
6.83782e-10, 8.17874e-09
-1.0008e-09, 8.32519e-09
-7.03313e-10, 7.94444e-09
2.62356e-09, 7.21005e-09
-8.81642e-11, 9.37696e-09
-1.81876e-09, 8.88203e-09
2.05122e-09, 8.30992e-09
-1.25727e-09, 8.41427e-09
-5.31993e-11, 9.61382e-09
-2.07771e-09, 8.5209e-09
1.26262e-09, 8.76691e-09
7.12339e-10, 8.1053e-09
9.63016e-10, 5.59232e-09
-1.62515e-09, 8.44656e-09
1.05516e-09, 9.87019e-09
-2.86548e-09, 8.27902e-09
1.73964e-09, 9.46229e-09
-7.18389e-11, 9.77253e-09
1.11507e-09, 6.94244e-09
-6.6638e-10, 6.88539e-09
8.29636e-10, 6.68008e-09
-8.84984e-10, 5.81252e-09
-4.3407e-10, 7.74598e-09
2.06472e-09, 7.3392e-09
-1.99507e-09, 6.80076e-09
2.05235e-09, 8.46756e-09
-7.82074e-10, 7.60471e-09
5.0997e-10, 8.19222e-09
-2.38926e-09, 8.31038e-09
2.08211e-09, 7.61865e-09
-2.45081e-09, 6.75834e-09
2.1795e-09, 6.71477e-09
-1.1738e-09, 6.30165e-09
1.304e-09, 6.44476e-09
-2.17022e-09, 7.69986e-09
2.61525e-09, 8.14922e-09
-1.01436e-09, 6.17767e-09
4.43243e-10, 7.72865e-09
3.88376e-10, 7.09638e-09
-3.33355e-10, 7.88397e-09
-9.6436e-10, 7.17891e-09
-1.03998e-09, 6.29814e-09
7.81064e-10, 6.86283e-09
1.15459e-09, 8.35122e-09
-2.0513e-09, 7.74069e-09
1.8674e-10, 6.63385e-09
1.77647e-09, 7.93031e-09
-1.31079e-10, 7.72699e-09
-6.18793e-10, 8.98373e-09
4.88205e-10, 7.53601e-09
-1.50424e-10, 9.02906e-09
-1.69459e-10, 6.78214e-09
1.35754e-09, 8.61385e-09
-3.77612e-10, 8.97374e-09
7.94072e-10, 8.93491e-09
-5.11175e-10, 8.77443e-09
5.11876e-10, 7.63991e-09
-2.2971e-09, 6.36283e-09
3.42185e-10, 7.10604e-09
1.19929e-09, 6.44726e-09
-1.6203e-09, 8.21229e-09
2.04245e-09, 8.58924e-09
1.91144e-10, 8.96544e-09
-9.95304e-10, 9.20925e-09
-5.5583e-10, 8.39035e-09
8.06091e-10, 7.21924e-09
-1.65281e-09, 7.50281e-09
2.71353e-09, 1.03752e-08
-4.12401e-09, 6.85557e-09
3.37702e-09, 8.19622e-09
1.35264e-10, 9.40569e-09
-2.12846e-09, 7.7628e-09
-2.3251e-10, 5.46509e-09
2.7163e-10, 6.8323e-09
1.1657e-09, 5.7683e-09
-9.53278e-10, 8.18077e-09
9.74048e-11, 1.07825e-08
5.46204e-10, 7.53537e-09
-1.91429e-09, 7.98244e-09
1.2714e-09, 7.15344e-09
-6.46349e-10, 6.35533e-09
2.11817e-09, 9.9124e-09
-5.30256e-10, 8.75751e-09
4.52308e-10, 8.19834e-09
-2.55996e-10, 6.68966e-09
-2.07044e-09, 5.54401e-09
1.06623e-09, 7.81071e-09
-8.50171e-10, 9.84363e-09
8.71109e-10, 7.66039e-09
2.63665e-09, 9.30559e-09
-1.44912e-09, 6.36305e-09
-2.26604e-09, 1.07725e-08
1.69185e-09, 7.94049e-09
-4.78338e-10, 7.15356e-09
-7.5838e-10, 7.05617e-09
6.79456e-10, 8.09399e-09
