5.62362, 0.103722
5.62329, 0.103722
5.62229, 0.103722
5.62061, 0.103721
5.61826, 0.10372
5.61524, 0.103719
5.61156, 0.103717
5.60722, 0.103713
5.60224, 0.103709
5.59661, 0.103703
5.59036, 0.103697
5.58347, 0.103688
5.57598, 0.103678
5.56788, 0.103667
5.5592, 0.103653
5.54994, 0.103638
5.54012, 0.103621
5.52975, 0.103602
5.51885, 0.103581
5.50743, 0.103558
5.49551, 0.103533
5.48311, 0.103506
5.47024, 0.103477
5.45692, 0.103445
5.44318, 0.103412
5.42901, 0.103377
5.41446, 0.10334
5.39953, 0.1033
5.38424, 0.103259
5.3686, 0.103217
5.35265, 0.103172
5.3364, 0.103126
5.31986, 0.103078
5.30305, 0.103029
5.286, 0.102978
5.26871, 0.102926
5.25121, 0.102873
5.23352, 0.102819
5.21565, 0.102764
5.19761, 0.102708
5.17942, 0.102651
5.16111, 0.102593
5.14268, 0.102535
5.12415, 0.102477
5.10554, 0.102418
5.08685, 0.102358
5.0681, 0.102299
5.04931, 0.10224
5.03049, 0.10218
5.01165, 0.102121
4.99279, 0.102062
4.97395, 0.102003
4.95511, 0.101944
4.9363, 0.101886
4.91753, 0.101829
4.8988, 0.101772
4.88012, 0.101715
4.8615, 0.10166
4.84295, 0.101605
4.82448, 0.101551
4.80609, 0.101498
4.78779, 0.101446
4.76959, 0.101395
4.7515, 0.101345
4.73351, 0.101296
4.71564, 0.101249
4.69788, 0.101202
4.68025, 0.101157
4.66275, 0.101112
4.64538, 0.101069
4.62815, 0.101028
4.61105, 0.100987
4.59409, 0.100948
4.57728, 0.10091
4.56062, 0.100873
4.5441, 0.100838
4.52774, 0.100804
4.51153, 0.100772
4.49547, 0.100741
4.47957, 0.100711
4.46382, 0.100682
4.44823, 0.100655
4.4328, 0.100629
4.41753, 0.100605
4.40241, 0.100582
4.38745, 0.10056
4.37266, 0.10054
4.35802, 0.10052
4.34354, 0.100503
4.32921, 0.100486
4.31505, 0.100471
4.30104, 0.100457
4.28719, 0.100445
4.27349, 0.100433
4.25995, 0.100423
4.24656, 0.100414
4.23332, 0.100407
4.22023, 0.100401
4.2073, 0.100396
4.19451, 0.100392
4.18187, 0.100389
4.16105, 0.100387
4.14057, 0.100388
4.12047, 0.100393
4.10077, 0.100401
4.08144, 0.100411
4.06249, 0.100425
4.04391, 0.100442
4.02568, 0.100462
4.00781, 0.100485
3.99027, 0.100511
3.97307, 0.100539
3.95619, 0.10057
3.93963, 0.100604
3.92338, 0.100641
3.90743, 0.100681
3.89177, 0.100723
3.8764, 0.100767
3.8613, 0.100815
3.84647, 0.100864
3.83191, 0.100916
3.8176, 0.100971
3.80353, 0.101028
3.7897, 0.101087
3.77611, 0.101149
3.76273, 0.101213
3.74958, 0.101279
3.73664, 0.101348
3.7239, 0.101419
3.71135, 0.101491
3.699, 0.101566
3.68683, 0.101644
3.67484, 0.101723
3.66303, 0.101804
3.65138, 0.101888
3.63988, 0.101973
3.62855, 0.10206
3.61736, 0.10215
3.60632, 0.102241
3.59541, 0.102334
3.58464, 0.102429
3.574, 0.102526
3.56348, 0.102625
3.55308, 0.102725
3.54279, 0.102828
3.53262, 0.102932
3.52254, 0.103037
3.51257, 0.103145
3.5027, 0.103254
3.49292, 0.103365
3.48323, 0.103477
3.47362, 0.103591
3.46409, 0.103706
3.45464, 0.103823
3.44527, 0.103942
3.43596, 0.104062
3.42672, 0.104183
3.41755, 0.104306
3.40843, 0.10443
3.39938, 0.104556
3.39037, 0.104682
3.38142, 0.10481
3.37252, 0.10494
3.36367, 0.10507
3.35485, 0.105202
3.34608, 0.105335
3.33735, 0.105469
3.32865, 0.105604
3.31998, 0.10574
3.31135, 0.105877
3.30274, 0.106015
3.29417, 0.106154
3.28561, 0.106293
3.27708, 0.106434
3.26857, 0.106575
3.26008, 0.106718
3.2516, 0.106861
3.24314, 0.107004
3.2347, 0.107149
3.22626, 0.107294
3.21784, 0.107439
3.20942, 0.107585
3.20101, 0.107732
3.19261, 0.107879
3.18421, 0.108026
3.17581, 0.108174
3.16742, 0.108322
3.15903, 0.10847
3.15063, 0.108619
3.14224, 0.108768
3.13384, 0.108917
3.12543, 0.109066
3.11702, 0.109215
3.10861, 0.109364
3.10019, 0.109513
3.09176, 0.109662
3.08333, 0.109811
3.07488, 0.10996
3.06642, 0.110108
3.05796, 0.110256
3.04948, 0.110404
3.02905, 0.110759
3.00851, 0.111112
2.98789, 0.111463
2.96718, 0.111809
2.94638, 0.112151
2.92549, 0.112488
2.90449, 0.112819
2.8834, 0.113144
2.8622, 0.113462
2.8409, 0.113773
2.8195, 0.114075
2.798, 0.114369
2.77639, 0.114653
2.75469, 0.114928
2.7329, 0.115192
2.71101, 0.115446
2.68904, 0.115688
2.66698, 0.115918
2.64485, 0.116136
2.62264, 0.116342
2.60036, 0.116534
2.57802, 0.116713
2.55563, 0.116879
2.53318, 0.11703
2.51069, 0.117167
2.48817, 0.117289
2.46561, 0.117396
2.44304, 0.117487
2.42044, 0.117564
2.39784, 0.117625
2.37524, 0.11767
2.35265, 0.1177
2.33007, 0.117714
2.3075, 0.117712
2.28497, 0.117693
2.26247, 0.117659
2.24002, 0.117609
2.21762, 0.117543
2.19527, 0.117461
2.17298, 0.117363
2.15077, 0.117249
2.12863, 0.11712
2.10657, 0.116975
2.08461, 0.116815
2.06274, 0.11664
2.04097, 0.116449
2.01931, 0.116244
1.99776, 0.116024
1.97633, 0.11579
1.95502, 0.115542
1.93384, 0.11528
1.9128, 0.115004
1.89189, 0.114715
1.87112, 0.114413
1.8505, 0.114098
1.83003, 0.11377
1.80972, 0.11343
1.78956, 0.113079
1.76955, 0.112715
1.74972, 0.112341
1.73005, 0.111955
1.71054, 0.111559
1.69121, 0.111152
1.67205, 0.110736
1.65307, 0.110309
1.63427, 0.109874
1.61564, 0.109429
1.59719, 0.108975
1.57893, 0.108513
1.56084, 0.108043
1.54294, 0.107564
1.52523, 0.107079
1.5077, 0.106586
1.49035, 0.106086
1.47319, 0.10558
1.45622, 0.105067
1.43943, 0.104548
1.42283, 0.104023
1.40641, 0.103493
1.39018, 0.102958
1.37414, 0.102418
1.35827, 0.101873
1.3426, 0.101323
1.3271, 0.100769
1.31179, 0.100212
1.29665, 0.0996502
1.2817, 0.0990853
1.26693, 0.0985172
1.25233, 0.0979459
1.23791, 0.0973719
1.22367, 0.0967952
1.2096, 0.0962161
1.1957, 0.0956348
1.18198, 0.0950514
1.16842, 0.0944662
1.15503, 0.0938794
1.14181, 0.0932911
1.12875, 0.0927014
1.11586, 0.0921106
1.10313, 0.0915188
1.07698, 0.0902823
1.05138, 0.089042
1.02645, 0.0878004
1.00218, 0.0865586
0.978537, 0.0853178
0.955516, 0.0840788
0.933098, 0.0828428
0.911265, 0.0816105
0.890002, 0.0803828
0.869293, 0.0791605
0.849121, 0.0779441
0.829471, 0.0767344
0.810327, 0.0755319
0.791675, 0.0743372
0.773499, 0.0731508
0.755785, 0.0719731
0.738519, 0.0708045
0.721689, 0.0696455
0.705279, 0.0684963
0.689278, 0.0673574
0.673673, 0.0662289
0.658453, 0.0651111
0.643605, 0.0640043
0.629119, 0.0629087
0.614983, 0.0618245
0.601187, 0.0607518
0.587721, 0.0596909
0.574576, 0.0586418
0.561741, 0.0576047
0.549209, 0.0565796
0.536969, 0.0555668
0.525015, 0.0545662
0.513337, 0.053578
0.501928, 0.0526021
0.490781, 0.0516386
0.479888, 0.0506876
0.469242, 0.0497491
0.458837, 0.0488231
0.448667, 0.0479096
0.438724, 0.0470086
0.429004, 0.0461201
0.4195, 0.0452441
0.410207, 0.0443806
0.401119, 0.0435295
0.392232, 0.0426908
0.38354, 0.0418645
0.375038, 0.0410505
0.366722, 0.0402488
0.358588, 0.0394592
0.350631, 0.0386818
0.342846, 0.0379165
0.335231, 0.0371632
0.32778, 0.0364219
0.32049, 0.0356924
0.313358, 0.0349746
0.30638, 0.0342686
0.299551, 0.0335741
0.29287, 0.0328912
0.286333, 0.0322196
0.279936, 0.0315594
0.273676, 0.0309103
0.267551, 0.0302724
0.261557, 0.0296454
0.255692, 0.0290294
0.249953, 0.0284241
0.244338, 0.0278295
0.238843, 0.0272454
0.233466, 0.0266718
0.228204, 0.0261085
0.223056, 0.0255554
0.218018, 0.0250124
0.213089, 0.0244793
0.208266, 0.0239561
0.203547, 0.0234425
0.19893, 0.0229386
0.194412, 0.0224441
0.189993, 0.021959
0.185668, 0.021483
0.181438, 0.0210162
0.177299, 0.0205583
0.17325, 0.0201093
0.169289, 0.0196689
0.165415, 0.0192372
0.161624, 0.0188139
0.157917, 0.018399
0.15429, 0.0179922
0.150743, 0.0175936
0.147273, 0.0172029
0.143879, 0.01682
0.14056, 0.0164449
0.137314, 0.0160773
0.134139, 0.0157172
0.131035, 0.0153644
0.127998, 0.0150188
0.125029, 0.0146804
0.122126, 0.0143489
0.119287, 0.0140243
0.116511, 0.0137064
0.113797, 0.0133951
0.111143, 0.0130904
0.108549, 0.0127921
0.106012, 0.0125
0.103532, 0.0122141
0.101108, 0.0119343
0.0987377, 0.0116604
0.0964209, 0.0113924
0.0941562, 0.0111301
0.0919425, 0.0108735
0.0897787, 0.0106224
0.0876638, 0.0103767
0.0855967, 0.0101363
0.0835765, 0.00990112
0.081602, 0.00967109
0.0796724, 0.00944607
0.0777867, 0.00922598
0.0759439, 0.00901072
0.0741431, 0.00880019
0.0723834, 0.0085943
0.070664, 0.00839297
0.0689839, 0.0081961
0.0673423, 0.0080036
0.0657384, 0.00781539
0.0641713, 0.00763138
0.0626403, 0.00745149
0.0611445, 0.00727562
0.0596832, 0.0071037
0.0582557, 0.00693565
0.0568612, 0.00677139
0.055499, 0.00661084
0.0541683, 0.00645392
0.0528685, 0.00630055
0.0515989, 0.00615066
0.0503588, 0.00600419
0.0491475, 0.00586105
0.0479645, 0.00572117
0.0468091, 0.0055845
0.0456807, 0.00545095
0.0445787, 0.00532047
0.0435025, 0.00519299
0.0424515, 0.00506845
0.0414251, 0.00494677
0.0404229, 0.00482791
0.0394442, 0.0047118
0.0384886, 0.00459839
0.0375555, 0.0044876
0.0366444, 0.0043794
0.0357547, 0.00427372
0.0348861, 0.00417049
0.0340381, 0.00406968
0.0332101, 0.00397122
0.0324018, 0.00387507
0.0316126, 0.00378117
0.0308422, 0.00368948
0.03009, 0.00359994
0.0293558, 0.00351251
0.028639, 0.00342714
0.0279393, 0.00334378
0.0272563, 0.00326239
0.0265896, 0.00318293
0.0259388, 0.00310535
0.0253035, 0.0030296
0.0246835, 0.00295564
0.0240783, 0.00288344
0.0234876, 0.00281295
0.0229111, 0.00274415
0.0223485, 0.00267698
0.0217993, 0.00261143
0.0212633, 0.00254743
0.0207403, 0.00248495
0.0202298, 0.00242396
0.0197317, 0.00236444
0.0192455, 0.00230636
0.0187711, 0.00224966
0.0183081, 0.00219433
0.0178564, 0.00214032
0.0174155, 0.00208762
0.0169854, 0.00203618
0.0165656, 0.00198598
0.016156, 0.00193699
0.0157564, 0.00188919
0.0153664, 0.00184256
0.0149859, 0.00179704
0.0146147, 0.00175262
0.0142525, 0.00170928
0.0138991, 0.00166699
0.0135543, 0.00162572
0.013218, 0.00158545
0.0128898, 0.00154617
0.0125696, 0.00150783
0.0122573, 0.00147043
0.0119525, 0.00143394
0.0116553, 0.00139834
0.0113653, 0.0013636
0.0110824, 0.00132971
0.0108064, 0.00129665
0.0105372, 0.00126439
0.0102746, 0.00123292
0.0100184, 0.00120222
0.00976854, 0.00117227
0.00952479, 0.00114306
0.00928704, 0.00111456
0.00905513, 0.00108677
0.00882892, 0.00105965
0.00860827, 0.00103321
0.00839307, 0.00100741
0.00818316, 0.000982239
0.00797843, 0.00095769
0.00777874, 0.000933745
0.00758399, 0.000910389
0.00739404, 0.000887608
0.00720879, 0.000865389
0.00702812, 0.000843717
0.00685191, 0.000822581
0.00668007, 0.000801968
0.00651248, 0.000781863
0.00634904, 0.000762256
0.00618965, 0.000743134
0.00603421, 0.000724486
0.00588262, 0.000706299
0.0057348, 0.000688563
0.00559065, 0.000671266
0.00545008, 0.000654399
0.005313, 0.000637949
0.00517933, 0.000621909
0.00504898, 0.000606267
0.00492188, 0.000591014
0.00479794, 0.000576139
0.00467709, 0.000561635
0.00455925, 0.000547492
0.00444435, 0.000533702
0.00433231, 0.000520255
0.00422307, 0.000507143
0.00411655, 0.000494357
0.00401269, 0.000481891
0.00391143, 0.000469737
0.0038127, 0.000457887
0.00371644, 0.000446331
0.00362258, 0.000435059
0.00353108, 0.000424068
0.00344187, 0.000413352
0.00335489, 0.000402903
0.00327009, 0.000392714
0.00318742, 0.000382781
0.00310682, 0.000373095
0.00302825, 0.000363652
0.00295164, 0.000354445
0.00287696, 0.000345469
0.00280415, 0.000336718
0.00273317, 0.000328186
0.00266398, 0.000319868
0.00259652, 0.000311758
0.00253076, 0.000303852
0.00246666, 0.000296145
0.00240417, 0.000288632
0.00234325, 0.000281307
0.00228387, 0.000274166
0.00222598, 0.000267213
0.00216954, 0.000260441
0.00211453, 0.000253837
0.00206091, 0.000247397
0.00200864, 0.000241119
0.00195769, 0.000234998
0.00190802, 0.000229032
0.00185961, 0.000223215
0.00181242, 0.000217558
0.00176641, 0.000212051
0.00172157, 0.000206677
0.00167786, 0.000201435
0.00163526, 0.000196324
0.00159374, 0.000191342
0.00155328, 0.000186485
0.00151383, 0.00018175
0.00147539, 0.000177136
0.00143792, 0.000172638
0.0014014, 0.000168254
0.00136581, 0.000163981
0.00133112, 0.000159816
0.00129731, 0.000155757
0.00126435, 0.000151801
0.00123224, 0.000147945
0.00120093, 0.000144187
0.00117043, 0.000140525
0.0011407, 0.000136955
0.00111172, 0.000133476
0.00108348, 0.000130084
0.00105596, 0.00012678
0.00102914, 0.00012356
0.001003, 0.000120422
0.00097753, 0.000117363
0.000952706, 0.000114383
0.000928514, 0.000111478
0.000904939, 0.000108647
0.000881964, 0.000105889
0.000859574, 0.000103201
0.000837755, 0.000100581
0.000816493, 9.80288e-05
0.000795773, 9.55412e-05
0.000775581, 9.3117e-05
0.000755905, 9.07548e-05
0.000736732, 8.84538e-05
0.000697741, 8.37737e-05
0.000660511, 7.93022e-05
0.000625253, 7.50677e-05
0.000591863, 7.10583e-05
0.000560243, 6.72616e-05
0.000530299, 6.36659e-05
0.000501944, 6.02612e-05
0.000475094, 5.70373e-05
0.00044967, 5.39847e-05
0.000425596, 5.10941e-05
0.0004028, 4.83573e-05
0.000381217, 4.57661e-05
0.000360782, 4.33127e-05
0.000341435, 4.09898e-05
0.000323119, 3.87906e-05
0.000305779, 3.67081e-05
0.000289363, 3.47364e-05
0.000273822, 3.28705e-05
0.000259109, 3.11045e-05
0.000245182, 2.94327e-05
0.000231998, 2.78502e-05
0.00021952, 2.63538e-05
0.000207708, 2.49368e-05
0.000196527, 2.35938e-05
0.000185944, 2.23231e-05
0.000175928, 2.11202e-05
0.000166447, 1.99818e-05
0.000157475, 1.89046e-05
0.000148982, 1.78852e-05
0.000140947, 1.69203e-05
0.000133342, 1.60072e-05
0.000126144, 1.51433e-05
0.000119332, 1.43255e-05
0.000112886, 1.35516e-05
0.000106786, 1.28194e-05
0.000101013, 1.21266e-05
9.55517e-05, 1.14705e-05
9.03846e-05, 1.08499e-05
8.5495e-05, 1.02633e-05
8.08679e-05, 9.70803e-06
7.64897e-05, 9.18271e-06
7.23477e-05, 8.68546e-06
6.84298e-05, 8.21432e-06
6.47226e-05, 7.76879e-06
6.12147e-05, 7.34786e-06
5.78964e-05, 6.94885e-06
5.47569e-05, 6.57133e-06
5.17867e-05, 6.21434e-06
4.8977e-05, 5.877e-06
4.63185e-05, 5.55791e-06
4.3804e-05, 5.25742e-06
4.14258e-05, 4.9738e-06
3.91756e-05, 4.70439e-06
3.70467e-05, 4.44995e-06
3.50324e-05, 4.20854e-06
3.31269e-05, 3.98007e-06
3.1326e-05, 3.76336e-06
2.96226e-05, 3.55768e-06
2.80114e-05, 3.36377e-06
2.64884e-05, 3.17961e-06
2.50471e-05, 3.0046e-06
2.36829e-05, 2.84077e-06
2.23923e-05, 2.68653e-06
2.11731e-05, 2.53934e-06
2.00204e-05, 2.39998e-06
1.89293e-05, 2.26899e-06
1.78965e-05, 2.14564e-06
1.69192e-05, 2.02837e-06
1.5997e-05, 1.91741e-06
1.51258e-05, 1.81396e-06
1.43009e-05, 1.71683e-06
1.35222e-05, 1.62354e-06
1.27851e-05, 1.53428e-06
1.20876e-05, 1.45117e-06
1.14303e-05, 1.37286e-06
1.0806e-05, 1.29779e-06
1.02138e-05, 1.22631e-06
9.65441e-06, 1.15816e-06
9.12461e-06, 1.0942e-06
8.62437e-06, 1.03465e-06
8.15492e-06, 9.78867e-07
7.71344e-06, 9.25124e-07
7.29408e-06, 8.73699e-07
6.8957e-06, 8.25622e-07
6.51912e-06, 7.80019e-07
6.16486e-06, 7.35091e-07
5.83024e-06, 6.94043e-07
5.51402e-06, 6.54043e-07
5.21547e-06, 6.17834e-07
4.93079e-06, 5.87757e-07
4.66313e-06, 5.54258e-07
4.41393e-06, 5.19981e-07
4.17987e-06, 4.86513e-07
3.95643e-06, 4.58002e-07
3.74247e-06, 4.33919e-07
3.54379e-06, 4.11208e-07
3.35789e-06, 3.87956e-07
3.17781e-06, 3.67087e-07
3.01106e-06, 3.48345e-07
2.85551e-06, 3.32707e-07
2.70586e-06, 3.21224e-07
2.56119e-06, 3.01797e-07
2.42513e-06, 2.77531e-07
2.30087e-06, 2.52942e-07
2.18418e-06, 2.36964e-07
2.07508e-06, 2.27384e-07
1.95954e-06, 2.16366e-07
1.84074e-06, 2.06289e-07
1.73409e-06, 2.05023e-07
1.63741e-06, 2.08731e-07
1.54675e-06, 2.08649e-07
1.4585e-06, 2.09332e-07
1.38006e-06, 2.08902e-07
1.30522e-06, 2.02403e-07
1.22665e-06, 1.85222e-07
1.15077e-06, 1.66087e-07
1.07595e-06, 1.53668e-07
1.00575e-06, 1.44688e-07
9.37937e-07, 1.36248e-07
8.7203e-07, 1.26498e-07
8.12466e-07, 1.19289e-07
7.58383e-07, 1.11817e-07
7.07328e-07, 1.03381e-07
6.59044e-07, 9.74942e-08
6.13546e-07, 9.01906e-08
5.69776e-07, 8.27652e-08
5.28212e-07, 7.78817e-08
4.8903e-07, 7.40113e-08
4.52603e-07, 6.96762e-08
4.20381e-07, 6.61559e-08
3.92231e-07, 6.37929e-08
3.65892e-07, 5.96399e-08
3.40973e-07, 5.38636e-08
3.18355e-07, 4.86116e-08
2.96675e-07, 4.38889e-08
2.7535e-07, 3.8982e-08
2.55713e-07, 3.45798e-08
2.37979e-07, 3.13849e-08
2.21901e-07, 2.97228e-08
2.07533e-07, 2.81682e-08
1.94458e-07, 2.61599e-08
1.82597e-07, 2.42764e-08
1.71873e-07, 2.2726e-08
1.61716e-07, 2.12727e-08
1.51985e-07, 1.99777e-08
1.42781e-07, 1.87636e-08
1.34409e-07, 1.75441e-08
1.26497e-07, 1.63966e-08
1.19045e-07, 1.54989e-08
1.12301e-07, 1.47283e-08
1.0603e-07, 1.3867e-08
1.00113e-07, 1.30596e-08
9.43649e-08, 1.20562e-08
8.89491e-08, 1.11515e-08
8.40077e-08, 1.05366e-08
7.93413e-08, 9.95586e-09
7.49344e-08, 9.40716e-09
7.06978e-08, 8.91652e-09
6.67013e-08, 8.46907e-09
6.30054e-08, 7.99991e-09
5.9514e-08, 7.5568e-09
5.62158e-08, 7.13821e-09
5.31003e-08, 6.74278e-09
5.01572e-08, 6.36923e-09
4.73771e-08, 6.01639e-09
4.47508e-08, 5.68297e-09
4.227e-08, 5.36806e-09
3.99267e-08, 5.07073e-09
3.77131e-08, 4.78976e-09
3.56221e-08, 4.52432e-09
3.3647e-08, 4.27367e-09
3.17814e-08, 4.0369e-09
3.00192e-08, 3.81313e-09
2.83547e-08, 3.60177e-09
2.67824e-08, 3.40227e-09
2.52973e-08, 3.21369e-09
2.38946e-08, 3.03565e-09
2.25697e-08, 2.86767e-09
2.13183e-08, 2.70887e-09
2.01363e-08, 2.55879e-09
1.90198e-08, 2.41701e-09
1.79653e-08, 2.2832e-09
1.69694e-08, 2.15695e-09
1.60288e-08, 2.03748e-09
1.51403e-08, 1.92466e-09
1.43011e-08, 1.8182e-09
1.35086e-08, 1.71749e-09
1.27602e-08, 1.62247e-09
1.20533e-08, 1.53281e-09
1.13856e-08, 1.4481e-09
1.07551e-08, 1.36807e-09
1.01596e-08, 1.29245e-09
9.59702e-09, 1.22107e-09
9.06577e-09, 1.15368e-09
8.56413e-09, 1.09003e-09
8.09035e-09, 1.0299e-09
7.64283e-09, 9.7318e-10
7.22028e-09, 9.1952e-10
6.82123e-09, 8.68734e-10
6.44432e-09, 8.20934e-10
5.93883e-09, 7.56865e-10
5.46987e-09, 6.97265e-10
5.03775e-09, 6.42364e-10
4.63953e-09, 5.91967e-10
4.27255e-09, 5.45559e-10
3.93454e-09, 5.02637e-10
3.62293e-09, 4.63121e-10
3.33552e-09, 4.26747e-10
3.07094e-09, 3.93216e-10
2.82727e-09, 3.62472e-10
2.6026e-09, 3.34042e-10
2.39555e-09, 3.0768e-10
2.20465e-09, 2.83371e-10
2.02867e-09, 2.61161e-10
1.86629e-09, 2.40721e-10
1.71659e-09, 2.21772e-10
1.57878e-09, 2.04493e-10
1.45176e-09, 1.88515e-10
1.33462e-09, 1.7371e-10
1.22675e-09, 1.59963e-10
1.12745e-09, 1.47231e-10
1.03589e-09, 1.35577e-10
9.51396e-10, 1.24676e-10
8.73477e-10, 1.14685e-10
8.01739e-10, 1.05782e-10
7.35772e-10, 9.76017e-11
6.75186e-10, 8.99794e-11
6.19524e-10, 8.29331e-11
5.68264e-10, 7.62122e-11
5.21069e-10, 6.98551e-11
4.77725e-10, 6.42666e-11
4.37685e-10, 5.92015e-11
4.00776e-10, 5.44824e-11
3.6675e-10, 5.03532e-11
3.35344e-10, 4.64339e-11
3.06594e-10, 4.26895e-11
2.80163e-10, 3.91539e-11
2.55678e-10, 3.59735e-11
2.33217e-10, 3.33025e-11
2.12618e-10, 3.06734e-11
1.93602e-10, 2.81555e-11
1.76026e-10, 2.59269e-11
1.59796e-10, 2.39904e-11
1.4487e-10, 2.21354e-11
1.31294e-10, 2.04597e-11
1.18879e-10, 1.89643e-11
1.07399e-10, 1.74033e-11
9.66818e-11, 1.58238e-11
8.68618e-11, 1.43051e-11
7.80609e-11, 1.3177e-11
6.99823e-11, 1.21946e-11
6.24129e-11, 1.11509e-11
5.56169e-11, 1.04418e-11
4.94243e-11, 9.82542e-12
4.35672e-11, 9.05015e-12
3.8387e-11, 8.2651e-12
3.35327e-11, 7.53014e-12
2.90352e-11, 6.88627e-12
2.48038e-11, 6.37847e-12
2.08803e-11, 5.93583e-12
1.7399e-11, 5.59078e-12
1.43358e-11, 5.20129e-12
1.15037e-11, 4.91279e-12
8.83844e-12, 4.58267e-12
6.38856e-12, 4.22158e-12
4.0998e-12, 3.85876e-12
2.11926e-12, 3.32587e-12
8.37979e-13, 2.63401e-12
1.2669e-13, 2.2249e-12
-1.93943e-13, 2.26465e-12
-2.26734e-13, 2.25641e-12
-3.7538e-13, 2.32088e-12
-3.51399e-13, 2.25159e-12
-3.36797e-13, 2.0462e-12
-5.40226e-13, 2.10559e-12
-5.53548e-13, 2.17354e-12
-4.2224e-13, 2.18732e-12
-3.43086e-13, 2.23534e-12
-2.98392e-13, 2.16815e-12
-3.42197e-13, 2.09653e-12
-3.37508e-13, 2.18571e-12
-2.43432e-13, 2.3131e-12
-2.48299e-13, 2.25097e-12
-4.15028e-13, 2.17609e-12
-3.08198e-13, 2.22664e-12
-3.99254e-13, 2.34948e-12
-4.79687e-13, 2.24982e-12
-3.56266e-13, 2.2586e-12
-5.41966e-13, 2.17214e-12
-4.49063e-13, 2.2545e-12
-3.96021e-13, 2.40543e-12
-4.06324e-13, 2.20371e-12
-3.40847e-13, 2.07796e-12
-3.98366e-13, 2.14737e-12
-3.69482e-13, 2.15746e-12
-2.9825e-13, 2.22511e-12
-3.29869e-13, 2.21591e-12
-4.30553e-13, 2.10743e-12
-4.09699e-13, 2.16018e-12
-4.04938e-13, 2.2387e-12
-4.92939e-13, 2.19066e-12
-4.09308e-13, 2.14654e-12
-3.37046e-13, 2.25007e-12
-4.07177e-13, 2.35095e-12
-4.08384e-13, 2.28545e-12
-3.51399e-13, 2.20895e-12
-4.74749e-13, 2.21017e-12
-6.07834e-13, 2.16423e-12
-4.30269e-13, 2.21575e-12
-3.66605e-13, 2.27832e-12
-3.66498e-13, 2.29511e-12
-4.34781e-13, 2.3284e-12
-5.31735e-13, 2.15957e-12
-5.87654e-13, 2.14199e-12
-3.9293e-13, 2.15987e-12
-2.05027e-13, 2.22703e-12
-3.3765e-13, 2.25476e-12
-3.78542e-13, 2.17197e-12
-3.64295e-13, 2.27478e-12
-4.64944e-13, 2.34291e-12
-5.20153e-13, 2.34783e-12
-5.91491e-13, 2.29453e-12
-4.32827e-13, 2.2875e-12
-1.3948e-13, 2.36586e-12
-3.70441e-13, 2.49744e-12
-5.83071e-13, 2.33624e-12
-3.56231e-13, 2.19596e-12
-2.70077e-13, 2.23528e-12
-4.10694e-13, 2.16751e-12
-4.51621e-13, 2.19178e-12
-3.13882e-13, 2.20741e-12
-4.21885e-13, 2.2712e-12
-4.94431e-13, 2.19141e-12
-3.84155e-13, 2.29408e-12
-4.37375e-13, 2.21114e-12
-4.16023e-13, 2.18056e-12
-4.06573e-13, 2.37087e-12
-2.5846e-13, 2.35053e-12
-3.27631e-13, 2.37986e-12
-3.84084e-13, 2.40076e-12
-2.36398e-13, 2.2782e-12
-3.46674e-13, 2.32854e-12
-4.73257e-13, 2.31813e-12
-5.11555e-13, 2.16138e-12
-3.5925e-13, 2.2084e-12
-2.63434e-13, 2.32271e-12
-4.23093e-13, 2.31868e-12
-4.10445e-13, 2.1734e-12
-3.28981e-13, 2.08884e-12
-3.63727e-13, 2.11259e-12
-4.73435e-13, 2.11772e-12
-4.62066e-13, 2.29908e-12
-4.97202e-13, 2.34242e-12
-4.18368e-13, 2.24714e-12
-2.82547e-13, 2.36432e-12
-3.63976e-13, 2.21706e-12
-2.83435e-13, 1.99817e-12
-2.28582e-13, 2.32728e-12
-3.67386e-13, 2.51302e-12
-3.89946e-13, 2.29796e-12
-3.24647e-13, 2.1286e-12
-3.40421e-13, 2.13772e-12
-3.27418e-13, 2.30083e-12
-4.49454e-13, 2.23019e-12
-6.4464e-13, 2.19185e-12
-6.43148e-13, 2.34823e-12
-6.02647e-13, 2.40705e-12
-3.63727e-13, 2.3193e-12
-6.53699e-14, 2.24076e-12
-1.8769e-13, 2.34843e-12
-3.63691e-13, 2.36395e-12
-5.06759e-13, 2.22068e-12
-5.78133e-13, 2.2287e-12
-5.51843e-13, 2.12472e-12
-4.61924e-13, 2.01382e-12
-4.15135e-13, 2.1585e-12
-3.15978e-13, 2.06725e-12
-3.10507e-13, 2.13642e-12
-5.52056e-13, 2.31851e-12
-6.79883e-13, 2.39933e-12
-6.61764e-13, 2.25762e-12
-3.51186e-13, 2.25401e-12
-3.26281e-13, 2.19324e-12
-5.45093e-13, 2.35354e-12
-5.01466e-13, 2.46593e-12
-4.23093e-13, 2.23367e-12
-4.20108e-13, 2.11114e-12
-5.32054e-13, 2.17792e-12
-4.25615e-13, 2.1332e-12
-4.01776e-13, 2.1557e-12
-3.81597e-13, 2.14612e-12
-4.26397e-13, 2.08012e-12
-6.31104e-13, 2.21712e-12
-4.25509e-13, 2.4135e-12
-3.92077e-13, 2.18884e-12
-4.24123e-13, 2.06999e-12
-4.84519e-13, 2.12422e-12
-5.39906e-13, 2.15955e-12
-4.31655e-13, 2.25391e-12
-3.78826e-13, 2.25726e-12
-3.8991e-13, 2.2539e-12
-5.22462e-13, 2.16122e-12
-5.37845e-13, 2.08763e-12
-3.65539e-13, 2.3599e-12
-3.4067e-13, 2.15374e-12
-4.20783e-13, 2.01985e-12
-4.77627e-13, 2.32357e-12
-5.09139e-13, 2.51397e-12
-5.4726e-13, 2.33168e-12
-5.31202e-13, 2.21375e-12
-3.50084e-13, 2.23489e-12
-2.25846e-13, 2.44208e-12
-4.36877e-13, 2.33736e-12
-5.96501e-13, 2.1365e-12
-5.69393e-13, 2.15377e-12
-5.45164e-13, 2.31497e-12
-4.85727e-13, 2.38773e-12
-2.61373e-13, 2.38704e-12
-1.58416e-13, 2.37979e-12
-2.9587e-13, 2.20586e-12
-4.09592e-13, 2.24468e-12
-3.99538e-13, 2.29216e-12
-4.73293e-13, 2.17402e-12
-5.39906e-13, 2.16741e-12
-4.07603e-13, 2.24989e-12
-4.07567e-13, 2.29548e-12
-4.73221e-13, 2.31027e-12
-3.62768e-13, 2.24519e-12
-1.41895e-13, 2.01917e-12
-1.05551e-13, 2.12456e-12
-2.64535e-13, 2.21355e-12
-4.28741e-13, 2.27304e-12
-2.42331e-13, 2.16903e-12
-1.79377e-13, 2.06617e-12
-4.14637e-13, 2.25083e-12
-5.14824e-13, 2.286e-12
-6.18705e-13, 2.16438e-12
-5.76499e-13, 2.28013e-12
-4.60538e-13, 2.39507e-12
-3.06954e-13, 2.39826e-12
-2.09219e-13, 2.41155e-12
-2.66667e-13, 2.29996e-12
-3.68487e-13, 2.43677e-12
-5.41718e-13, 2.35707e-12
-6.06413e-13, 2.34567e-12
-5.14113e-13, 2.40659e-12
-3.98011e-13, 2.28821e-12
-3.34701e-13, 2.30508e-12
-2.93596e-13, 2.34903e-12
-3.98508e-13, 2.15023e-12
-4.17266e-13, 2.10935e-12
-3.49942e-13, 2.29482e-12
-4.97025e-13, 2.17819e-12
-4.56879e-13, 2.01476e-12
-5.80584e-13, 2.05008e-12
-5.99094e-13, 2.33465e-12
-4.89706e-13, 2.16049e-12
-4.82316e-13, 1.96923e-12
-4.24905e-13, 1.98071e-12
-6.47482e-13, 1.98185e-12
-5.33156e-13, 2.20623e-12
-4.33147e-13, 2.35491e-12
-5.19407e-13, 2.31782e-12
-4.77058e-13, 2.2008e-12
-3.15943e-13, 2.33385e-12
-2.91429e-13, 2.34869e-12
-3.28519e-13, 2.19664e-12
-3.69624e-13, 2.06111e-12
-4.06892e-13, 2.23038e-12
-3.67706e-13, 2.43384e-12
-4.42881e-13, 2.35791e-12
-6.06057e-13, 2.26337e-12
-5.10489e-13, 2.18431e-12
-1.74083e-13, 2.17527e-12
-3.92646e-13, 2.23975e-12
-5.31095e-13, 2.14014e-12
-2.7967e-13, 2.04784e-12
-3.16049e-13, 2.15013e-12
-4.70344e-13, 2.27842e-12
-3.70051e-13, 2.28718e-12
-3.32072e-13, 2.08313e-12
-3.64828e-13, 2.19192e-12
-4.58371e-13, 2.54572e-12
-6.15721e-13, 2.46853e-12
-4.1549e-13, 2.24382e-12
-3.3662e-13, 2.16341e-12
-4.43414e-13, 2.19568e-12
-6.91038e-13, 2.30496e-12
-6.48051e-13, 2.38524e-12
-3.14841e-13, 2.30088e-12
-2.0723e-13, 2.13338e-12
-2.89155e-13, 2.36394e-12
-5.16422e-13, 2.43336e-12
-5.3312e-13, 2.25042e-12
-2.91926e-13, 2.19499e-12
-3.07239e-13, 2.31331e-12
-5.02141e-13, 2.18228e-12
-5.54827e-13, 2.18116e-12
-3.26885e-13, 2.17443e-12
-5.65166e-13, 2.21329e-12
-7.93072e-13, 2.48829e-12
-3.74918e-13, 2.27151e-12
-3.37153e-13, 2.32091e-12
-6.54445e-13, 2.41516e-12
-6.23537e-13, 2.35098e-12
-3.64544e-13, 2.36844e-12
-3.81704e-13, 2.38228e-12
-4.86899e-13, 2.52188e-12
-5.48113e-13, 2.36378e-12
-5.59623e-13, 2.31122e-12
-5.73053e-13, 2.4028e-12
-3.41771e-13, 2.3732e-12
-3.28662e-13, 2.30574e-12
-2.41194e-13, 2.38105e-12
-2.70788e-13, 2.45213e-12
-5.80727e-13, 2.46355e-12
-3.57225e-13, 2.40234e-12
-3.40066e-13, 2.09664e-12
-5.15286e-13, 2.25089e-12
-4.4686e-13, 2.22411e-12
-4.52864e-13, 2.042e-12
-4.29097e-13, 2.36363e-12
-3.70264e-13, 2.52984e-12
-3.52465e-13, 2.20966e-12
-3.46603e-13, 2.09704e-12
-3.17044e-13, 2.17648e-12
-3.33031e-13, 2.19264e-12
-2.49756e-13, 2.3559e-12
-1.54863e-13, 2.31423e-12
-4.36913e-13, 2.39151e-12
-3.23048e-13, 2.36531e-12
-2.91642e-13, 2.32741e-12
-5.24842e-13, 2.38405e-12
-6.40945e-13, 2.36652e-12
-4.70415e-13, 2.23548e-12
-3.00275e-13, 2.27832e-12
-4.60751e-13, 2.39849e-12
-1.84848e-13, 2.48007e-12
-2.25562e-13, 2.53974e-12
-4.69562e-13, 2.42268e-12
-5.48575e-13, 2.16712e-12
-6.47624e-13, 2.00234e-12
-3.75628e-13, 2.17721e-12
-2.66098e-13, 2.1777e-12
-3.96341e-13, 1.95008e-12
-2.3924e-13, 2.01563e-12
-2.59917e-13, 2.17476e-12
-3.47669e-13, 2.40228e-12
-2.00124e-13, 2.18459e-12
-6.87095e-14, 2.06874e-12
-7.30438e-14, 2.2748e-12
-2.08864e-13, 1.98979e-12
-3.73781e-13, 2.02885e-12
-3.90088e-13, 2.31445e-12
-3.32285e-13, 2.40152e-12
-4.60716e-13, 2.08535e-12
-6.33094e-13, 1.75032e-12
-5.24807e-13, 2.02617e-12
-3.39604e-13, 2.42482e-12
-5.85771e-13, 2.37197e-12
-6.75335e-13, 2.40038e-12
-4.39009e-13, 2.4728e-12
-2.92353e-13, 2.25274e-12
-1.11733e-13, 2.47184e-12
-1.3717e-13, 2.55094e-12
-6.15259e-13, 2.25202e-12
-5.64135e-13, 2.11825e-12
-3.85008e-13, 2.52949e-12
-6.4091e-13, 2.47374e-12
-7.61844e-13, 2.2964e-12
-6.10889e-13, 2.18177e-12
-1.60263e-13, 2.10786e-12
-1.64881e-13, 2.42524e-12
-3.94884e-13, 2.57721e-12
-3.73461e-13, 2.5912e-12
-6.62475e-13, 2.42933e-12
-5.97602e-13, 2.33375e-12
-2.91074e-13, 2.64022e-12
-4.93152e-13, 2.56512e-12
-6.63078e-13, 2.47779e-12
-4.1279e-13, 2.33306e-12
-3.65716e-13, 2.19426e-12
-2.65814e-13, 2.38427e-12
-8.22098e-14, 2.36148e-12
-3.25109e-13, 2.05627e-12
-4.42313e-13, 1.94081e-12
-4.74962e-13, 2.16448e-12
-4.27001e-13, 2.23351e-12
-3.79003e-13, 2.35927e-12
-2.60876e-13, 2.42838e-12
-4.34106e-13, 2.42268e-12
-4.31477e-13, 2.44156e-12
-2.34159e-13, 2.2895e-12
-4.12292e-13, 2.33257e-12
-4.58442e-13, 2.42176e-12
-4.23199e-13, 2.33252e-12
-8.72902e-14, 2.14178e-12
-1.48148e-14, 2.07589e-12
-1.67404e-13, 2.22037e-12
-2.51887e-13, 2.47764e-12
-7.15659e-13, 2.63654e-12
-6.05951e-13, 2.48957e-12
-3.89839e-13, 2.45549e-12
-3.58256e-13, 2.6811e-12
-4.30305e-13, 2.32787e-12
-4.8157e-13, 2.06254e-12
-2.83826e-13, 2.29796e-12
-4.10267e-13, 2.49772e-12
-4.28031e-13, 2.58165e-12
-3.46709e-13, 2.70613e-12
-5.69038e-13, 2.43741e-12
-7.21094e-13, 2.372e-12
-9.23848e-13, 2.48922e-12
-6.67733e-13, 2.49399e-12
-3.84901e-13, 2.26707e-12
-4.55564e-13, 2.12264e-12
-3.47811e-13, 2.3424e-12
-3.79998e-13, 2.17263e-12
-4.97451e-13, 2.17346e-12
-8.64624e-13, 2.36489e-12
-9.93694e-13, 2.1129e-12
-6.0222e-13, 2.12769e-12
-3.26246e-13, 2.48091e-12
-3.58931e-13, 2.33833e-12
-6.64215e-13, 2.04947e-12
-7.73603e-13, 2.08776e-12
-6.80167e-13, 2.37239e-12
-7.0596e-13, 2.39583e-12
-4.54499e-13, 2.25852e-12
-6.08011e-13, 2.64987e-12
-8.3844e-13, 2.80837e-12
-7.04112e-13, 2.7625e-12
-1.10646e-12, 2.52212e-12
-1.1817e-12, 2.38781e-12
-6.5242e-13, 2.31413e-12
-2.38742e-13, 2.36287e-12
1.40155e-13, 1.96338e-12
-6.08935e-14, 2.15405e-12
-5.86731e-13, 2.24532e-12
-6.46452e-13, 2.0222e-12
-5.98419e-13, 2.25621e-12
-5.76676e-13, 2.58332e-12
-1.83675e-13, 2.55656e-12
-1.21538e-13, 2.22987e-12
-1.76676e-13, 2.57685e-12
-1.94085e-13, 2.67211e-12
-4.29203e-13, 2.30727e-12
-3.63514e-13, 2.33636e-12
-3.27027e-13, 2.37198e-12
-5.17488e-13, 2.36439e-12
-5.14646e-13, 2.4387e-12
-3.87459e-13, 2.55468e-12
-3.2351e-13, 2.4841e-12
-2.47447e-13, 2.27611e-12
-4.29736e-13, 2.24233e-12
-4.64127e-13, 2.27133e-12
-3.75238e-13, 2.4036e-12
-4.81855e-13, 2.5219e-12
-3.79856e-13, 2.38388e-12
-6.23892e-13, 2.4031e-12
-7.77582e-13, 2.46517e-12
-3.08908e-13, 2.27455e-12
-1.11697e-13, 2.41438e-12
-3.09619e-13, 2.72512e-12
-2.86668e-13, 2.44947e-12
-4.75637e-13, 2.28607e-12
-8.60183e-13, 2.41291e-12
-7.84617e-13, 2.61109e-12
-4.8658e-13, 2.54791e-12
-2.44036e-13, 2.08951e-12
-3.60529e-13, 2.24871e-12
-3.78115e-13, 2.40514e-12
-2.58638e-13, 2.57792e-12
-1.61791e-13, 2.42313e-12
-2.6148e-13, 2.00924e-12
-2.43219e-13, 2.3279e-12
-8.20322e-14, 2.39665e-12
-2.53948e-13, 2.43306e-12
-3.66818e-13, 2.64648e-12
-4.15881e-13, 2.58662e-12
-5.21538e-13, 2.43562e-12
-9.506e-13, 2.56911e-12
-8.90275e-13, 2.52109e-12
-4.94218e-13, 2.54732e-12
-5.64242e-13, 2.44363e-12
-5.4083e-13, 2.16693e-12
-4.13038e-13, 2.12164e-12
-2.56541e-13, 2.08924e-12
-7.06457e-13, 2.36233e-12
-1.02528e-12, 2.39894e-12
-7.7101e-13, 2.42623e-12
-8.07958e-13, 2.4406e-12
-6.23395e-13, 2.50241e-12
-1.22782e-13, 2.69565e-12
-1.20437e-14, 2.75007e-12
-1.81295e-13, 2.48474e-12
-4.30376e-13, 2.01427e-12
-4.85869e-13, 2.29752e-12
-4.06288e-13, 2.07417e-12
-3.76872e-13, 2.43174e-12
-2.64819e-13, 2.78021e-12
-3.82556e-13, 2.63962e-12
-4.89422e-13, 2.65514e-12
-4.76064e-13, 2.19903e-12
-3.79181e-13, 2.52508e-12
-1.56071e-13, 2.72817e-12
-2.88338e-13, 2.67184e-12
-6.41691e-13, 2.71705e-12
-7.46887e-13, 2.53982e-12
-6.22329e-13, 2.37999e-12
-3.02265e-13, 2.41423e-12
-3.43405e-13, 2.59261e-12
-3.37508e-13, 2.38995e-12
-2.56186e-13, 2.3526e-12
-3.2415e-13, 2.66238e-12
-3.40705e-13, 2.43942e-12
-3.24079e-13, 2.50228e-12
-2.74909e-13, 2.47822e-12
-2.77502e-13, 2.24827e-12
-4.26397e-13, 2.28647e-12
-5.03135e-13, 2.13675e-12
-6.41975e-14, 2.30688e-12
-3.60814e-13, 2.29826e-12
-6.45279e-13, 2.32018e-12
-1.5433e-13, 2.33598e-12
-2.46452e-13, 2.28916e-12
-5.80052e-13, 2.28844e-12
-3.82023e-13, 2.14377e-12
-6.56044e-13, 2.20131e-12
-8.59472e-13, 2.2318e-12
-4.39577e-13, 2.48799e-12
-5.35287e-13, 2.57345e-12
-7.9627e-13, 2.52695e-12
-6.18812e-13, 2.23022e-12
-6.69864e-13, 2.24197e-12
-5.87583e-13, 2.36734e-12
-5.76854e-13, 2.50317e-12
-6.66986e-13, 2.25851e-12
-5.53797e-13, 2.31991e-12
-6.44569e-13, 2.5141e-12
-5.42144e-13, 2.32082e-12
-3.82592e-13, 2.19585e-12
-2.4567e-13, 2.35203e-12
-3.60103e-13, 2.15618e-12
-2.36682e-13, 2.33646e-12
-8.21387e-14, 2.35386e-12
-2.8308e-13, 2.60217e-12
-1.93729e-13, 2.65139e-12
-6.70752e-14, 2.64391e-12
-2.83578e-13, 2.48607e-12
-4.82849e-13, 2.15511e-12
-4.56808e-13, 2.37404e-12
-4.9166e-13, 2.475e-12
-6.45528e-13, 2.05299e-12
-7.15303e-13, 2.39081e-12
-4.76348e-13, 2.2918e-12
-4.32898e-13, 2.39481e-12
-6.3423e-13, 2.4956e-12
-5.05445e-13, 2.50208e-12
-6.8745e-13, 2.24081e-12
-5.46017e-13, 2.13334e-12
-2.34124e-14, 2.57922e-12
-4.15099e-13, 2.54379e-12
-4.6164e-13, 2.82986e-12
-4.06111e-13, 2.83823e-12
-6.18527e-13, 2.39069e-12
-2.18883e-13, 2.41101e-12
-4.09202e-13, 2.46726e-12
-5.9579e-13, 2.38537e-12
-4.56239e-13, 2.04009e-12
-4.38121e-13, 1.96515e-12
-4.59259e-13, 2.0679e-12
-4.59046e-13, 2.55642e-12
-3.2454e-13, 2.82791e-12
-5.01323e-13, 2.34733e-12
-7.41238e-13, 2.29472e-12
-5.90781e-13, 2.68792e-12
-7.80709e-13, 2.47973e-12
-7.62057e-13, 2.64088e-12
-4.66827e-13, 2.75586e-12
-5.06013e-13, 2.21329e-12
-5.0612e-13, 2.15796e-12
-7.27454e-13, 2.07396e-12
-4.26539e-13, 2.16286e-12
-2.32419e-13, 2.23696e-12
-5.03313e-13, 2.25662e-12
-5.21538e-13, 2.34728e-12
-7.60068e-13, 2.7019e-12
-5.14859e-13, 2.16702e-12
-4.20606e-13, 2.02369e-12
-9.44702e-13, 2.1039e-12
-4.77414e-13, 2.3251e-12
-3.98224e-13, 2.41553e-12
-6.40945e-13, 2.51529e-12
-3.79003e-13, 2.34307e-12
-3.17257e-13, 2.21215e-12
-1.50209e-13, 2.7364e-12
-1.07008e-13, 2.90442e-12
-4.26539e-13, 2.44757e-12
-7.4639e-13, 2.33804e-12
-5.50138e-13, 2.72045e-12
-3.10507e-13, 2.90933e-12
-1.0747e-13, 2.93765e-12
3.45501e-13, 2.76376e-12
1.22924e-13, 2.62841e-12
-6.50893e-13, 2.41941e-12
-9.80123e-13, 2.4938e-12
-7.85114e-13, 2.4136e-12
-6.09077e-13, 2.51212e-12
-4.57803e-13, 2.75159e-12
-5.36957e-13, 2.33091e-12
-5.61897e-13, 2.3817e-12
-3.94387e-13, 2.80928e-12
-7.62164e-13, 2.55291e-12
-6.66418e-13, 2.47162e-12
3.94351e-15, 2.46199e-12
-9.09495e-15, 2.6462e-12
-5.82681e-13, 2.71329e-12
-6.20517e-13, 2.61714e-12
-4.38689e-13, 2.43455e-12
-5.47402e-13, 2.4678e-12
-5.66658e-13, 2.2929e-12
-6.98286e-13, 2.23935e-12
-5.27649e-13, 2.35583e-12
-1.64135e-13, 2.56635e-12
-3.99609e-13, 2.64575e-12
-7.44684e-13, 2.68184e-12
-6.5743e-13, 2.34571e-12
-3.27454e-13, 2.61404e-12
-4.12044e-13, 2.332e-12
-5.22036e-13, 2.1465e-12
-6.23039e-13, 2.62042e-12
-9.38485e-13, 2.20606e-12
-6.61302e-13, 1.95181e-12
-6.09468e-13, 2.29451e-12
-1.05373e-12, 2.34299e-12
-8.96421e-13, 2.38893e-12
-6.41194e-13, 2.71482e-12
-6.96936e-13, 2.60224e-12
-5.49072e-13, 2.2459e-12
-1.57705e-13, 2.43202e-12
-1.1525e-13, 2.47074e-12
-4.44942e-13, 2.25286e-12
-8.74323e-13, 2.32589e-12
-1.05917e-12, 2.69656e-12
-5.55751e-13, 2.73461e-12
-5.46336e-13, 2.74853e-12
-7.05249e-13, 2.74102e-12
-7.45395e-13, 2.21283e-12
-7.91722e-13, 2.12334e-12
-4.58478e-13, 2.12556e-12
-4.65334e-13, 2.65243e-12
-5.48681e-13, 2.76905e-12
-7.76552e-13, 2.80924e-12
-1.04105e-12, 2.88249e-12
-5.10596e-13, 2.35072e-12
-4.33893e-13, 2.1418e-12
-7.16085e-13, 2.70208e-12
-9.48859e-13, 2.73577e-12
-8.20037e-13, 2.27634e-12
5.32907e-16, 2.12632e-12
6.78924e-14, 2.5994e-12
-3.65468e-13, 2.6689e-12
-3.1104e-13, 2.28656e-12
-3.24967e-13, 2.52514e-12
-6.00231e-13, 2.74397e-12
-4.53717e-13, 2.58249e-12
-3.0731e-13, 2.55551e-12
-6.59064e-13, 2.15735e-12
-4.94431e-13, 2.28858e-12
4.79616e-15, 2.96545e-12
-2.52349e-13, 3.23851e-12
-2.24532e-13, 2.98853e-12
-4.96669e-14, 2.55874e-12
5.38236e-14, 2.55118e-12
-6.71818e-14, 2.70332e-12
-5.22249e-13, 2.33582e-12
-6.77574e-13, 2.21603e-12
-7.6394e-13, 2.60943e-12
-7.36229e-13, 2.20611e-12
-8.92371e-13, 2.61476e-12
-9.82325e-13, 2.75787e-12
-4.88818e-13, 1.9864e-12
-4.78835e-13, 2.15409e-12
-7.01483e-13, 2.42794e-12
-5.30669e-13, 2.48996e-12
-6.56541e-13, 2.62068e-12
-7.71827e-13, 2.73532e-12
-7.29798e-13, 2.11492e-12
-9.43778e-13, 1.91421e-12
-1.02077e-12, 2.09086e-12
-9.71703e-13, 2.62523e-12
-5.31415e-13, 2.81309e-12
-3.87566e-13, 2.52687e-12
-7.0127e-13, 2.34155e-12
-2.02824e-13, 2.3214e-12
-2.81268e-13, 2.23767e-12
-9.32729e-13, 2.56774e-12
-7.97762e-13, 2.81651e-12
-5.031e-13, 2.93176e-12
-5.6005e-13, 2.80374e-12
-9.80158e-13, 2.59048e-12
-9.19123e-13, 2.73293e-12
-4.30376e-13, 2.64063e-12
-4.16236e-13, 2.47933e-12
-5.20046e-13, 2.62979e-12
-3.87459e-13, 2.8388e-12
-3.55307e-13, 2.75296e-12
-9.22853e-13, 2.74296e-12
-1.42595e-12, 2.76434e-12
-9.61293e-13, 2.58071e-12
-4.03055e-13, 2.66458e-12
-4.24834e-13, 2.34612e-12
-5.59197e-14, 2.30107e-12
2.18705e-13, 2.04387e-12
-1.83427e-13, 2.65537e-12
-7.60068e-13, 2.74295e-12
-1.06841e-12, 2.19438e-12
-8.53824e-13, 2.87098e-12
-7.1573e-13, 3.19246e-12
-7.55804e-13, 2.73957e-12
-6.93809e-13, 2.54664e-12
-6.2446e-13, 2.73468e-12
-4.48885e-13, 2.22347e-12
-3.46461e-13, 2.61059e-12
-4.08669e-13, 2.72081e-12
-4.65405e-15, 2.25189e-12
-1.25766e-14, 2.23947e-12
-3.13918e-13, 2.12054e-12
-1.00293e-13, 2.52165e-12
-2.92282e-13, 2.86276e-12
-6.39204e-13, 2.40041e-12
-6.20695e-13, 2.64972e-12
-7.57758e-13, 2.54953e-12
-8.46434e-13, 2.62378e-12
-4.27001e-13, 2.71401e-12
-6.67555e-14, 2.67216e-12
7.56728e-15, 2.72729e-12
-3.27738e-13, 2.59126e-12
-6.07123e-13, 2.49148e-12
-6.22045e-13, 2.01858e-12
-6.29505e-13, 2.07804e-12
-3.26352e-13, 2.1998e-12
-3.94103e-13, 2.22189e-12
-8.06679e-13, 2.20659e-12
-7.65219e-13, 2.33228e-12
-3.74136e-13, 2.36177e-12
-3.32889e-13, 2.48727e-12
-4.23128e-13, 2.20977e-12
-4.68532e-13, 2.24575e-12
-8.53824e-13, 2.55067e-12
-9.93623e-13, 2.59485e-12
-7.28555e-13, 2.41517e-12
-8.61426e-13, 2.53635e-12
-9.52163e-13, 2.80345e-12
-1.05896e-12, 3.23825e-12
-1.08137e-12, 2.78657e-12
-8.34071e-13, 2.27761e-12
-6.54694e-13, 2.57686e-12
-7.88702e-13, 2.7206e-12
-7.11786e-13, 3.09938e-12
-5.09388e-13, 2.53321e-12
-5.8197e-13, 2.88008e-12
-8.33822e-14, 3.01485e-12
2.04352e-13, 2.47811e-12
-3.53211e-13, 2.22164e-12
-1.79305e-13, 2.49055e-12
-2.59348e-14, 2.88229e-12
-6.8912e-13, 2.26949e-12
-8.16485e-13, 2.37168e-12
-6.61728e-13, 3.00316e-12
-5.88294e-13, 2.66213e-12
-4.44658e-13, 2.46658e-12
-2.66418e-13, 2.70377e-12
-3.946e-13, 3.32103e-12
-4.29417e-13, 3.29369e-12
-3.28271e-13, 3.16086e-12
-3.94635e-13, 2.74375e-12
-7.14593e-13, 2.72337e-12
-4.17337e-13, 3.15323e-12
-1.79234e-13, 2.65614e-12
-5.35429e-13, 2.12305e-12
-9.11768e-13, 2.5235e-12
-4.56062e-13, 2.64488e-12
-2.56364e-13, 2.95115e-12
-9.95541e-13, 2.63045e-12
-8.6537e-13, 2.67316e-12
-1.07082e-12, 3.06453e-12
-1.27944e-12, 2.88537e-12
-7.34381e-13, 2.64345e-12
-6.79314e-13, 3.04511e-12
-9.36673e-13, 2.53206e-12
-5.24132e-13, 2.42356e-12
-3.89697e-13, 2.2676e-12
-7.35056e-13, 2.76226e-12
-3.6902e-13, 2.88509e-12
-4.6505e-13, 2.88714e-12
-7.6767e-13, 2.9199e-12
-2.32774e-13, 3.04087e-12
-2.61267e-13, 3.32568e-12
-8.2089e-13, 2.7607e-12
-6.12346e-13, 2.50348e-12
-5.64668e-13, 2.34672e-12
-5.88436e-13, 2.5403e-12
-2.6315e-13, 3.05495e-12
-2.99387e-13, 2.5434e-12
-7.50404e-13, 2.25044e-12
-1.14113e-12, 2.3651e-12
-9.63425e-13, 2.76558e-12
-4.50342e-13, 2.84818e-12
-3.77831e-13, 3.01452e-12
-4.30269e-13, 2.66039e-12
-2.64215e-13, 3.14522e-12
-1.38307e-13, 2.7543e-12
-6.01652e-13, 2.81327e-12
-6.09184e-13, 2.76489e-12
-9.66693e-14, 2.55991e-12
-8.05969e-13, 2.41804e-12
-1.22569e-12, 2.50785e-12
-7.72467e-13, 2.66233e-12
-3.47313e-13, 2.45485e-12
-4.08882e-13, 2.37008e-12
-5.35607e-13, 2.38431e-12
-6.0556e-13, 2.67107e-12
-7.53211e-13, 2.81288e-12
-6.46381e-13, 2.49051e-12
-4.77698e-13, 2.41314e-12
-4.7784e-13, 2.58858e-12
-5.06617e-13, 2.98075e-12
-9.44489e-13, 2.85357e-12
-1.38623e-12, 2.78585e-12
-9.14433e-13, 3.05086e-12
-1.81544e-13, 2.92135e-12
-3.18714e-13, 2.72803e-12
-5.79803e-13, 2.91597e-12
-5.67582e-13, 2.77901e-12
-3.50902e-13, 2.40408e-12
-1.9309e-13, 2.83454e-12
-5.9309e-13, 2.46839e-12
-4.42668e-13, 2.74802e-12
-2.42366e-13, 3.01584e-12
-6.48051e-13, 2.86301e-12
-1.21307e-12, 2.86215e-12
-1.01156e-12, 3.02717e-12
-7.6863e-13, 2.52291e-12
-5.45697e-13, 2.20129e-12
-1.38236e-13, 2.127e-12
-3.27667e-13, 2.69637e-12
-2.43219e-13, 2.35551e-12
-6.23217e-13, 2.35015e-12
-1.17168e-12, 2.58891e-12
-5.33333e-13, 3.15214e-12
-4.86722e-15, 2.91754e-12
-9.09495e-15, 2.63596e-12
-5.57776e-14, 3.01574e-12
-6.37357e-13, 2.83128e-12
-1.03206e-12, 3.23029e-12
-9.55644e-13, 2.80956e-12
-7.72502e-13, 2.95384e-12
-5.38272e-13, 2.95313e-12
-5.33973e-13, 2.92944e-12
-9.39693e-14, 2.87005e-12
-4.10871e-13, 2.27303e-12
-7.22693e-13, 3.14095e-12
-2.30358e-13, 3.56477e-12
-2.38956e-13, 2.92752e-12
-3.07594e-13, 2.69533e-12
5.78382e-14, 2.28335e-12
8.75389e-14, 3.02728e-12
-8.44125e-14, 3.38261e-12
1.02318e-14, 3.27494e-12
-6.97682e-13, 2.48652e-12
-9.64953e-13, 2.40099e-12
-7.88063e-13, 3.1335e-12
-2.467e-13, 2.96465e-12
4.28813e-14, 3.15131e-12
-5.42464e-13, 2.85309e-12
-5.37987e-13, 2.68313e-12
4.44444e-14, 2.66524e-12
-7.35412e-14, 2.66211e-12
-5.82787e-13, 3.20679e-12
-5.65379e-13, 2.82071e-12
-2.07336e-13, 2.39662e-12
-1.81508e-13, 2.7219e-12
-5.83569e-13, 2.5941e-12
-7.71863e-13, 3.28289e-12
-3.59641e-13, 3.45664e-12
-7.93676e-14, 3.30283e-12
-2.89866e-13, 3.22069e-12
-4.13038e-13, 3.37024e-12
-5.84492e-13, 3.0867e-12
-8.84057e-13, 2.72181e-12
-7.77938e-13, 2.51829e-12
-4.99867e-14, 2.43633e-12
-1.07754e-13, 2.45406e-12
-7.2216e-13, 2.90507e-12
-1.05391e-12, 2.34636e-12
-6.06128e-13, 2.91021e-12
-1.0079e-13, 2.87206e-12
-7.40741e-14, 2.86638e-12
-2.60876e-13, 2.8346e-12
-5.23137e-13, 2.90535e-12
-8.34923e-13, 2.55134e-12
-6.38387e-13, 1.86965e-12
-4.24585e-13, 2.52926e-12
-4.60005e-13, 3.07199e-12
-1.02354e-13, 3.11814e-12
-1.42713e-13, 3.30091e-12
-1.87335e-13, 3.19895e-12
-2.41265e-13, 3.0403e-12
-5.50919e-13, 2.94761e-12
-1.06759e-12, 3.35675e-12
-6.21867e-13, 2.87814e-12
-6.94769e-13, 2.59192e-12
-6.98392e-13, 2.77724e-12
1.35714e-14, 2.46237e-12
-1.06571e-12, 2.17862e-12
-9.6982e-13, 2.35416e-12
-3.96057e-13, 3.19697e-12
-3.09512e-13, 3.11355e-12
-7.49765e-13, 2.60594e-12
-1.35703e-12, 2.8127e-12
-5.44205e-13, 3.13988e-12
-5.21929e-13, 2.60185e-12
-1.98277e-13, 2.55716e-12
3.24896e-13, 2.82084e-12
-3.77298e-13, 2.41305e-12
-5.64029e-13, 2.15394e-12
-5.9174e-13, 2.96213e-12
-5.13758e-13, 2.97733e-12
-4.95817e-13, 2.82937e-12
-7.29301e-13, 2.91097e-12
-6.88125e-13, 3.19848e-12
-3.80389e-13, 3.00045e-12
-2.19913e-13, 2.96477e-12
-2.33449e-13, 3.03852e-12
1.30171e-13, 2.97619e-12
-1.1422e-13, 3.52771e-12
-3.72182e-13, 3.59898e-12
-9.12657e-13, 2.97221e-12
-7.82556e-13, 2.80387e-12
-4.5933e-13, 3.26962e-12
-1.15833e-12, 3.47636e-12
-5.1827e-13, 3.67187e-12
-1.29212e-13, 3.18972e-12
-3.33173e-13, 3.21216e-12
-4.49667e-13, 2.78276e-12
-3.46958e-13, 2.0756e-12
-3.93925e-13, 2.86512e-12
-1.27685e-13, 3.3075e-12
-1.47224e-13, 3.35173e-12
-8.42562e-13, 2.94164e-12
-4.73079e-13, 2.88605e-12
-6.84004e-13, 2.88967e-12
-5.38378e-13, 3.41497e-12
-2.52882e-13, 3.71375e-12
-3.93356e-13, 3.01067e-12
-4.26432e-13, 2.95978e-12
-1.62892e-13, 2.98123e-12
-2.29328e-13, 2.8085e-12
-3.37153e-13, 2.58252e-12
-1.30065e-13, 2.33149e-12
-4.50875e-13, 2.4941e-12
-7.67422e-13, 2.59588e-12
-7.57829e-13, 2.89836e-12
-1.70886e-13, 2.8642e-12
-4.41283e-13, 3.15385e-12
-3.74243e-13, 2.81616e-12
5.1763e-13, 2.23631e-12
-2.19096e-13, 2.57451e-12
-5.55964e-13, 3.17988e-12
-8.99192e-14, 3.33936e-12
-9.45732e-14, 2.83174e-12
-3.99893e-13, 2.44172e-12
-1.02009e-12, 2.68687e-12
-5.18163e-13, 3.30421e-12
1.69109e-14, 3.22221e-12
-3.75486e-13, 3.15449e-12
-3.17719e-13, 2.91253e-12
-4.04299e-13, 3.32143e-12
-6.0556e-13, 3.27422e-12
-4.37552e-13, 3.39463e-12
-2.93312e-13, 3.69934e-12
-4.31299e-14, 3.49953e-12
-4.91305e-13, 3.18076e-12
-9.1525e-13, 3.01958e-12
-5.53371e-13, 2.79852e-12
-5.10063e-13, 2.47701e-12
-9.35536e-13, 2.70851e-12
-1.16291e-12, 2.90593e-12
-6.44356e-13, 2.53024e-12
4.87077e-14, 3.19047e-12
2.08722e-13, 2.99549e-12
2.71889e-13, 2.89089e-12
-3.99183e-13, 3.11605e-12
-6.66205e-13, 2.7424e-12
-4.86402e-13, 2.65461e-12
-7.54277e-13, 2.83417e-12
-4.02949e-13, 3.01928e-12
-5.88827e-13, 2.81483e-12
-1.22402e-12, 2.9991e-12
-9.89004e-13, 3.63084e-12
-7.3463e-13, 3.78904e-12
-2.88445e-13, 3.24227e-12
-7.99325e-13, 2.29448e-12
-1.18142e-12, 2.81596e-12
-3.5616e-13, 3.24095e-12
6.68265e-14, 2.96806e-12
2.98073e-13, 2.87342e-12
7.1303e-14, 3.19505e-12
-4.367e-13, 3.12033e-12
-1.07839e-12, 3.23529e-12
-1.23627e-12, 3.43138e-12
-3.21201e-13, 3.07334e-12
6.73381e-13, 2.97253e-12
4.89742e-13, 3.31138e-12
-6.7562e-13, 2.87365e-12
-6.10463e-13, 2.89343e-12
-2.38529e-13, 2.92779e-12
-1.02904e-12, 2.94657e-12
-7.59854e-13, 2.62489e-12
-3.81775e-13, 3.05449e-12
-9.45128e-13, 2.84569e-12
-8.54961e-13, 2.74026e-12
-9.75255e-13, 3.30796e-12
-6.79812e-13, 3.12425e-12
-2.3519e-13, 2.63728e-12
-7.00808e-13, 2.88548e-12
-8.71196e-13, 3.03627e-12
-6.60272e-13, 2.78645e-12
-1.55456e-12, 2.6849e-12
-2.06619e-12, 2.25787e-12
-1.24157e-12, 2.9083e-12
-8.63949e-13, 3.65605e-12
-7.38183e-13, 3.25989e-12
-1.17488e-13, 2.96496e-12
-4.00888e-13, 2.50754e-12
-9.65947e-13, 3.05113e-12
-5.61684e-13, 3.45179e-12
-9.81828e-13, 3.0681e-12
-1.31088e-12, 3.20163e-12
-5.65521e-13, 3.08872e-12
-4.59508e-13, 2.60383e-12
-5.35181e-13, 3.13317e-12
-1.23812e-13, 2.63078e-12
-7.70086e-13, 2.33848e-12
-1.39099e-12, 2.67004e-12
-9.47331e-13, 3.13337e-12
-6.10996e-13, 3.09433e-12
-1.10624e-12, 3.0295e-12
-4.00568e-13, 3.57654e-12
2.2272e-13, 3.30019e-12
-4.8356e-13, 3.16222e-12
-4.57661e-13, 3.07096e-12
-3.34914e-13, 3.25507e-12
-1.02787e-12, 3.2638e-12
-1.15076e-12, 3.07778e-12
-7.29372e-13, 3.0657e-12
-8.42739e-13, 2.64136e-12
-7.75557e-13, 2.95884e-12
-1.78701e-14, 3.18464e-12
-2.96971e-13, 3.23151e-12
-1.14341e-12, 3.49317e-12
-8.33182e-13, 3.08178e-12
-7.14451e-13, 2.35235e-12
-7.24647e-13, 2.78205e-12
-4.13891e-13, 2.95671e-12
1.09921e-13, 2.85597e-12
1.09068e-14, 2.79282e-12
-7.16014e-13, 3.70367e-12
-1.31905e-12, 3.60041e-12
-1.12085e-12, 3.53829e-12
-3.50475e-13, 3.67289e-12
-5.59162e-13, 3.34656e-12
-8.09308e-13, 2.99829e-12
-5.90106e-13, 2.80956e-12
-2.87024e-13, 2.52233e-12
-3.02833e-13, 3.02033e-12
-7.11218e-13, 3.85254e-12
-2.97078e-13, 3.20665e-12
6.56968e-13, 2.79442e-12
4.77129e-14, 3.163e-12
-9.0246e-13, 2.67919e-12
-9.18234e-13, 2.4813e-12
-7.55058e-13, 3.07804e-12
-6.18279e-13, 2.92879e-12
-1.06972e-13, 3.34183e-12
-1.18057e-13, 2.87709e-12
-7.67031e-13, 2.86214e-12
-1.08937e-12, 2.98799e-12
-1.20028e-12, 3.40649e-12
-1.0786e-12, 3.67285e-12
-1.27468e-12, 3.41827e-12
-9.03277e-13, 3.99521e-12
9.92273e-14, 3.52296e-12
-6.65956e-13, 2.95311e-12
-9.14859e-13, 2.81422e-12
-7.98615e-13, 2.51625e-12
-7.07452e-13, 2.98655e-12
1.44524e-13, 3.46846e-12
-4.04796e-13, 3.38148e-12
-6.17923e-13, 2.75979e-12
-7.35696e-13, 2.78116e-12
-9.27933e-13, 3.42732e-12
-7.40847e-13, 3.29331e-12
-1.22821e-12, 4.12731e-12
-1.29745e-12, 4.13915e-12
-7.82698e-13, 2.78277e-12
-3.69376e-13, 3.1032e-12
-6.75939e-13, 3.3175e-12
-9.22746e-13, 2.87679e-12
-3.0937e-13, 2.85303e-12
-4.11866e-13, 3.20219e-12
-7.08091e-13, 2.88711e-12
-8.76099e-14, 2.89063e-12
1.44134e-13, 2.66486e-12
-1.42002e-13, 3.20256e-12
-6.01865e-13, 3.1735e-12
-4.28102e-13, 3.49569e-12
-2.49862e-13, 3.96195e-12
-9.92344e-13, 3.01358e-12
-6.23146e-13, 2.68939e-12
-5.58487e-13, 4.03197e-12
-9.49321e-13, 3.48663e-12
-8.84199e-13, 2.98359e-12
-9.60441e-13, 3.21464e-12
-6.33484e-13, 3.42154e-12
-1.07011e-12, 3.89683e-12
-1.0149e-12, 3.76e-12
-3.49054e-13, 2.77909e-12
-1.57563e-13, 2.6277e-12
-2.65743e-14, 2.85802e-12
-6.23288e-13, 2.7473e-12
-5.29745e-13, 3.42762e-12
2.38387e-14, 3.38574e-12
3.42126e-13, 3.19744e-12
7.2724e-14, 3.16971e-12
-6.91003e-13, 2.69488e-12
-1.14202e-12, 3.00399e-12
-1.54945e-12, 3.32829e-12
-9.21005e-13, 3.27646e-12
-3.09406e-13, 3.45065e-12
-7.72893e-13, 4.01874e-12
-4.52296e-13, 4.03378e-12
-5.13545e-13, 3.4621e-12
-4.7983e-13, 2.7471e-12
-3.0866e-13, 3.39411e-12
-8.23697e-13, 3.52982e-12
-1.37831e-12, 3.28606e-12
-1.33898e-12, 3.31136e-12
-2.8944e-13, 3.18854e-12
1.60583e-14, 3.75523e-12
-7.12745e-13, 4.04056e-12
-7.29017e-13, 3.88449e-12
-9.30065e-13, 3.10734e-12
-9.29496e-13, 3.52657e-12
-9.52447e-13, 3.7191e-12
-1.17531e-12, 3.08003e-12
-9.74438e-13, 2.54056e-12
-9.35074e-13, 2.69867e-12
-7.282e-13, 3.26909e-12
-4.87006e-13, 3.55173e-12
-6.66489e-14, 2.92008e-12
-1.0516e-14, 3.0111e-12
-2.1295e-13, 3.78249e-12
-3.47669e-13, 3.36519e-12
-8.26184e-13, 3.02196e-12
-2.34408e-13, 2.73365e-12
-1.45093e-13, 3.19193e-12
-1.04095e-12, 2.9002e-12
-1.11456e-12, 2.95862e-12
-1.11992e-12, 3.35577e-12
-4.19078e-13, 3.19241e-12
-5.38165e-13, 2.73056e-12
-1.06997e-12, 2.87857e-12
-8.43379e-13, 3.0526e-12
-6.79137e-13, 3.25906e-12
-6.05347e-13, 3.28901e-12
1.32943e-13, 3.42169e-12
3.54134e-13, 3.17055e-12
-6.65779e-14, 3.28225e-12
-4.08207e-13, 2.52207e-12
-6.47304e-13, 2.952e-12
-4.02238e-13, 4.00884e-12
-2.02611e-13, 3.62214e-12
-4.65334e-13, 3.5879e-12
-4.30767e-13, 3.12172e-12
-3.56586e-13, 2.92094e-12
-9.11697e-13, 3.16421e-12
-8.42668e-13, 2.62351e-12
-8.83134e-13, 2.40225e-12
-8.77058e-13, 3.0304e-12
-5.09957e-13, 2.97772e-12
-7.62839e-13, 2.69367e-12
-1.31475e-12, 3.49001e-12
-1.40659e-12, 2.85888e-12
-3.93108e-13, 3.36417e-12
-1.11235e-13, 3.53713e-12
-6.12772e-13, 3.56399e-12
3.51399e-13, 3.34606e-12
4.77733e-13, 3.40061e-12
-7.59037e-13, 3.33083e-12
-4.46292e-13, 2.69578e-12
-5.04627e-13, 3.20892e-12
-1.21116e-12, 3.40493e-12
-9.85025e-13, 3.40264e-12
-1.04897e-12, 3.28424e-12
-7.52571e-13, 3.06431e-12
-9.0985e-13, 2.39493e-12
-1.79355e-12, 2.90718e-12
-1.61286e-12, 3.61289e-12
-2.73062e-13, 3.3632e-12
4.49276e-13, 3.81696e-12
-5.24025e-14, 3.55003e-12
-3.26708e-13, 3.969e-12
-1.69109e-14, 3.78957e-12
-5.08464e-13, 3.50575e-12
-5.78098e-13, 3.72835e-12
3.29372e-13, 2.90244e-12
-4.91411e-13, 3.1257e-12
-6.72493e-13, 2.85156e-12
2.36824e-13, 3.17246e-12
2.42615e-13, 3.34259e-12
4.60325e-13, 3.40515e-12
1.776e-13, 4.23596e-12
-7.52465e-14, 3.94976e-12
-1.87441e-13, 3.69818e-12
-9.86233e-14, 3.28864e-12
-3.58753e-13, 3.68019e-12
-8.36557e-13, 3.69589e-12
-4.22951e-13, 3.51628e-12
-3.8753e-13, 3.56306e-12
-7.19034e-13, 2.87e-12
-1.09221e-12, 2.52713e-12
-7.17648e-15, 3.04443e-12
2.41123e-13, 2.94359e-12
-9.51701e-13, 2.90036e-12
-1.84919e-13, 2.7651e-12
-4.89564e-14, 2.69701e-12
-6.79066e-13, 3.31262e-12
-3.99396e-13, 3.63713e-12
-8.583e-13, 3.16611e-12
-7.98259e-13, 3.45291e-12
-4.10729e-13, 3.30323e-12
-5.24132e-13, 3.62703e-12
-1.29639e-13, 3.38088e-12
-2.43539e-13, 3.77497e-12
-3.80886e-13, 3.45741e-12
-1.6545e-13, 2.81314e-12
3.84404e-14, 2.6692e-12
-3.09797e-13, 2.98539e-12
-7.53566e-13, 3.21161e-12
-1.52802e-13, 3.28087e-12
2.97931e-13, 3.3557e-12
-2.85816e-13, 4.01712e-12
-6.70717e-13, 4.54471e-12
-6.89049e-13, 3.92283e-12
-1.34008e-12, 2.9348e-12
-1.50884e-12, 3.15975e-12
-1.12838e-12, 3.44959e-12
-3.72999e-13, 2.82859e-12
-1.49569e-13, 2.61136e-12
-1.04524e-12, 3.56993e-12
-2.02789e-13, 4.06111e-12
-1.06866e-13, 3.03075e-12
-7.00418e-13, 2.7264e-12
2.09646e-13, 2.93734e-12
-1.73159e-13, 3.65694e-12
-7.50262e-13, 3.8129e-12
-9.63176e-13, 3.91547e-12
-7.55982e-13, 3.58388e-12
-3.23723e-13, 3.06202e-12
-6.28617e-13, 3.23652e-12
-1.04947e-12, 3.63375e-12
-8.78408e-13, 3.84155e-12
-7.44258e-13, 3.78092e-12
-1.99947e-13, 3.79351e-12
-3.71756e-13, 3.55523e-12
-1.11214e-12, 3.40559e-12
-8.24159e-13, 3.26198e-12
-1.98774e-13, 3.06674e-12
1.57385e-14, 3.43323e-12
1.81686e-13, 3.79318e-12
1.01537e-13, 2.86275e-12
-8.39186e-13, 2.81336e-12
-6.60378e-13, 2.93428e-12
1.67688e-14, 3.26201e-12
-4.49063e-14, 3.27756e-12
-7.91296e-13, 3.5882e-12
-5.6243e-13, 3.23355e-12
-1.30562e-13, 3.61705e-12
3.02478e-13, 3.24437e-12
2.46096e-13, 2.89509e-12
-8.55174e-13, 3.66691e-12
-1.24533e-12, 3.87562e-12
-6.12737e-13, 3.56374e-12
1.49747e-13, 4.03836e-12
-1.60654e-13, 3.40132e-12
-1.01782e-12, 2.7201e-12
-1.06084e-12, 2.95438e-12
-4.20322e-13, 3.48617e-12
-4.0572e-14, 2.87022e-12
-6.51426e-13, 2.86018e-12
-9.9373e-13, 2.96954e-12
-6.25953e-13, 3.75551e-12
-5.13332e-13, 3.72553e-12
9.25837e-14, 3.50498e-12
-5.89218e-13, 3.32425e-12
-1.48962e-12, 3.01361e-12
-8.13358e-13, 3.46585e-12
-8.9539e-13, 3.36272e-12
-1.17712e-12, 3.70148e-12
-7.13101e-13, 3.61524e-12
4.04654e-14, 3.73124e-12
3.28946e-13, 3.68094e-12
-3.68736e-13, 3.70778e-12
-9.60085e-13, 3.80221e-12
-7.26814e-13, 3.24626e-12
-5.25553e-13, 3.48197e-12
1.11626e-13, 3.62861e-12
5.08429e-13, 3.73539e-12
-7.84439e-14, 3.84914e-12
-4.44977e-13, 3.90338e-12
-6.02753e-13, 3.65372e-12
-6.59846e-13, 2.93735e-12
-6.40554e-13, 2.99837e-12
-1.78204e-13, 2.52235e-12
-7.49019e-13, 2.63485e-12
-7.73817e-13, 3.70628e-12
-7.93285e-13, 4.10565e-12
-1.23766e-12, 4.2397e-12
-1.14245e-12, 3.17228e-12
-4.86828e-13, 2.83568e-12
-3.79146e-13, 3.05344e-12
-2.51177e-13, 3.06761e-12
-1.56071e-13, 3.14674e-12
-5.06617e-13, 2.88885e-12
-5.51523e-13, 2.87151e-12
-2.50822e-13, 3.13948e-12
-4.04832e-13, 3.60625e-12
-9.60974e-13, 3.90345e-12
-7.62768e-13, 3.22311e-12
-1.05096e-12, 3.04373e-12
-1.07015e-12, 2.55803e-12
-6.21014e-13, 3.29474e-12
7.22622e-14, 3.73326e-12
1.62075e-13, 3.73906e-12
-5.06546e-13, 3.08767e-12
-1.97389e-13, 2.88216e-12
4.46079e-13, 2.69289e-12
-2.30465e-13, 2.45917e-12
-7.97478e-13, 3.49443e-12
-5.39409e-13, 3.07173e-12
-4.9436e-13, 3.11365e-12
-6.1064e-13, 2.87251e-12
-5.00719e-13, 3.56292e-12
-9.08358e-13, 3.49062e-12
-1.24466e-12, 3.37542e-12
-1.38726e-12, 3.17678e-12
-1.48432e-12, 3.69874e-12
-1.48439e-12, 4.05398e-12
-8.74074e-13, 4.28432e-12
-2.05418e-13, 3.66332e-12
-7.31966e-13, 3.80126e-12
-5.88614e-13, 3.81539e-12
-7.32179e-13, 3.41438e-12
-1.49392e-12, 3.89161e-12
-1.22004e-12, 4.22587e-12
-6.91891e-13, 3.88834e-12
-7.76872e-13, 3.81682e-12
-4.89209e-13, 3.63346e-12
-8.49276e-13, 3.4355e-12
-3.71152e-13, 3.84526e-12
-1.16778e-13, 3.19617e-12
-1.30822e-12, 3.6426e-12
-6.33023e-13, 3.28549e-12
1.66693e-13, 2.84638e-12
1.53513e-13, 3.22328e-12
-3.32534e-13, 4.42093e-12
-4.04548e-13, 4.38709e-12
-1.15357e-13, 3.61103e-12
-3.32605e-13, 3.91486e-12
1.28502e-13, 3.9191e-12
3.45572e-13, 3.50389e-12
1.34861e-13, 3.36881e-12
-3.60281e-13, 3.58683e-12
-8.94822e-13, 3.52789e-12
-8.68603e-13, 3.02098e-12
-9.34612e-13, 3.21167e-12
-1.53833e-13, 3.38777e-12
1.83498e-13, 3.85763e-12
1.10809e-13, 3.7568e-12
1.03917e-13, 3.49593e-12
-1.07022e-12, 3.25518e-12
-1.46795e-12, 4.40355e-12
-2.25882e-13, 3.77319e-12
-3.35731e-14, 4.31037e-12
-4.3908e-13, 3.23777e-12
-2.64677e-14, 2.12325e-12
0, 0
