0, 0
0.00121334, 0
0.00490385, 0
0.0110183, 0
0.0195486, 0
0.0304642, 0
0.0437256, 0
0.0592849, 0
0.0770862, 0
0.0970658, 0
0.119153, 0
0.143269, 0
0.169331, 0
0.19725, 0
0.22693, 0
0.258273, 0
0.291177, 0
0.325535, 0
0.361241, 0
0.398183, 0
0.436252, 0
0.475336, 0
0.515324, 0
0.556105, 0
0.597571, 0
0.639613, 0
0.682128, 0
0.725011, 0
0.768163, 0
0.811489, 0
0.854895, 0
0.898292, 0
0.941597, 0
0.984728, 0
1.02761, 0
1.07017, 0
1.11234, 0
1.15407, 0
1.19528, 0
1.23594, 0
1.27598, 0
1.31537, 0
1.35407, 0
1.39203, 0
1.42924, 0
1.46566, 0
1.50126, 0
1.53602, 0
1.56994, 0
1.60299, 0
1.63516, 0
1.66645, 0
1.69685, 0
1.72636, 0
1.75498, 0
1.7827, 0
1.80953, 0
1.83548, 0
1.86056, 0
1.8848, 0
1.90815, 0
1.93062, 0
1.95229, 0
1.97315, 0
1.99321, 0
2.01247, 0
2.03096, 0
2.04869, 0
2.06569, 0
2.08196, 0
2.09752, 0
2.1124, 0
2.1266, 0
2.14016, 0
2.15308, 0
2.16539, 0
2.1771, 0
2.18823, 0
2.1988, 0
2.20883, 0
2.21834, 0
2.22734, 0
2.23585, 0
2.24389, 0
2.25147, 0
2.25861, 0
2.26533, 0
2.27164, 0
2.27757, 0
2.28312, 0
2.2883, 0
2.29314, 0
2.29765, 0
2.30185, 0
2.30574, 0
2.30934, 0
2.31266, 0
2.31572, 0
2.31852, 0
2.32109, 0
2.32342, 0
2.39769, 0
2.40066, 0
2.4013, 0
2.40012, 0
2.3976, 0
2.39413, 0
2.39002, 0
2.38554, 0
2.38092, 0
2.37632, 0
2.37186, 0
2.36765, 0
2.36373, 0
2.36015, 0
2.35692, 0
2.35402, 0
2.35143, 0
2.3491, 0
2.347, 0
2.34506, 0
2.34321, 0
2.34139, 0
2.33953, 0
2.33755, 0
2.33538, 0
2.33295, 0
2.33019, 0
2.32703, 0
2.32342, 0
2.3193, 0
2.31461, 0
2.30931, 0
2.30335, 0
2.29669, 0
2.28932, 0
2.28119, 0
2.27229, 0
2.2626, 0
2.25212, 0
2.24083, 0
2.22874, 0
2.21584, 0
2.20215, 0
2.18768, 0
2.17244, 0
2.15645, 0
2.13972, 0
2.12229, 0
2.10417, 0
2.08539, 0
2.06599, 0
2.04598, 0
2.02541, 0
2.00431, 0
1.9827, 0
1.96063, 0
1.93812, 0
1.91521, 0
1.89194, 0
1.86833, 0
1.84442, 0
1.82025, 0
1.79584, 0
1.77122, 0
1.74644, 0
1.72151, 0
1.69647, 0
1.67135, 0
1.64617, 0
1.62096, 0
1.59574, 0
1.57054, 0
1.54538, 0
1.52029, 0
1.49527, 0
1.47037, 0
1.44558, 0
1.42094, 0
1.39645, 0
1.37214, 0
1.34801, 0
1.32409, 0
1.30038, 0
1.27689, 0
1.25364, 0
1.23064, 0
1.20789, 0
1.18541, 0
1.1632, 0
1.14127, 0
1.11962, 0
1.09827, 0
1.07721, 0
1.05644, 0
1.03598, 0
1.01582, 0
0.995973, 0
0.97644, 0
0.957217, 0
0.938309, 0
0.915872, 0
0.859535, 0
0.806356, 0
0.756279, 0
0.709226, 0
0.665105, 0
0.623809, 0
0.585227, 0
0.549239, 0
0.515724, 0
0.484559, 0
0.455621, 0
0.428791, 0
0.40395, 0
0.380984, 0
0.359783, 0
0.34024, 0
0.322254, 0
0.305728, 0
0.290571, 0
0.276696, 0
0.264019, 0
0.252465, 0
0.241959, 0
0.232434, 0
0.223825, 0
0.216073, 0
0.209119, 0
0.202913, 0
0.197405, 0
0.192548, 0
0.188301, 0
0.184624, 0
0.181478, 0
0.178831, 0
0.176649, 0
0.174904, 0
0.173567, 0
0.172613, 0
0.172018, 0
0.17176, 0
0.171818, 0
0.172174, 0
0.172808, 0
0.173707, 0
0.174854, 0
0.176235, 0
0.177837, 0
0.179649, 0
0.181658, 0
0.183856, 0
0.186232, 0
0.188778, 0
0.191485, 0
0.194348, 0
0.197356, 0
0.200505, 0
0.203788, 0
0.207201, 0
0.210737, 0
0.214392, 0
0.218162, 0
0.222043, 0
0.226032, 0
0.230123, 0
0.234315, 0
0.238605, 0
0.242989, 0
0.247465, 0
0.252032, 0
0.256685, 0
0.261425, 0
0.266248, 0
0.271153, 0
0.276138, 0
0.281203, 0
0.286344, 0
0.291562, 0
0.296855, 0
0.302222, 0
0.307661, 0
0.313173, 0
0.318755, 0
0.324407, 0
0.330129, 0
0.335919, 0
0.341776, 0
0.347699, 0
0.353702, 0
0.359744, 0
0.365868, 0
0.372056, 0
0.378307, 0
0.384622, 0
0.390999, 0
0.397439, 0
0.403941, 0
0.410504, 0
0.417129, 0
0.423814, 0
0.43056, 0
0.437366, 0
0.444231, 0
0.451155, 0
0.458139, 0
0.46518, 0
0.47228, 0
0.479437, 0
0.486651, 0
0.493922, 0
0.501249, 0
0.508633, 0
0.516072, 0
0.523566, 0
0.531114, 0
0.538718, 0
0.546374, 0
0.554085, 0
0.561848, 0
0.569664, 0
0.577533, 0
0.585452, 0
0.593423, 0
0.601445, 0
0.609517, 0
0.617639, 0
0.62581, 0
0.634029, 0
0.642298, 0
0.650613, 0
0.658976, 0
0.667386, 0
0.675841, 0
0.684342, 0
0.692889, 0
0.701479, 0
0.710114, 0
0.718791, 0
0.727511, 0
0.736273, 0
0.745077, 0
0.753921, 0
0.762806, 0
0.771729, 0
0.780692, 0
0.789692, 0
0.79873, 0
0.807805, 0
0.816916, 0
0.826062, 0
0.835242, 0
0.844457, 0
0.853704, 0
0.862984, 0
0.872296, 0
0.881638, 0
0.89101, 0
0.900412, 0
0.909842, 0
0.9193, 0
0.928786, 0
0.938297, 0
0.947833, 0
0.957392, 0
0.966976, 0
0.976582, 0
0.986209, 0
0.995858, 0
1.00553, 0
1.01522, 0
1.02492, 0
1.03465, 0
1.04439, 0
1.05414, 0
1.06391, 0
1.0737, 0
1.0835, 0
1.09331, 0
1.10313, 0
1.11296, 0
1.1228, 0
1.13265, 0
1.1425, 0
1.15237, 0
1.16223, 0
1.1721, 0
1.18198, 0
1.19186, 0
1.20173, 0
1.21161, 0
1.22149, 0
1.23137, 0
1.24124, 0
1.25111, 0
1.26098, 0
1.27084, 0
1.28069, 0
1.29054, 0
1.30037, 0
1.3102, 0
1.32002, 0
1.32982, 0
1.33962, 0
1.34939, 0
1.35916, 0
1.36891, 0
1.37864, 0
1.38836, 0
1.39805, 0
1.40773, 0
1.41738, 0
1.42702, 0
1.43663, 0
1.44622, 0
1.45578, 0
1.46532, 0
1.47483, 0
1.48431, 0
1.49376, 0
1.50319, 0
1.51258, 0
1.52195, 0
1.53128, 0
1.54057, 0
1.54984, 0
1.55907, 0
1.56826, 0
1.57741, 0
1.58653, 0
1.5956, 0
1.60464, 0
1.61364, 0
1.62259, 0
1.6315, 0
1.64037, 0
1.64919, 0
1.65797, 0
1.6667, 0
1.67538, 0
1.68402, 0
1.69261, 0
1.70114, 0
1.70963, 0
1.71807, 0
1.72645, 0
1.73478, 0
1.74306, 0
1.75128, 0
1.75945, 0
1.76756, 0
1.77561, 0
1.78361, 0
1.79155, 0
1.79942, 0
1.80724, 0
1.815, 0
1.8227, 0
1.83034, 0
1.83791, 0
1.84542, 0
1.85287, 0
1.86025, 0
1.86756, 0
1.87481, 0
1.882, 0
1.88912, 0
1.89617, 0
1.90315, 0
1.91006, 0
1.9169, 0
1.92368, 0
1.93038, 0
1.93701, 0
1.94357, 0
1.95006, 0
1.95648, 0
1.96282, 0
1.96909, 0
1.97529, 0
1.98141, 0
1.98746, 0
1.99343, 0
1.99933, 0
2.00515, 0
2.01089, 0
2.01656, 0
2.02215, 0
2.02767, 0
2.03311, 0
2.03847, 0
2.04375, 0
2.04895, 0
2.05407, 0
2.05912, 0
2.06409, 0
2.06897, 0
2.07378, 0
2.07851, 0
2.08315, 0
2.08772, 0
2.09221, 0
2.09661, 0
2.10094, 0
2.10518, 0
2.10935, 0
2.11343, 0
2.11743, 0
2.12135, 0
2.12519, 0
2.12896, 0
2.13264, 0
2.13623, 0
2.13974, 0
2.14317, 0
2.14651, 0
2.14978, 0
2.15297, 0
2.15607, 0
2.1591, 0
2.16204, 0
2.1649, 0
2.16768, 0
2.17038, 0
2.173, 0
2.17553, 0
2.178, 0
2.18039, 0
2.18268, 0
2.18488, 0
2.18701, 0
2.18906, 0
2.19104, 0
2.19293, 0
2.19474, 0
2.19648, 0
2.19813, 0
2.19971, 0
2.2012, 0
2.20262, 0
2.20396, 0
2.20523, 0
2.20641, 0
2.20752, 0
2.20855, 0
2.2095, 0
2.21038, 0
2.21118, 0
2.2119, 0
2.21255, 0
2.21312, 0
2.21361, 0
2.21403, 0
2.21438, 0
2.21465, 0
2.21485, 0
2.21498, 0
2.21503, 0
2.21501, 0
2.21492, 0
2.21475, 0
2.21452, 0
2.21422, 0
2.21387, 0
2.21341, 0
2.21288, 0
2.21229, 0
2.21163, 0
2.21091, 0
2.21012, 0
2.20926, 0
2.20833, 0
2.20734, 0
2.20628, 0
2.20517, 0
2.204, 0
2.20276, 0
2.20143, 0
2.20004, 0
2.19858, 0
2.19707, 0
2.19549, 0
2.19385, 0
2.19216, 0
2.1904, 0
2.18858, 0
2.1867, 0
2.18476, 0
2.18276, 0
2.18071, 0
2.1786, 0
2.17643, 0
2.1742, 0
2.17191, 0
2.16957, 0
2.16717, 0
2.16472, 0
2.16221, 0
2.15965, 0
2.15704, 0
2.15437, 0
2.15521, 0
2.14949, 0
2.14359, 0
2.13751, 0
2.13124, 0
2.12477, 0
2.11813, 0
2.11129, 0
2.10428, 0
2.0971, 0
2.08976, 0
2.08225, 0
2.07458, 0
2.06675, 0
2.05877, 0
2.05064, 0
2.04237, 0
2.03396, 0
2.02541, 0
2.01674, 0
2.00791, 0
1.99898, 0
1.98994, 0
1.98078, 0
1.97151, 0
1.96217, 0
1.95265, 0
1.94306, 0
1.93338, 0
1.9236, 0
1.91374, 0
1.90379, 0
1.89375, 0
1.88364, 0
1.87346, 0
1.8632, 0
1.85287, 0
1.84248, 0
1.83202, 0
1.82151, 0
1.81094, 0
1.80032, 0
1.78965, 0
1.77893, 0
1.76817, 0
1.75737, 0
1.74654, 0
1.73566, 0
1.72476, 0
1.71382, 0
1.70286, 0
1.69187, 0
1.68087, 0
1.66984, 0
1.6588, 0
1.64773, 0
1.63666, 0
1.62558, 0
1.6145, 0
1.60341, 0
1.59231, 0
1.58122, 0
1.57012, 0
1.55903, 0
1.54794, 0
1.53684, 0
1.52579, 0
1.51473, 0
1.50367, 0
1.49265, 0
1.48163, 0
1.47064, 0
1.45965, 0
1.44869, 0
1.43776, 0
1.42684, 0
1.41595, 0
1.40509, 0
1.39426, 0
1.38345, 0
1.37268, 0
1.36193, 0
1.35123, 0
1.34055, 0
1.32989, 0
1.31931, 0
1.30874, 0
1.29821, 0
1.28772, 0
1.27728, 0
1.26687, 0
1.2565, 0
1.24618, 0
1.23591, 0
1.22568, 0
1.21549, 0
1.20535, 0
1.19525, 0
1.18521, 0
1.17521, 0
1.16526, 0
1.15534, 0
1.14551, 0
1.13572, 0
1.12597, 0
1.11628, 0
1.10664, 0
1.09705, 0
1.08751, 0
1.07803, 0
1.0686, 0
1.05922, 0
1.04991, 0
1.04064, 0
1.03143, 0
1.02228, 0
1.01318, 0
1.00414, 0
0.995152, 0
0.986223, 0
0.977352, 0
0.968535, 0
0.959777, 0
0.951077, 0
0.942433, 0
0.933848, 0
0.925299, 0
0.916851, 0
0.908439, 0
0.900081, 0
0.891785, 0
0.883543, 0
0.875362, 0
0.867239, 0
0.859172, 0
0.851165, 0
0.843215, 0
0.835322, 0
0.827487, 0
0.81971, 0
0.811967, 0
0.804332, 0
0.796727, 0
0.78918, 0
0.78169, 0
0.774257, 0
0.766881, 0
0.759561, 0
0.7523, 0
0.745093, 0
0.737946, 0
0.730852, 0
0.723792, 0
0.716834, 0
0.709909, 0
0.70304, 0
0.696224, 0
0.689464, 0
0.682757, 0
0.676108, 0
0.669512, 0
0.66297, 0
0.656484, 0
0.65005, 0
0.64367, 0
0.637343, 0
0.631068, 0
0.624847, 0
0.618679, 0
0.612562, 0
0.606498, 0
0.600486, 0
0.594524, 0
0.588613, 0
0.582756, 0
0.576946, 0
0.571178, 0
0.565484, 0
0.559825, 0
0.554216, 0
0.548654, 0
0.543122, 0
0.537684, 0
0.53227, 0
0.526902, 0
0.521586, 0
0.516316, 0
0.511091, 0
0.505915, 0
0.500786, 0
0.495703, 0
0.490665, 0
0.485672, 0
0.480727, 0
0.475825, 0
0.470969, 0
0.466156, 0
0.461391, 0
0.456665, 0
0.451985, 0
0.447348, 0
0.442755, 0
0.438203, 0
0.433693, 0
0.429227, 0
0.424802, 0
0.420418, 0
0.416076, 0
0.411755, 0
0.407518, 0
0.403294, 0
0.399111, 0
0.394968, 0
0.390866, 0
0.386801, 0
0.382777, 0
0.378739, 0
0.374846, 0
0.370933, 0
0.36706, 0
0.363224, 0
0.359425, 0
0.355669, 0
0.351938, 0
0.348245, 0
0.344591, 0
0.340971, 0
0.337387, 0
0.333838, 0
0.330324, 0
0.326844, 0
0.323397, 0
0.319985, 0
0.316607, 0
0.31326, 0
0.309949, 0
0.306669, 0
0.30342, 0
0.300204, 0
0.297021, 0
0.293868, 0
0.290747, 0
0.287657, 0
0.284597, 0
0.281568, 0
0.278569, 0
0.2756, 0
0.272661, 0
0.269751, 0
0.26687, 0
0.264018, 0
0.261194, 0
0.2584, 0
0.255571, 0
0.252895, 0
0.250183, 0
0.247499, 0
0.244842, 0
0.242212, 0
0.239609, 0
0.237031, 0
0.234481, 0
0.231956, 0
0.229456, 0
0.226982, 0
0.224534, 0
0.22211, 0
0.219712, 0
0.217337, 0
0.214987, 0
0.212661, 0
0.210303, 0
0.208082, 0
0.205826, 0
0.203594, 0
0.201386, 0
0.199199, 0
0.197035, 0
0.194894, 0
0.192775, 0
0.190678, 0
0.188602, 0
0.186548, 0
0.184515, 0
0.182503, 0
0.180513, 0
0.178543, 0
0.176593, 0
0.174664, 0
0.172754, 0
0.170865, 0
0.168996, 0
0.167123, 0
0.165318, 0
0.163505, 0
0.161712, 0
0.159938, 0
0.158183, 0
0.156446, 0
0.154728, 0
0.153027, 0
0.151345, 0
0.149669, 0
0.148023, 0
0.146405, 0
0.144791, 0
0.143196, 0
0.141617, 0
0.140054, 0
0.138509, 0
0.13698, 0
0.135396, 0
0.133972, 0
0.13249, 0
0.131025, 0
0.129575, 0
0.128141, 0
0.126722, 0
0.125318, 0
0.123929, 0
0.122555, 0
0.121196, 0
0.119851, 0
0.11852, 0
0.117204, 0
0.115901, 0
0.114613, 0
0.113339, 0
0.112015, 0
0.110832, 0
0.109598, 0
0.108377, 0
0.10717, 0
0.105975, 0
0.104793, 0
0.103624, 0
0.102468, 0
0.101324, 0
0.100192, 0
0.099073, 0
0.0979657, 0
0.0968703, 0
0.0957867, 0
0.0947151, 0
0.0936549, 0
0.0926062, 0
0.0915687, 0
0.0905426, 0
0.0895278, 0
0.0885239, 0
0.0875308, 0
0.0865485, 0
0.085577, 0
0.0846159, 0
0.0836654, 0
0.082725, 0
0.0817954, 0
0.0808754, 0
0.0799656, 0
0.0790657, 0
0.0781757, 0
0.0772953, 0
0.0764247, 0
0.0755634, 0
0.0747116, 0
0.0738693, 0
0.0730359, 0
0.072212, 0
0.0713968, 0
0.0705907, 0
0.0697934, 0
0.0690048, 0
0.0682249, 0
0.0674537, 0
0.0666908, 0
0.0659364, 0
0.0651907, 0
0.0644532, 0
0.0637234, 0
0.0630014, 0
0.0622879, 0
0.0615822, 0
0.060884, 0
0.0601935, 0
0.0595105, 0
0.0588354, 0
0.0581263, 0
0.0574577, 0
0.0568242, 0
0.0562124, 0
0.055573, 0
0.0549409, 0
0.0543158, 0
0.0536617, 0
0.0530886, 0
0.0524841, 0
0.0518863, 0
0.0512954, 0
0.0507109, 0
0.050133, 0
0.0495615, 0
0.0489567, 0
0.0484403, 0
0.0478869, 0
0.0473402, 0
0.0467997, 0
0.0462653, 0
0.0457377, 0
0.0452151, 0
0.0446984, 0
0.044188, 0
0.0436436, 0
0.043186, 0
0.0426911, 0
0.0422023, 0
0.0417191, 0
0.0412413, 0
0.040769, 0
0.0403019, 0
0.0398401, 0
0.0393834, 0
0.0389319, 0
0.0384853, 0
0.0380439, 0
0.0376073, 0
0.0371756, 0
0.0366589, 0
0.0363312, 0
0.0359126, 0
0.0354998, 0
0.0350918, 0
0.0346885, 0
0.0342895, 0
0.0338952, 0
0.0335059, 0
0.0331202, 0
0.0327387, 0
0.0323616, 0
0.0319889, 0
0.0315426, 0
0.031259, 0
0.0308998, 0
0.0305428, 0
0.030191, 0
0.0298431, 0
0.029499, 0
0.0291592, 0
0.028823, 0
0.0284896, 0
0.0281602, 0
0.0278355, 0
0.027514, 0
0.0271969, 0
0.0268826, 0
0.0265728, 0
0.0262645, 0
0.0259616, 0
0.0256603, 0
0.0253633, 0
0.0250714, 0
0.0247803, 0
0.0244933, 0
0.0242092, 0
0.0239305, 0
0.0236516, 0
0.0233785, 0
0.023107, 0
0.0228405, 0
0.0225748, 0
0.0223134, 0
0.0220554, 0
0.0217985, 0
0.0215458, 0
0.0212973, 0
0.0210486, 0
0.0208042, 0
0.0205636, 0
0.020324, 0
0.0200878, 0
0.0198546, 0
0.0196254, 0
0.0193957, 0
0.0191707, 0
0.0189478, 0
0.018729, 0
0.0183824, 0
0.0182983, 0
0.0180835, 0
0.0178749, 0
0.0176666, 0
0.0174597, 0
0.0172571, 0
0.0170553, 0
0.0168557, 0
0.0166604, 0
0.0164666, 0
0.0162744, 0
0.0160847, 0
0.0158971, 0
0.015712, 0
0.015528, 0
0.015347, 0
0.0151677, 0
0.014992, 0
0.014817, 0
0.014644, 0
0.0144719, 0
0.0143035, 0
0.0141369, 0
0.0139706, 0
0.0138077, 0
0.0136457, 0
0.0134869, 0
0.013329, 0
0.0131736, 0
0.0130186, 0
0.012851, 0
0.0127193, 0
0.0125681, 0
0.0123062, 0
0.0122138, 0
0.0120702, 0
0.011997, 0
0.0118541, 0
0.0117157, 0
0.0115784, 0
0.0114424, 0
0.0113082, 0
0.0111764, 0
0.0110442, 0
0.0109145, 0
0.0107869, 0
0.0106606, 0
0.0105347, 0
0.0104123, 0
0.0102896, 0
0.0101692, 0
0.0100493, 0
0.00993218, 0
0.00981579, 0
0.00970011, 0
0.00958753, 0
0.00947528, 0
0.0093669, 0
0.00926119, 0
0.0090914, 0
0.00903793, 0
0.00893036, 0
0.00882682, 0
0.0087224, 0
0.0086195, 0
0.00851935, 0
0.0084194, 0
0.00829471, 0
0.0082262, 0
0.00812665, 0
0.00803196, 0
0.00781865, 0
0.00784516, 0
0.00775221, 0
0.00766279, 0
0.00757015, 0
0.00747995, 0
0.00739285, 0
0.00730588, 0
0.00721826, 0
0.00713167, 0
0.00704796, 0
0.00696817, 0
0.00688634, 0
0.00680134, 0
0.00672322, 0
0.0066416, 0
0.00656689, 0
0.00648712, 0
0.00640815, 0
0.00633448, 0
0.00626115, 0
0.00618441, 0
0.00611206, 0
0.00604258, 0
0.00596832, 0
0.00589899, 0
0.00571543, 0
0.00576752, 0
0.00569514, 0
0.00562587, 0
0.00555962, 0
0.00549437, 0
0.0054299, 0
0.00536494, 0
0.00530297, 0
0.00523971, 0
0.00517749, 0
0.00511684, 0
0.00505564, 0
0.00499487, 0
0.00493567, 0
0.00487651, 0
0.00481919, 0
0.00476311, 0
0.00470686, 0
0.00464926, 0
0.00459453, 0
0.00454003, 0
0.00448629, 0
0.00443257, 0
0.00438123, 0
0.00432855, 0
0.00427667, 0
0.00422645, 0
0.00417622, 0
0.00412589, 0
0.00407761, 0
0.00402968, 0
0.00398082, 0
0.0039323, 0
0.00388782, 0
0.00384067, 0
0.00379508, 0
0.00362029, 0
0.00370806, 0
0.00366463, 0
0.00362039, 0
0.0035773, 0
0.00353551, 0
0.00349294, 0
0.00345131, 0
0.00340934, 0
0.00336907, 0
0.00332732, 0
0.00328863, 0
0.0032497, 0
0.00321152, 0
0.00317224, 0
0.00313483, 0
0.00309731, 0
0.00306049, 0
0.00302388, 0
0.00298739, 0
0.00295236, 0
0.00291687, 0
0.00288198, 0
0.00284771, 0
0.00281424, 0
0.00278006, 0
0.00274705, 0
0.00257949, 0
0.00268847, 0
0.00265416, 0
0.00262148, 0
0.00258958, 0
0.00255797, 0
0.00252851, 0
0.00249824, 0
0.00246639, 0
0.00243791, 0
0.00240884, 0
0.00238103, 0
0.00235269, 0
0.00232271, 0
0.00229577, 0
0.00226758, 0
0.00224045, 0
0.00221484, 0
0.00218816, 0
0.00216191, 0
0.00213531, 0
0.0021108, 0
0.00208535, 0
0.0020597, 0
0.00188824, 0
0.00201624, 0
0.00199006, 0
0.00196696, 0
0.00194333, 0
0.00191941, 0
0.00189707, 0
0.00187378, 0
0.00185141, 0
0.00182919, 0
0.00180722, 0
0.00178571, 0
0.00176437, 0
0.00174317, 0
0.00172235, 0
0.00170162, 0
0.00168139, 0
0.0016612, 0
0.00164125, 0
0.00162152, 0
0.00160225, 0
0.00158299, 0
0.00156405, 0
0.00154529, 0
0.00152686, 0
0.00150865, 0
0.00149047, 0
0.00147246, 0
0.00130971, 0
0.00144223, 0
0.00142363, 0
0.00140631, 0
0.00138928, 0
0.0013726, 0
0.00135612, 0
0.00133987, 0
0.00132374, 0
0.00130793, 0
0.00129217, 0
0.00127664, 0
0.0012614, 0
0.00124617, 0
0.0012313, 0
0.00121639, 0
0.00120173, 0
0.00105593, 0
0.00117929, 0
0.00116242, 0
0.00114809, 0
0.00113404, 0
0.00112049, 0
0.00110694, 0
0.00109362, 0
0.00108033, 0
0.00106741, 0
0.00105463, 0
0.00104195, 0
0.00102935, 0
0.00101704, 0
0.0010047, 0
0.000992649, 0
0.000980662, 0
0.00096889, 0
0.000957249, 0
0.000945713, 0
0.000934303, 0
0.000923037, 0
0.000911919, 0
0.000900942, 0
0.000889995, 0
0.000879392, 0
0.000868791, 0
0.000858345, 0
0.00084803, 0
0.000837737, 0
0.000827637, 0
0.000817716, 0
0.000807844, 0
0.000798072, 0
0.000788521, 0
0.000778978, 0
0.000769539, 0
0.000760267, 0
0.00075109, 0
0.000574762, 0
0.000619624, 0
0.000732324, 0
0.000722318, 0
0.000713262, 0
0.000704498, 0
0.000581401, 0
0.000690985, 0
0.000682074, 0
0.000673638, 0
0.000665414, 0
0.000657321, 0
0.000649328, 0
0.000641439, 0
0.000633631, 0
0.000626008, 0
0.000618402, 0
0.000610902, 0
0.000490521, 0
0.000600715, 0
0.000592116, 0
0.000584539, 0
0.000577329, 0
0.000570239, 0
0.000458927, 0
0.000560774, 0
0.000552711, 0
0.000545641, 0
0.000538858, 0
0.000532212, 0
0.000525673, 0
0.000519299, 0
0.000512923, 0
0.000506618, 0
0.000500458, 0
0.000494352, 0
0.000488245, 0
0.000482345, 0
0.000476432, 0
0.000470623, 0
0.000464858, 0
0.000459206, 0
0.000453595, 0
0.00032819, 0
0.000447461, 0
