0, 0
0.00179461, 6.40426e-05
0.00711158, 0.00024696
0.0158391, 0.000534967
0.0278508, 0.00091459
0.0430075, 0.00137301
0.0611579, 0.00189843
0.0821409, 0.00248035
0.105787, 0.00310997
0.131918, 0.00378023
0.160353, 0.00448638
0.190906, 0.00522561
0.223387, 0.0059974
0.257608, 0.0068031
0.293381, 0.00764644
0.330517, 0.0085322
0.368834, 0.00946614
0.408151, 0.0104553
0.448295, 0.0115062
0.489097, 0.0126253
0.530395, 0.0138185
0.572033, 0.0150906
0.613867, 0.0164448
0.655756, 0.0178832
0.69757, 0.0194061
0.739188, 0.0210127
0.780495, 0.0227007
0.821389, 0.0244665
0.861771, 0.0263055
0.901556, 0.0282124
0.940663, 0.0301809
0.979021, 0.0322041
1.01657, 0.0342746
1.05324, 0.0363848
1.089, 0.0385268
1.1238, 0.0406952
1.1576, 0.0428785
1.19037, 0.0450718
1.22209, 0.0472669
1.25273, 0.0494537
1.28229, 0.0516269
1.31076, 0.0537781
1.33812, 0.0559033
1.36437, 0.0579962
1.38953, 0.0600503
1.41358, 0.0620606
1.43655, 0.064022
1.45843, 0.0659304
1.47924, 0.0677817
1.49899, 0.0695726
1.51771, 0.0713001
1.5354, 0.0729615
1.55209, 0.0745549
1.5678, 0.0760768
1.58254, 0.0775294
1.59635, 0.078907
1.60923, 0.0802234
1.62121, 0.0814694
1.63232, 0.0826203
1.64259, 0.0837117
1.65203, 0.0847275
1.66067, 0.0856755
1.66854, 0.0865556
1.67565, 0.0873681
1.68203, 0.0881147
1.68771, 0.0887973
1.69271, 0.0894179
1.69704, 0.0899785
1.70074, 0.0904814
1.70383, 0.090929
1.70632, 0.0913237
1.70824, 0.0916679
1.7096, 0.0919642
1.71044, 0.092215
1.71077, 0.092423
1.7106, 0.0925906
1.70996, 0.0927204
1.70887, 0.0928149
1.70734, 0.0928764
1.70539, 0.0929075
1.70304, 0.0929105
1.7003, 0.0928875
1.6972, 0.0928409
1.69374, 0.0927728
1.68993, 0.0926851
1.6858, 0.0925798
1.68136, 0.0924588
1.67663, 0.0923238
1.6716, 0.0921764
1.6663, 0.0920182
1.66074, 0.0918506
1.65493, 0.0916751
1.64889, 0.0914927
1.64261, 0.0913047
1.63612, 0.0911121
1.62942, 0.0909158
1.62253, 0.0907168
1.61544, 0.0905157
1.60818, 0.0903132
1.60074, 0.0901099
1.59315, 0.0899063
1.5933, 0.0902264
1.57973, 0.0898785
1.5658, 0.0895336
1.55154, 0.0891923
1.53698, 0.088853
1.52215, 0.0885177
1.50708, 0.0881878
1.49179, 0.0878587
1.4763, 0.0875304
1.46064, 0.087205
1.44483, 0.0868795
1.42889, 0.0865522
1.41283, 0.0862251
1.39666, 0.0858952
1.38042, 0.0855585
1.36411, 0.0852194
1.34774, 0.0848686
1.33134, 0.0845054
1.31492, 0.0841334
1.29848, 0.0837552
1.28205, 0.0833663
1.26562, 0.0829659
1.24922, 0.0825534
1.23284, 0.0821283
1.21651, 0.0816904
1.20023, 0.0812391
1.184, 0.0807745
1.16784, 0.0802962
1.15175, 0.0798042
1.13574, 0.0792987
1.11982, 0.0787796
1.10399, 0.0782472
1.08826, 0.0777016
1.07263, 0.0771431
1.05712, 0.0765721
1.04172, 0.0759889
1.02644, 0.0753939
1.01128, 0.0747875
0.996254, 0.0741703
0.981359, 0.0735427
0.966599, 0.0729052
0.951979, 0.0722583
0.937501, 0.0716026
0.923168, 0.0709387
0.908983, 0.0702671
0.894949, 0.0695883
0.881068, 0.068903
0.867341, 0.0682117
0.853772, 0.0675149
0.84036, 0.0668133
0.827109, 0.0661073
0.814019, 0.0653976
0.801092, 0.0646847
0.788328, 0.0639691
0.775728, 0.0632513
0.763294, 0.0625318
0.751025, 0.0618112
0.738923, 0.0610899
0.726987, 0.0603684
0.715219, 0.0596471
0.703617, 0.0589265
0.692182, 0.058207
0.680913, 0.057489
0.669812, 0.0567729
0.658876, 0.0560592
0.648107, 0.0553481
0.637503, 0.05464
0.627063, 0.0539354
0.616788, 0.0532344
0.606676, 0.0525374
0.596727, 0.0518448
0.586939, 0.0511567
0.577312, 0.0504735
0.567845, 0.0497954
0.558537, 0.0491227
0.549386, 0.0484556
0.540392, 0.0477943
0.531553, 0.0471391
0.522868, 0.04649
0.514336, 0.0458475
0.505956, 0.0452115
0.497725, 0.0445822
0.489643, 0.0439599
0.481708, 0.0433447
0.473919, 0.0427367
0.466275, 0.042136
0.458773, 0.0415428
0.451413, 0.0409571
0.444192, 0.0403792
0.43711, 0.039809
0.430164, 0.0392467
0.423353, 0.0386923
0.416676, 0.038146
0.410131, 0.0376077
0.403717, 0.0370777
0.397431, 0.0365558
0.391272, 0.0360423
0.385238, 0.035537
0.379329, 0.0350402
0.373541, 0.0345518
0.367207, 0.0340396
0.354125, 0.032922
0.34171, 0.0318552
0.32994, 0.0308385
0.318793, 0.0298723
0.308245, 0.0289562
0.298278, 0.0280899
0.288866, 0.0272737
0.279993, 0.0265079
0.271636, 0.0257907
0.263775, 0.0251227
0.256394, 0.0245028
0.249471, 0.0239308
0.242989, 0.0234055
0.236932, 0.0229263
0.231282, 0.0224931
0.226021, 0.0221035
0.221136, 0.0217581
0.21661, 0.0214542
0.212429, 0.0211918
0.208578, 0.0209695
0.205044, 0.0207845
0.201815, 0.0206374
0.198875, 0.0205248
0.196215, 0.0204466
0.193822, 0.0204003
0.191685, 0.0203853
0.189793, 0.0203988
0.188135, 0.02044
0.186704, 0.020508
0.185487, 0.0206001
0.184477, 0.0207153
0.183664, 0.0208524
0.183041, 0.0210099
0.182599, 0.0211871
0.182331, 0.0213812
0.18223, 0.0215925
0.182288, 0.0218192
0.182499, 0.0220618
0.182857, 0.0223185
0.183355, 0.0225889
0.183987, 0.0228705
0.184747, 0.0231642
0.185631, 0.0234678
0.186632, 0.0237809
0.187748, 0.0241037
0.188974, 0.0244355
0.190304, 0.0247761
0.191735, 0.0251243
0.193263, 0.0254799
0.194883, 0.0258431
0.196592, 0.0262134
0.198387, 0.0265892
0.200265, 0.0269715
0.202222, 0.0273597
0.204255, 0.0277525
0.206362, 0.028152
0.208539, 0.0285557
0.210783, 0.0289643
0.213094, 0.0293774
0.215468, 0.0297953
0.217902, 0.0302167
0.220395, 0.0306424
0.222946, 0.0310722
0.225549, 0.0315055
0.228207, 0.0319426
0.230915, 0.0323828
0.233674, 0.0328261
0.236481, 0.033273
0.239332, 0.0337225
0.242229, 0.0341758
0.24517, 0.034631
0.248152, 0.0350894
0.251175, 0.0355504
0.254237, 0.036014
0.257338, 0.0364788
0.260475, 0.0369475
0.26365, 0.0374172
0.26686, 0.0378904
0.270103, 0.0383644
0.27338, 0.0388399
0.276689, 0.0393193
0.280029, 0.0397992
0.2834, 0.0402799
0.286802, 0.0407629
0.290232, 0.041247
0.293692, 0.0417334
0.297177, 0.0422212
0.300691, 0.0427103
0.304231, 0.0431998
0.307798, 0.0436918
0.311388, 0.0441828
0.315003, 0.0446758
0.318644, 0.0451705
0.322307, 0.0456656
0.325992, 0.0461611
0.329702, 0.0466579
0.333433, 0.0471551
0.337186, 0.0476521
0.340961, 0.0481512
0.34905, 0.0492339
0.357066, 0.0502766
0.365166, 0.0513199
0.373347, 0.0523633
0.381605, 0.0534062
0.389938, 0.0544479
0.398342, 0.055488
0.406815, 0.0565257
0.415354, 0.0575605
0.423957, 0.0585918
0.432622, 0.059619
0.441346, 0.0606416
0.450127, 0.061659
0.458963, 0.0626706
0.467851, 0.063676
0.47679, 0.0646746
0.485778, 0.0656659
0.494812, 0.0666493
0.50389, 0.0676244
0.513012, 0.0685905
0.522174, 0.0695474
0.531375, 0.0704944
0.540614, 0.071431
0.549887, 0.0723569
0.559194, 0.0732715
0.568532, 0.0741745
0.577901, 0.0750654
0.587297, 0.0759437
0.596719, 0.0768091
0.606167, 0.0776612
0.615637, 0.0784995
0.625128, 0.0793238
0.634638, 0.0801338
0.644166, 0.080929
0.65371, 0.0817092
0.663268, 0.0824742
0.672839, 0.0832236
0.682421, 0.0839572
0.692012, 0.0846747
0.701611, 0.085376
0.711216, 0.0860608
0.720825, 0.086729
0.730436, 0.0873804
0.740049, 0.088015
0.749661, 0.0886325
0.759272, 0.0892331
0.768878, 0.0898165
0.778479, 0.0903829
0.788074, 0.090932
0.79766, 0.0914641
0.807236, 0.0919791
0.816801, 0.0924771
0.826353, 0.0929583
0.83589, 0.0934228
0.845411, 0.0938708
0.854915, 0.0943023
0.8644, 0.0947179
0.873864, 0.0951175
0.883307, 0.0955016
0.892727, 0.0958706
0.902122, 0.0962246
0.91149, 0.0965641
0.920832, 0.0968893
0.930144, 0.0972009
0.939427, 0.0974994
0.948678, 0.0977852
0.957896, 0.098059
0.96708, 0.0983213
0.976229, 0.0985727
0.985342, 0.0988139
0.994416, 0.0990456
1.00345, 0.0992685
1.01245, 0.0994833
1.0214, 0.099691
1.03031, 0.0998922
1.03918, 0.100088
1.048, 0.100279
1.05677, 0.100466
1.0655, 0.10065
1.07418, 0.100833
1.08281, 0.101015
1.09139, 0.101197
1.09992, 0.101381
1.1084, 0.101567
1.11682, 0.101756
1.12519, 0.10195
1.1335, 0.10215
1.14175, 0.102357
1.14995, 0.102572
1.15809, 0.102797
1.16617, 0.103032
1.17419, 0.103279
1.18215, 0.103539
1.19005, 0.103813
1.19788, 0.104103
1.20565, 0.104409
1.21336, 0.104733
1.221, 0.105077
1.22858, 0.10544
1.23609, 0.105825
1.24353, 0.106232
1.2509, 0.106663
1.25821, 0.107119
1.26545, 0.1076
1.27261, 0.108107
1.27971, 0.108643
1.28673, 0.109207
1.29369, 0.1098
1.30057, 0.110423
1.30738, 0.111077
1.31411, 0.111763
1.32077, 0.112481
1.32736, 0.113232
1.33387, 0.114016
1.34031, 0.114834
1.34667, 0.115686
1.35295, 0.116573
1.35916, 0.117494
1.36529, 0.11845
1.37135, 0.119441
1.37733, 0.120468
1.38322, 0.121529
1.38904, 0.122626
1.39479, 0.123758
1.40045, 0.124924
1.40603, 0.126126
1.41154, 0.127361
1.41696, 0.128631
1.4223, 0.129935
1.42757, 0.131272
1.43275, 0.132642
1.43786, 0.134044
1.44288, 0.135478
1.44782, 0.136944
1.45268, 0.13844
1.45746, 0.139967
1.46216, 0.141523
1.46678, 0.143108
1.47131, 0.144721
1.47577, 0.146362
1.48014, 0.148029
1.48443, 0.149722
1.48864, 0.15144
1.49277, 0.153183
1.49682, 0.15495
1.50079, 0.156739
1.50467, 0.15855
1.50847, 0.160383
1.51219, 0.162236
1.51583, 0.164109
1.51939, 0.166
1.52287, 0.16791
1.52627, 0.169836
1.52958, 0.171779
1.53282, 0.173738
1.53597, 0.175711
1.53905, 0.177698
1.54204, 0.179698
1.54496, 0.181711
1.54779, 0.183735
1.55054, 0.18577
1.55322, 0.187815
1.55581, 0.189869
1.55833, 0.191932
1.56077, 0.194002
1.56312, 0.19608
1.5654, 0.198164
1.56761, 0.200253
1.56973, 0.202347
1.57178, 0.204445
1.57375, 0.206546
1.57564, 0.208651
1.57746, 0.210757
1.5792, 0.212865
1.58086, 0.214973
1.58245, 0.217082
1.58396, 0.21919
1.5854, 0.221297
1.58676, 0.223402
1.58805, 0.225505
1.58926, 0.227605
1.59041, 0.229701
1.59147, 0.231794
1.59247, 0.233881
1.59339, 0.235964
1.59425, 0.23804
1.59503, 0.240111
1.59573, 0.242175
1.59637, 0.244231
1.59694, 0.24628
1.59744, 0.24832
1.59787, 0.250352
1.59823, 0.252374
1.59852, 0.254387
1.59874, 0.256389
1.5989, 0.258381
1.59899, 0.260363
1.59901, 0.262332
1.59897, 0.26429
1.59886, 0.266236
1.59868, 0.268169
1.59844, 0.27009
1.59814, 0.271997
1.59777, 0.27389
1.59734, 0.275769
1.59685, 0.277635
1.59629, 0.279485
1.59568, 0.28132
1.595, 0.28314
1.59426, 0.284945
1.59346, 0.286733
1.5926, 0.288505
1.59168, 0.290261
1.59071, 0.292001
1.58967, 0.293723
1.58858, 0.295428
1.58743, 0.297115
1.58623, 0.298785
1.58497, 0.300437
1.58365, 0.30207
1.58228, 0.303686
1.58085, 0.305282
1.57937, 0.30686
1.57784, 0.308419
1.57625, 0.309959
1.57462, 0.31148
1.57293, 0.312981
1.57119, 0.314463
1.56939, 0.315924
1.56755, 0.317367
1.56566, 0.318788
1.56372, 0.320189
1.56174, 0.321571
1.5597, 0.322932
1.55762, 0.324272
1.55549, 0.325592
1.55331, 0.326891
1.55109, 0.32817
1.54883, 0.329428
1.54651, 0.330664
1.54416, 0.331879
1.54176, 0.333073
1.53932, 0.334246
1.53684, 0.335399
1.53431, 0.336529
1.53174, 0.337639
1.52914, 0.338727
1.52649, 0.339794
1.5238, 0.340839
1.52108, 0.341864
1.51831, 0.342866
1.51551, 0.343848
1.51267, 0.344808
1.50979, 0.345745
1.50687, 0.346662
1.50392, 0.347558
1.50094, 0.348433
1.49792, 0.349286
1.49486, 0.350118
1.49177, 0.350929
1.48865, 0.351716
1.4855, 0.352485
1.48231, 0.353231
1.47909, 0.353957
1.47584, 0.354661
1.47256, 0.355345
1.46925, 0.356007
1.46591, 0.356648
1.46254, 0.35727
1.45914, 0.357869
1.45571, 0.358448
1.45225, 0.359006
1.44877, 0.359545
1.44526, 0.360062
1.44172, 0.360559
1.43816, 0.361038
1.43457, 0.361492
1.43096, 0.361929
1.42732, 0.362345
1.42366, 0.362742
1.41998, 0.363118
1.41627, 0.363476
1.41254, 0.363814
1.40878, 0.364131
1.40501, 0.36443
1.40121, 0.364709
1.3974, 0.36497
1.39356, 0.365211
1.3897, 0.365432
1.38583, 0.365636
1.38193, 0.36582
1.37802, 0.365987
1.37409, 0.366135
1.37014, 0.366264
1.36617, 0.366376
1.36219, 0.366469
1.35819, 0.366545
1.35417, 0.366603
1.35014, 0.366644
1.34609, 0.366666
1.34367, 0.367726
1.33503, 0.367657
1.32632, 0.367513
1.31757, 0.367296
1.30876, 0.367009
1.29991, 0.366652
1.29101, 0.366225
1.28207, 0.365731
1.27308, 0.365173
1.26407, 0.364548
1.25502, 0.363862
1.24594, 0.363114
1.23683, 0.362307
1.22771, 0.361441
1.21856, 0.360518
1.20939, 0.359539
1.20021, 0.358507
1.19101, 0.357421
1.18181, 0.356285
1.17259, 0.355099
1.16338, 0.353865
1.15415, 0.352584
1.14493, 0.351257
1.13571, 0.349886
1.1265, 0.348473
1.11729, 0.347018
1.10809, 0.345524
1.0989, 0.343991
1.08972, 0.342421
1.08056, 0.340815
1.07141, 0.339173
1.06228, 0.337499
1.05317, 0.335792
1.04408, 0.334056
1.03501, 0.332289
1.02597, 0.330493
1.01695, 0.328671
1.00796, 0.326823
0.999003, 0.32495
0.990073, 0.323053
0.981175, 0.321135
0.972309, 0.319194
0.963476, 0.317232
0.95468, 0.315252
0.945919, 0.313254
0.937196, 0.311237
0.928512, 0.309204
0.919867, 0.307157
0.911262, 0.305095
0.902698, 0.30302
0.894178, 0.300931
0.8857, 0.298831
0.877266, 0.296722
0.868876, 0.294601
0.860532, 0.292472
0.852235, 0.290334
0.843984, 0.28819
0.835781, 0.286037
0.827626, 0.28388
0.81952, 0.281717
0.811463, 0.27955
0.803456, 0.277378
0.795498, 0.275204
0.787592, 0.273026
0.779736, 0.270847
0.771933, 0.268667
0.764182, 0.266487
0.756482, 0.264306
0.748835, 0.262125
0.741241, 0.259946
0.733701, 0.257769
0.726214, 0.255593
0.718781, 0.25342
0.711401, 0.25125
0.704076, 0.249084
0.696805, 0.246922
0.689588, 0.244764
0.682426, 0.242611
0.675319, 0.240464
0.668266, 0.238322
0.661268, 0.236187
0.654325, 0.234058
0.647438, 0.231936
0.640605, 0.229821
0.633826, 0.227713
0.627103, 0.225613
0.620435, 0.223522
0.613822, 0.221439
0.607264, 0.219365
0.60076, 0.2173
0.594312, 0.215245
0.587918, 0.213199
0.581578, 0.211162
0.575292, 0.209135
0.569062, 0.207119
0.562885, 0.205114
0.556762, 0.203118
0.550693, 0.201134
0.544678, 0.199161
0.538716, 0.197199
0.532808, 0.195249
0.526953, 0.19331
0.52115, 0.191382
0.515401, 0.189466
0.509704, 0.187563
0.50406, 0.185671
0.498467, 0.183792
0.492927, 0.181925
0.487437, 0.180071
0.482, 0.178229
0.476613, 0.176399
0.471278, 0.174582
0.465993, 0.172779
0.460758, 0.170987
0.455573, 0.169209
0.450438, 0.167444
0.445352, 0.165691
0.440317, 0.163952
0.435329, 0.162226
0.43039, 0.160513
0.4255, 0.158813
0.420658, 0.157126
0.415863, 0.155453
0.411116, 0.153793
0.406416, 0.152146
0.401763, 0.150512
0.397156, 0.148892
0.392596, 0.147285
0.388081, 0.145691
0.383612, 0.144111
0.379188, 0.142544
0.374809, 0.140989
0.370474, 0.139449
0.366184, 0.13792
0.361938, 0.136406
0.357735, 0.134905
0.353576, 0.133417
0.349459, 0.131942
0.345385, 0.13048
0.341354, 0.129031
0.337364, 0.127595
0.333416, 0.126173
0.32951, 0.124762
0.325644, 0.123365
0.321819, 0.12198
0.318034, 0.120609
0.314289, 0.11925
0.310584, 0.117904
0.306919, 0.11657
0.303292, 0.115249
0.299704, 0.11394
0.296154, 0.112645
0.292642, 0.111361
0.289168, 0.11009
0.285731, 0.10883
0.282332, 0.107584
0.278969, 0.106349
0.275643, 0.105126
0.272352, 0.103915
0.269098, 0.102716
0.265878, 0.101529
0.262694, 0.100354
0.259545, 0.0991909
0.25643, 0.0980385
0.25335, 0.0968988
0.250303, 0.0957696
0.24729, 0.0946523
0.24431, 0.0935461
0.241363, 0.0924514
0.238448, 0.0913678
0.235566, 0.0902953
0.232716, 0.0892336
0.229898, 0.0881831
0.227111, 0.0871434
0.224355, 0.0861145
0.22163, 0.0850961
0.218936, 0.0840888
0.216271, 0.0830917
0.213637, 0.0821051
0.211033, 0.081129
0.208457, 0.080163
0.205911, 0.0792075
0.203394, 0.078262
0.200905, 0.0773266
0.198444, 0.0764011
0.196012, 0.0754856
0.193606, 0.0745798
0.191229, 0.0736839
0.188878, 0.0727975
0.186555, 0.0719212
0.184258, 0.0710536
0.181987, 0.070196
0.179742, 0.0693473
0.177524, 0.0685083
0.17533, 0.0676786
0.173163, 0.0668572
0.17102, 0.0660461
0.168901, 0.0652428
0.166807, 0.0644485
0.164737, 0.0636631
0.162442, 0.0627932
0.159565, 0.0616998
0.156734, 0.0606235
0.153951, 0.0595649
0.151214, 0.0585228
0.148523, 0.0574976
0.145877, 0.0564888
0.143275, 0.0554964
0.140716, 0.05452
0.138201, 0.0535589
0.135728, 0.0526139
0.133296, 0.051684
0.130906, 0.0507699
0.128555, 0.0498701
0.126245, 0.0489852
0.123974, 0.0481151
0.121741, 0.0472597
0.119546, 0.0464175
0.117389, 0.0455894
0.115268, 0.0447754
0.113184, 0.0439748
0.111135, 0.0431877
0.109121, 0.0424134
0.107142, 0.0416521
0.105197, 0.0409037
0.103285, 0.0401676
0.101406, 0.0394443
0.0995594, 0.0387327
0.0977449, 0.0380337
0.0959617, 0.037346
0.0942092, 0.0366702
0.0924871, 0.0360057
0.090795, 0.0353528
0.0891324, 0.0347108
0.0874986, 0.0340796
0.0858931, 0.0334597
0.0843159, 0.0328499
0.0827662, 0.0322509
0.0812434, 0.0316619
0.0797474, 0.0310833
0.0782777, 0.0305144
0.0768338, 0.0299556
0.0754152, 0.0294063
0.0740216, 0.0288665
0.0726527, 0.0283362
0.0713078, 0.027815
0.0699862, 0.0273027
0.0686888, 0.0267996
0.067414, 0.0263051
0.0661618, 0.0258194
0.0649318, 0.0253422
0.0637236, 0.0248733
0.0625369, 0.0244126
0.0613715, 0.0239601
0.0602269, 0.0235157
0.0591024, 0.0230789
0.0579982, 0.0226497
0.0569139, 0.0222283
0.0558487, 0.0218144
0.0548027, 0.0214076
0.0537754, 0.0210083
0.0527668, 0.0206159
0.0517761, 0.0202305
0.0508034, 0.019852
0.0498481, 0.0194804
0.04891, 0.019115
0.0479889, 0.0187564
0.0470847, 0.0184046
0.0461963, 0.0180585
0.0453248, 0.0177191
0.0444683, 0.0173853
0.0436276, 0.0170578
0.0428026, 0.0167365
0.0419919, 0.0164205
0.0411963, 0.0161103
0.0404152, 0.0158062
0.0396484, 0.0155068
0.0388956, 0.0152134
0.0381564, 0.0149254
0.0374311, 0.014642
0.0367187, 0.0143645
0.0360194, 0.0140916
0.035333, 0.0138237
0.0346592, 0.0135607
0.0339977, 0.0133026
0.0333485, 0.0130496
0.0327109, 0.0128007
0.0320855, 0.0125567
0.0314713, 0.0123166
0.0308687, 0.0120815
0.030277, 0.0118504
0.0296967, 0.0116235
0.0291267, 0.0114009
0.0285676, 0.0111825
0.0280185, 0.0109683
0.0274797, 0.0107573
0.0269511, 0.0105509
0.0264322, 0.0103482
0.0259225, 0.0101493
0.0254227, 0.00995372
0.0249322, 0.00976212
0.0244513, 0.00957413
0.0239785, 0.00938963
0.0235149, 0.00920809
0.0230603, 0.0090303
0.0226138, 0.00885582
0.0221752, 0.00868449
0.021746, 0.00851697
0.0213242, 0.0083516
0.0209103, 0.00818986
0.0205045, 0.00803119
0.0201056, 0.00787529
0.0197149, 0.00772225
0.0193316, 0.0075722
0.0189548, 0.00742511
0.0185858, 0.00728056
0.0182235, 0.00713901
0.0178683, 0.00699975
0.0175194, 0.00686353
0.0171776, 0.00672952
0.0168421, 0.00659831
0.0165125, 0.0064693
0.0161895, 0.00634309
0.0158725, 0.00621911
0.0155618, 0.0060976
0.015257, 0.00597789
0.0149575, 0.00586084
0.0146642, 0.00574595
0.0143765, 0.00563338
0.0140941, 0.00552274
0.0138172, 0.00541446
0.0135454, 0.00530773
0.013279, 0.00520344
0.0130177, 0.00510131
0.0127612, 0.00500091
0.0125097, 0.00490225
0.0122628, 0.00480573
0.0120208, 0.00471107
0.0117838, 0.00461823
0.011551, 0.00452731
0.0113227, 0.00443792
0.0110982, 0.00435007
0.0108791, 0.00426395
0.0106634, 0.00417976
0.0104524, 0.00409726
0.0102455, 0.004016
0.0100422, 0.0039362
0.00984302, 0.00385815
0.00964741, 0.00378151
0.00945571, 0.00370655
0.00926783, 0.00363317
0.00908385, 0.00356097
0.00890299, 0.00349023
0.00872574, 0.0034208
0.0085522, 0.00335277
0.00838181, 0.00328622
0.00821501, 0.00322054
0.00805083, 0.0031565
0.00789031, 0.00309347
0.00773262, 0.00303171
0.00757859, 0.00297162
0.00742676, 0.00291197
0.00727821, 0.00285395
0.00713274, 0.00279687
0.00699016, 0.00274083
0.00685015, 0.00268587
0.00671309, 0.00263233
0.00657824, 0.00257904
0.00644619, 0.00252759
0.00631732, 0.00247698
0.00619024, 0.00242722
0.00606606, 0.00237852
0.0059438, 0.0023306
0.00582444, 0.00228372
0.00570741, 0.00223836
0.00559239, 0.00219315
0.0054798, 0.00214901
0.00536977, 0.00210574
0.00526152, 0.00206353
0.00515533, 0.00202147
0.00505141, 0.00198074
0.00494951, 0.00194098
0.00484993, 0.00190222
0.00475179, 0.00186334
0.00465564, 0.0018257
0.00456189, 0.00178947
0.00446912, 0.001753
0.00437906, 0.00171711
0.00429026, 0.00168234
0.00420366, 0.00164857
0.00411809, 0.00161491
0.00403494, 0.00158242
0.00395323, 0.00155015
0.00387255, 0.00151861
0.00379443, 0.00148804
0.00371722, 0.00145762
0.00364165, 0.0014283
0.003568, 0.00139946
0.0034953, 0.00137083
0.00342417, 0.00134274
0.00335473, 0.00131539
0.00328639, 0.00128893
0.00321929, 0.00126246
0.00315361, 0.00123686
0.00308919, 0.00121159
0.00302626, 0.00118699
0.00296482, 0.00116284
0.00290411, 0.00113914
0.00284458, 0.0011156
0.00278658, 0.00109295
0.00273005, 0.00107045
0.00267403, 0.00104879
0.00261952, 0.00102735
0.00256571, 0.00100632
0.00251332, 0.000985666
0.00246157, 0.000965262
0.00241125, 0.000945619
0.00236189, 0.000926609
0.00231352, 0.00090732
0.00226602, 0.000888743
0.00221936, 0.000870734
0.00217375, 0.000852871
0.00212925, 0.000835336
0.00208555, 0.00081796
0.00204252, 0.000801235
0.00200058, 0.000785046
0.00195956, 0.000768705
0.00191962, 0.000753001
0.00187976, 0.000737689
0.001841, 0.000722271
0.00180326, 0.000707424
0.001766, 0.000692906
0.00172971, 0.000678663
0.00169398, 0.000664603
0.00165891, 0.000651179
0.001625, 0.000637873
0.00159135, 0.000624649
0.00155849, 0.000611664
0.00152616, 0.000598972
0.00149475, 0.000586678
0.00146378, 0.00057451
0.00143354, 0.000562574
0.00140394, 0.000551141
0.00137477, 0.000539866
0.00134626, 0.000528677
0.00131839, 0.000517786
0.00129093, 0.000507085
0.00126431, 0.000496734
0.00123801, 0.000486234
0.00121247, 0.00047622
0.00118708, 0.000466497
0.00116252, 0.000456802
0.00113828, 0.000447282
0.00111483, 0.000438077
0.00109157, 0.000429062
0.00106873, 0.000420065
0.00104664, 0.000411563
0.00102477, 0.000402951
0.00100353, 0.000394758
0.000982602, 0.000386442
0.000962104, 0.00037844
0.000941981, 0.000370572
0.000922307, 0.000362864
0.000903186, 0.000355516
0.000884275, 0.000348005
0.00086583, 0.000340785
0.00084765, 0.000333793
0.000829999, 0.000326787
0.000812548, 0.000319872
0.000795556, 0.00031332
0.000779018, 0.000306801
0.000762643, 0.000300536
0.000746587, 0.000294267
0.000730875, 0.000288003
0.000715563, 0.00028191
0.000700501, 0.000276012
0.000685916, 0.0002702
0.000671374, 0.000264547
0.000657319, 0.000259172
0.000643511, 0.000253577
0.000629875, 0.000248143
0.000616586, 0.00024302
0.000603669, 0.000237882
0.000590979, 0.000232952
0.000578495, 0.000227899
0.000566287, 0.000223124
0.000554342, 0.000218399
0.000542736, 0.0002139
0.000531218, 0.000209214
0.000520002, 0.000204871
0.000509049, 0.000200591
0.000498382, 0.000196298
0.000487785, 0.000192146
0.000477436, 0.000188038
0.000467419, 0.00018411
0.000457588, 0.000180187
0.000447963, 0.000176456
0.000438441, 0.00017269
0.000429123, 0.000168867
0.000420102, 0.000165347
0.000411231, 0.000161869
0.000402516, 0.00015836
0.000394027, 0.000155032
0.000385657, 0.000151752
0.00037751, 0.000148545
0.000369515, 0.00014534
0.000361662, 0.000142239
0.000354047, 0.000139242
0.00034655, 0.000136262
0.000339215, 0.00013341
0.000331983, 0.000130535
0.000324999, 0.00012779
0.000318073, 0.000125024
0.000311321, 0.000122366
0.000304673, 0.000119714
0.000298285, 0.000117282
0.000291965, 0.000114757
0.000285772, 0.000112311
0.000279684, 0.000109867
0.000273791, 0.000107666
0.000268013, 0.000105344
0.000262271, 0.000103
0.000256688, 0.00010089
0.000251244, 9.86504e-05
0.000245884, 9.65457e-05
0.000240682, 9.44982e-05
0.000235547, 9.25392e-05
0.000230575, 9.05753e-05
0.000225728, 8.86558e-05
0.000220879, 8.67466e-05
0.00021619, 8.49288e-05
0.000211605, 8.31216e-05
0.000207077, 8.13481e-05
0.000202666, 7.96199e-05
0.000198372, 7.79043e-05
0.000194154, 7.62711e-05
0.000190018, 7.46166e-05
0.000185958, 7.30222e-05
0.000181991, 7.14582e-05
0.000178123, 6.99645e-05
0.000174312, 6.84753e-05
0.000170603, 6.70195e-05
0.000166964, 6.55567e-05
0.000163387, 6.41209e-05
0.000159889, 6.27652e-05
0.000156485, 6.14313e-05
0.000153167, 6.01144e-05
0.000149876, 5.8854e-05
0.000146659, 5.7556e-05
0.000143565, 5.63877e-05
0.000140492, 5.51785e-05
0.000137495, 5.39621e-05
0.00013456, 5.28107e-05
0.000131649, 5.16943e-05
0.000128831, 5.06121e-05
0.000126125, 4.94806e-05
0.000123379, 4.84388e-05
0.000120785, 4.74328e-05
0.000118153, 4.63908e-05
0.000115656, 4.53738e-05
0.000113119, 4.44465e-05
0.000110763, 4.34585e-05
0.00010834, 4.25118e-05
0.00010606, 4.16196e-05
0.000103778, 4.07357e-05
0.000101529, 3.98613e-05
9.94e-05, 3.89831e-05
9.72557e-05, 3.81505e-05
9.51633e-05, 3.73585e-05
9.31365e-05, 3.65148e-05
9.11276e-05, 3.5779e-05
8.91893e-05, 3.50057e-05
8.7272e-05, 3.42145e-05
8.53738e-05, 3.35074e-05
8.35424e-05, 3.27825e-05
8.17327e-05, 3.20631e-05
8.00027e-05, 3.13677e-05
7.83064e-05, 3.07246e-05
7.66002e-05, 3.00594e-05
7.49611e-05, 2.93932e-05
7.33564e-05, 2.87598e-05
7.17749e-05, 2.81558e-05
7.02068e-05, 2.75139e-05
6.87428e-05, 2.69462e-05
6.72419e-05, 2.63439e-05
6.58042e-05, 2.58179e-05
6.44039e-05, 2.52217e-05
6.30174e-05, 2.47011e-05
6.16322e-05, 2.41669e-05
6.03448e-05, 2.36557e-05
5.90379e-05, 2.31199e-05
5.77531e-05, 2.26191e-05
5.6517e-05, 2.2151e-05
5.5296e-05, 2.16631e-05
5.40925e-05, 2.12033e-05
5.29475e-05, 2.07055e-05
5.1795e-05, 2.03192e-05
5.06824e-05, 1.98428e-05
4.95848e-05, 1.93984e-05
4.85315e-05, 1.90041e-05
4.7931e-05, 1.8637e-05
4.64462e-05, 1.80683e-05
4.51179e-05, 1.75557e-05
4.38137e-05, 1.70313e-05
4.25503e-05, 1.65614e-05
4.13224e-05, 1.60727e-05
4.01307e-05, 1.56086e-05
3.89886e-05, 1.51624e-05
3.78508e-05, 1.4728e-05
3.67771e-05, 1.43049e-05
3.57176e-05, 1.38911e-05
3.46953e-05, 1.3488e-05
3.36932e-05, 1.30991e-05
3.27157e-05, 1.27174e-05
3.17844e-05, 1.23475e-05
3.086e-05, 1.19908e-05
2.9965e-05, 1.16405e-05
2.91022e-05, 1.13092e-05
2.82691e-05, 1.09703e-05
2.74522e-05, 1.06686e-05
2.66676e-05, 1.03591e-05
2.5889e-05, 1.00695e-05
2.51447e-05, 9.76808e-06
2.44126e-05, 9.48237e-06
2.37052e-05, 9.20728e-06
2.30268e-05, 8.92436e-06
2.23734e-05, 8.69538e-06
2.17063e-05, 8.43543e-06
2.10964e-05, 8.19265e-06
2.04837e-05, 7.95134e-06
1.98954e-05, 7.73316e-06
1.93103e-05, 7.49541e-06
1.87532e-05, 7.28081e-06
1.82071e-05, 7.07287e-06
1.76911e-05, 6.86813e-06
1.71717e-05, 6.66709e-06
1.66848e-05, 6.48033e-06
1.62053e-05, 6.29374e-06
1.57175e-05, 6.09678e-06
1.52748e-05, 5.93019e-06
1.48273e-05, 5.75669e-06
1.44024e-05, 5.59079e-06
1.3981e-05, 5.42441e-06
1.35735e-05, 5.25948e-06
1.31878e-05, 5.1187e-06
1.28019e-05, 4.96319e-06
1.24281e-05, 4.82066e-06
1.20788e-05, 4.68165e-06
1.17254e-05, 4.54694e-06
1.13829e-05, 4.41684e-06
1.10548e-05, 4.28916e-06
1.07351e-05, 4.16039e-06
1.04227e-05, 4.03927e-06
1.01199e-05, 3.92282e-06
9.82967e-06, 3.81091e-06
9.53686e-06, 3.69487e-06
9.2637e-06, 3.5909e-06
8.99043e-06, 3.48277e-06
8.73199e-06, 3.38224e-06
8.47793e-06, 3.27927e-06
8.23063e-06, 3.19522e-06
7.99948e-06, 3.09596e-06
7.76303e-06, 3.00602e-06
7.53404e-06, 2.92256e-06
7.3181e-06, 2.83293e-06
7.10089e-06, 2.7511e-06
6.90058e-06, 2.67161e-06
6.69731e-06, 2.59187e-06
6.50589e-06, 2.52226e-06
6.31705e-06, 2.44358e-06
6.13151e-06, 2.37473e-06
5.95381e-06, 2.29995e-06
5.7818e-06, 2.2403e-06
5.61178e-06, 2.17181e-06
5.44527e-06, 2.10702e-06
5.28912e-06, 2.05029e-06
5.13863e-06, 1.98327e-06
4.98877e-06, 1.93599e-06
4.84099e-06, 1.87224e-06
4.70359e-06, 1.82065e-06
4.56035e-06, 1.76667e-06
4.42993e-06, 1.71305e-06
4.30736e-06, 1.6689e-06
4.17358e-06, 1.61942e-06
4.05865e-06, 1.56805e-06
3.93365e-06, 1.52628e-06
3.81828e-06, 1.48182e-06
3.71018e-06, 1.4375e-06
3.60152e-06, 1.40127e-06
3.49968e-06, 1.35472e-06
3.39191e-06, 1.31796e-06
3.2917e-06, 1.28375e-06
3.20237e-06, 1.24463e-06
3.10822e-06, 1.20347e-06
3.01109e-06, 1.16985e-06
2.92328e-06, 1.13613e-06
2.84012e-06, 1.10769e-06
2.75746e-06, 1.06771e-06
2.67179e-06, 1.03936e-06
2.59309e-06, 1.00763e-06
2.51842e-06, 9.85045e-07
2.44508e-06, 9.51819e-07
2.37335e-06, 9.2374e-07
2.3039e-06, 9.01142e-07
2.23677e-06, 8.68812e-07
2.17111e-06, 8.453e-07
2.106e-06, 8.2128e-07
2.0447e-06, 7.96303e-07
1.9847e-06, 7.72679e-07
1.9267e-06, 7.5302e-07
1.87131e-06, 7.28849e-07
1.81485e-06, 7.05629e-07
1.75887e-06, 6.85799e-07
1.70995e-06, 6.67079e-07
1.6602e-06, 6.47422e-07
1.60798e-06, 6.28827e-07
1.56156e-06, 6.06374e-07
1.51554e-06, 5.92741e-07
1.47415e-06, 5.70833e-07
1.42665e-06, 5.58734e-07
1.38429e-06, 5.43833e-07
1.3456e-06, 5.26706e-07
1.30593e-06, 5.08413e-07
1.26479e-06, 4.924e-07
1.22763e-06, 4.77629e-07
1.19631e-06, 4.64419e-07
1.15801e-06, 4.53499e-07
1.1249e-06, 4.35733e-07
1.09002e-06, 4.22464e-07
1.05745e-06, 4.12896e-07
1.02648e-06, 4.00468e-07
9.96278e-07, 3.89506e-07
9.60808e-07, 3.78023e-07
9.35273e-07, 3.67598e-07
9.08179e-07, 3.5531e-07
8.80426e-07, 3.45478e-07
8.52743e-07, 3.32589e-07
8.29598e-07, 3.26162e-07
8.0708e-07, 3.12782e-07
7.80607e-07, 3.05181e-07
7.56694e-07, 2.95868e-07
7.33901e-07, 2.87821e-07
7.13447e-07, 2.7712e-07
6.94708e-07, 2.72406e-07
6.68378e-07, 2.61876e-07
6.51271e-07, 2.53577e-07
6.30324e-07, 2.5305e-07
6.10699e-07, 2.46634e-07
5.91872e-07, 2.37949e-07
5.76005e-07, 2.31095e-07
5.60194e-07, 2.24293e-07
5.44327e-07, 2.13887e-07
5.27958e-07, 2.10933e-07
5.13039e-07, 2.01291e-07
4.97328e-07, 1.95834e-07
4.8184e-07, 1.89277e-07
4.66492e-07, 1.80131e-07
4.47506e-07, 1.70834e-07
4.37804e-07, 1.67079e-07
4.25625e-07, 1.60539e-07
4.1376e-07, 1.58046e-07
3.99781e-07, 1.51513e-07
3.8903e-07, 1.44106e-07
3.80003e-07, 1.40539e-07
3.70963e-07, 1.36931e-07
3.6095e-07, 1.31957e-07
3.48718e-07, 1.25307e-07
3.40002e-07, 1.21711e-07
3.30679e-07, 1.17721e-07
3.19434e-07, 1.14523e-07
3.10958e-07, 1.08219e-07
3.03636e-07, 1.02576e-07
2.97011e-07, 9.92052e-08
2.88534e-07, 9.62061e-08
2.81837e-07, 8.92234e-08
2.74318e-07, 8.50434e-08
2.68522e-07, 8.31671e-08
2.62722e-07, 8.02905e-08
2.56803e-07, 8.02632e-08
2.51283e-07, 7.60865e-08
2.45206e-07, 7.50514e-08
2.40673e-07, 7.46859e-08
2.35178e-07, 7.10569e-08
2.30334e-07, 7.15499e-08
2.25736e-07, 6.76977e-08
2.19708e-07, 6.52706e-08
2.13865e-07, 6.15981e-08
2.09801e-07, 5.78516e-08
2.04494e-07, 6.04255e-08
2.00873e-07, 5.62809e-08
1.97251e-07, 5.57285e-08
1.92534e-07, 5.53902e-08
1.89479e-07, 5.36008e-08
1.84344e-07, 5.28044e-08
1.80814e-07, 5.18376e-08
1.75878e-07, 4.97197e-08
1.73644e-07, 4.94931e-08
1.69613e-07, 4.83203e-08
1.64928e-07, 4.80451e-08
1.63471e-07, 4.5411e-08
1.58039e-07, 4.51324e-08
1.54843e-07, 4.3243e-08
1.53485e-07, 4.40783e-08
1.49065e-07, 4.24508e-08
1.46502e-07, 4.09833e-08
1.43022e-07, 4.0504e-08
1.40297e-07, 3.84392e-08
1.36984e-07, 3.90979e-08
1.338e-07, 3.66359e-08
1.32954e-07, 3.67475e-08
1.29736e-07, 3.56087e-08
1.25689e-07, 3.66007e-08
1.24169e-07, 3.41608e-08
1.22359e-07, 3.28262e-08
1.1882e-07, 3.33332e-08
1.16686e-07, 3.32498e-08
1.14569e-07, 3.20119e-08
1.12386e-07, 3.08468e-08
1.09944e-07, 3.015e-08
1.07204e-07, 2.8555e-08
1.07194e-07, 2.88625e-08
1.03209e-07, 2.87061e-08
1.01545e-07, 2.81749e-08
1.00709e-07, 2.59486e-08
9.79838e-08, 2.64841e-08
9.4595e-08, 2.67013e-08
9.52939e-08, 2.45855e-08
9.28496e-08, 2.50599e-08
8.93523e-08, 2.32746e-08
8.9361e-08, 2.28859e-08
8.6434e-08, 2.3458e-08
8.5473e-08, 2.24706e-08
8.35274e-08, 2.2965e-08
8.3245e-08, 2.23777e-08
7.90177e-08, 2.0338e-08
8.12777e-08, 2.06434e-08
7.6007e-08, 2.06601e-08
7.62376e-08, 2.03387e-08
7.51347e-08, 2.00332e-08
7.2955e-08, 1.99771e-08
7.07464e-08, 1.89954e-08
7.07582e-08, 1.8927e-08
6.92411e-08, 1.75031e-08
6.71579e-08, 1.88486e-08
6.61718e-08, 1.85505e-08
6.60201e-08, 1.74328e-08
6.46443e-08, 1.6294e-08
6.24984e-08, 1.64873e-08
6.044e-08, 1.60009e-08
6.08014e-08, 1.66442e-08
5.90768e-08, 1.78393e-08
5.72837e-08, 1.42468e-08
5.64877e-08, 1.73641e-08
5.50978e-08, 1.52979e-08
5.31767e-08, 1.51377e-08
5.22686e-08, 1.49201e-08
4.98281e-08, 1.32881e-08
5.20352e-08, 1.4691e-08
4.93925e-08, 1.59356e-08
4.73595e-08, 1.43963e-08
4.74414e-08, 1.49249e-08
4.48501e-08, 1.35677e-08
4.38389e-08, 1.53424e-08
4.46797e-08, 1.25057e-08
4.41383e-08, 1.35397e-08
4.05711e-08, 1.3643e-08
4.13215e-08, 1.35513e-08
3.92814e-08, 1.31031e-08
3.99878e-08, 1.36783e-08
3.82839e-08, 1.23743e-08
3.69579e-08, 1.23442e-08
3.61186e-08, 1.31925e-08
3.57965e-08, 1.17746e-08
3.50202e-08, 1.1915e-08
3.31725e-08, 1.20403e-08
3.2233e-08, 1.14014e-08
3.27809e-08, 1.31346e-08
3.17632e-08, 1.07502e-08
3.0731e-08, 1.21689e-08
2.9414e-08, 1.06341e-08
2.80629e-08, 1.21713e-08
2.77636e-08, 1.21947e-08
2.73809e-08, 9.87935e-09
2.7551e-08, 1.34398e-08
2.60614e-08, 9.97678e-09
2.43446e-08, 1.01465e-08
2.51584e-08, 9.65798e-09
2.38987e-08, 1.04899e-08
2.44202e-08, 1.04414e-08
2.32811e-08, 1.11998e-08
2.20342e-08, 9.67786e-09
2.26192e-08, 9.89511e-09
2.05725e-08, 9.38384e-09
2.01392e-08, 9.85476e-09
2.13313e-08, 9.20798e-09
1.91715e-08, 9.48908e-09
2.04985e-08, 9.14896e-09
1.84384e-08, 8.61564e-09
1.78326e-08, 8.53959e-09
1.65699e-08, 9.09588e-09
1.55761e-08, 8.71785e-09
1.63576e-08, 9.38301e-09
1.5673e-08, 8.03896e-09
1.47074e-08, 9.56343e-09
1.56169e-08, 8.1203e-09
1.44633e-08, 6.29677e-09
1.47306e-08, 8.98514e-09
1.43998e-08, 9.45792e-09
1.28854e-08, 7.5793e-09
1.32863e-08, 7.61117e-09
1.255e-08, 8.51955e-09
1.19465e-08, 7.76259e-09
1.13987e-08, 8.78762e-09
1.09265e-08, 6.97558e-09
1.11402e-08, 8.82256e-09
9.95522e-09, 8.55907e-09
1.00093e-08, 8.31036e-09
1.00338e-08, 7.40444e-09
9.71081e-09, 7.39017e-09
7.495e-09, 7.14633e-09
7.58314e-09, 7.93446e-09
8.81188e-09, 7.47855e-09
6.61748e-09, 6.8855e-09
6.61347e-09, 9.0665e-09
4.96711e-09, 6.65183e-09
6.31232e-09, 7.33969e-09
6.68196e-09, 6.0155e-09
3.8159e-09, 6.92795e-09
4.80176e-09, 6.15152e-09
5.05809e-09, 7.08451e-09
3.52671e-09, 5.83951e-09
4.7546e-09, 6.94125e-09
2.60899e-09, 4.76036e-09
4.74659e-09, 7.0782e-09
2.74539e-09, 6.0705e-09
4.92457e-09, 5.80638e-09
2.91411e-09, 6.2819e-09
1.44495e-09, 5.58769e-09
3.5741e-09, 6.45039e-09
6.26699e-11, 5.61668e-09
1.29826e-09, 5.97043e-09
2.08846e-09, 4.17804e-09
1.3886e-09, 5.50832e-09
1.45517e-09, 6.35291e-09
1.99767e-09, 7.33942e-09
1.12304e-09, 6.23096e-09
1.27437e-10, 4.11681e-09
1.47964e-09, 4.68724e-09
9.603e-10, 4.31284e-09
1.06951e-09, 4.64692e-09
2.46568e-10, 4.72499e-09
-7.30697e-10, 4.40902e-09
2.24032e-09, 4.07693e-09
3.88658e-10, 5.73944e-09
5.08603e-10, 5.1136e-09
7.4842e-10, 3.99607e-09
7.61042e-10, 5.49419e-09
5.77563e-10, 4.21606e-09
-3.27685e-11, 4.54081e-09
5.25517e-10, 5.65885e-09
2.74344e-10, 4.78291e-09
-3.62976e-10, 3.73847e-09
2.86645e-10, 3.836e-09
5.19367e-10, 3.36739e-09
-1.26266e-09, 4.05089e-09
6.54993e-10, 4.1593e-09
1.03483e-09, 5.06797e-09
-5.24187e-10, 5.03565e-09
-5.92467e-10, 4.84566e-09
-2.46496e-10, 5.20727e-09
6.17658e-10, 4.72394e-09
6.86613e-10, 4.92631e-09
-2.14354e-10, 5.11089e-09
-2.60076e-10, 5.05188e-09
-7.02679e-10, 3.81447e-09
1.44265e-09, 4.48635e-09
-7.05895e-10, 4.88161e-09
7.53151e-10, 3.84419e-09
-6.17619e-10, 4.15673e-09
3.09512e-10, 4.31032e-09
-1.95321e-10, 4.25113e-09
3.68499e-10, 4.13498e-09
-1.71972e-09, 4.94666e-09
1.6195e-09, 4.2544e-09
-3.82604e-10, 4.14025e-09
-1.06907e-09, 3.86828e-09
1.68875e-09, 5.06891e-09
-5.25276e-10, 4.69277e-09
-1.87186e-10, 4.71641e-09
5.86272e-11, 4.7569e-09
-1.21044e-09, 4.73761e-09
7.53804e-10, 3.63418e-09
1.2749e-09, 4.88711e-09
-1.97579e-09, 3.49289e-09
1.29247e-09, 4.7924e-09
-3.56522e-11, 3.83804e-09
-1.19106e-11, 4.5315e-09
1.16984e-09, 4.23014e-09
-2.0817e-09, 4.46305e-09
1.84652e-09, 5.61407e-09
-1.39398e-09, 5.80468e-09
9.99632e-10, 4.18529e-09
-7.24229e-10, 4.15407e-09
2.05653e-10, 4.85521e-09
-1.13966e-09, 4.88229e-09
5.46787e-10, 4.84214e-09
8.52436e-10, 4.70442e-09
1.83068e-10, 5.0863e-09
-4.89257e-11, 5.01315e-09
-8.33567e-10, 4.36982e-09
-3.31703e-10, 4.3581e-09
7.14113e-10, 4.37764e-09
-1.99897e-09, 5.40563e-09
2.52273e-09, 4.2574e-09
-1.40046e-09, 4.81211e-09
2.4841e-10, 3.81251e-09
-2.48953e-11, 4.01263e-09
1.14768e-09, 4.73084e-09
-1.8753e-10, 4.45333e-09
-2.25526e-10, 5.74867e-09
-1.10497e-09, 6.0903e-09
4.27848e-10, 4.33262e-09
2.52222e-11, 3.96068e-09
8.72051e-10, 4.62209e-09
1.89987e-10, 3.93751e-09
-3.1733e-10, 3.84972e-09
-1.32294e-09, 5.11496e-09
1.14733e-09, 5.61553e-09
-5.4935e-10, 4.82743e-09
-6.01745e-10, 5.07689e-09
1.64232e-09, 4.70477e-09
-8.22926e-10, 4.67877e-09
-2.57717e-11, 4.24873e-09
-1.07182e-09, 6.05366e-09
1.24235e-09, 4.89175e-09
1.94532e-10, 5.01149e-09
-1.24767e-09, 5.08104e-09
8.20531e-10, 4.4187e-09
9.13646e-11, 4.52554e-09
-1.17719e-10, 4.83477e-09
-5.2431e-10, 5.50463e-09
3.41526e-10, 5.0154e-09
-5.52868e-10, 4.27351e-09
1.31915e-10, 5.72333e-09
1.32194e-10, 5.01781e-09
3.44433e-10, 4.17922e-09
3.58437e-10, 6.21371e-09
-2.6607e-11, 4.68948e-09
-2.533e-10, 4.28458e-09
-3.20632e-10, 5.30236e-09
9.50536e-10, 5.07448e-09
-8.45208e-10, 5.48255e-09
2.82328e-10, 3.30817e-09
-2.42504e-10, 3.60689e-09
-7.56038e-10, 4.76794e-09
1.60995e-09, 5.37679e-09
-1.89802e-10, 4.19497e-09
3.80398e-10, 5.65522e-09
-1.74259e-09, 4.82551e-09
6.13909e-10, 4.76675e-09
2.73417e-11, 4.25153e-09
1.09595e-10, 4.95673e-09
4.11835e-10, 5.58437e-09
-8.80406e-10, 4.51418e-09
1.35092e-09, 5.30237e-09
-1.45042e-09, 5.00584e-09
-1.93789e-10, 5.37893e-09
1.02643e-09, 5.52334e-09
-8.47864e-10, 5.38912e-09
4.17844e-10, 4.98035e-09
-4.8849e-10, 6.92919e-09
2.37755e-10, 7.12993e-09
3.5036e-10, 5.28038e-09
1.08133e-09, 5.7289e-09
-7.88036e-10, 6.41051e-09
-7.75553e-10, 5.64611e-09
1.03148e-09, 5.69209e-09
-5.09717e-10, 4.07331e-09
9.22205e-10, 4.57641e-09
-1.8624e-09, 6.46025e-09
5.12849e-10, 6.28826e-09
5.5672e-10, 6.55198e-09
-2.86079e-10, 5.62493e-09
1.9493e-09, 4.99819e-09
-1.00536e-09, 6.12713e-09
-3.74176e-10, 5.75339e-09
-1.35554e-09, 4.33588e-09
4.04595e-10, 6.9629e-09
9.701e-10, 5.32549e-09
-8.70504e-11, 4.96696e-09
-5.0882e-10, 5.3641e-09
-8.74024e-11, 5.68273e-09
2.33543e-10, 5.33648e-09
5.26531e-10, 5.22666e-09
-6.74144e-10, 6.15181e-09
1.80623e-09, 6.07391e-09
-1.55971e-09, 5.01591e-09
-4.86546e-10, 5.2996e-09
2.00918e-09, 5.25866e-09
-3.10862e-10, 5.91506e-09
-2.81819e-10, 6.50285e-09
2.37796e-10, 5.85965e-09
-1.34027e-10, 4.55773e-09
-1.7906e-10, 6.37236e-09
1.79416e-10, 6.04294e-09
1.3483e-10, 4.72106e-09
3.45252e-10, 5.12753e-09
-2.45165e-09, 5.49021e-09
1.25086e-09, 4.73709e-09
-2.11407e-10, 5.72395e-09
-7.56522e-11, 6.23706e-09
5.00292e-10, 4.95772e-09
-3.64568e-10, 5.09282e-09
7.61018e-11, 6.25638e-09
2.20581e-25, 5.22446e-09
2.13926e-10, 5.00733e-09
4.74627e-10, 7.54313e-09
-7.05671e-10, 5.65869e-09
1.53708e-10, 4.95122e-09
-1.84812e-10, 6.10463e-09
1.09562e-09, 5.74301e-09
-1.73168e-09, 5.90612e-09
-3.25327e-10, 7.00852e-09
8.27181e-26, 5.84091e-09
1.05756e-09, 6.21309e-09
-1.07521e-09, 5.99417e-09
1.32712e-09, 6.2434e-09
2.1901e-10, 6.82862e-09
-5.64264e-10, 6.0916e-09
-7.06701e-10, 5.95664e-09
1.05424e-09, 6.691e-09
-4.25669e-10, 6.89119e-09
-4.73883e-10, 5.08477e-09
-1.06039e-09, 5.27532e-09
1.31616e-09, 6.57765e-09
-2.3832e-10, 6.87171e-09
-2.70617e-10, 4.97012e-09
7.97469e-10, 5.78063e-09
6.23225e-10, 6.27409e-09
2.88196e-10, 5.41244e-09
-4.65209e-10, 4.56637e-09
-3.53596e-10, 6.08247e-09
-1.27217e-09, 5.03831e-09
3.22686e-10, 5.39909e-09
2.13381e-09, 7.94658e-09
-1.08514e-09, 5.14623e-09
5.6795e-10, 5.40793e-09
-1.99975e-09, 6.5041e-09
-8.1446e-11, 6.99118e-09
2.2522e-09, 6.96736e-09
-1.76595e-09, 6.85893e-09
2.39185e-09, 6.74084e-09
-1.72344e-09, 6.55695e-09
1.08536e-09, 6.55661e-09
-8.4028e-10, 5.86532e-09
7.4283e-10, 5.95192e-09
-1.91848e-09, 6.79058e-09
1.97182e-09, 6.88497e-09
-1.44431e-09, 6.5511e-09
-1.49694e-10, 6.31578e-09
4.33264e-10, 5.50024e-09
4.50777e-10, 5.54482e-09
-3.01084e-10, 6.18208e-09
-7.20611e-10, 6.43795e-09
5.20487e-10, 5.97185e-09
-4.37358e-10, 7.16846e-09
1.17971e-10, 5.43862e-09
1.01308e-10, 5.3197e-09
5.92069e-10, 5.52064e-09
-5.42334e-10, 4.76403e-09
5.09389e-10, 5.64326e-09
-7.48499e-10, 4.51246e-09
9.54413e-10, 6.04787e-09
8.02519e-10, 6.22287e-09
-1.45407e-09, 6.01282e-09
6.51264e-10, 4.57364e-09
-5.32282e-10, 5.68879e-09
6.88092e-10, 5.57312e-09
-1.56831e-09, 7.44888e-09
2.19281e-09, 7.13202e-09
-6.40033e-10, 7.04274e-09
4.67915e-10, 7.4395e-09
-2.69115e-09, 7.56733e-09
2.43521e-10, 7.36592e-09
1.69036e-09, 6.57928e-09
1.27448e-09, 6.70829e-09
-1.04944e-10, 6.16319e-09
-2.34807e-09, 7.74831e-09
1.21131e-09, 6.61876e-09
-5.27622e-11, 6.39759e-09
-3.87633e-10, 7.25529e-09
-3.00084e-10, 7.56942e-09
5.48215e-10, 6.39208e-09
3.01184e-10, 6.4217e-09
-6.74467e-10, 7.00756e-09
-5.51229e-10, 7.50056e-09
-3.02839e-10, 5.96972e-09
1.42772e-10, 5.01662e-09
-2.50307e-10, 6.56733e-09
9.67226e-10, 6.45921e-09
-5.38325e-10, 7.04912e-09
2.69652e-10, 7.91602e-09
4.50236e-10, 6.62162e-09
-2.34547e-10, 6.67999e-09
1.934e-09, 6.76493e-09
-2.33587e-09, 7.60536e-09
2.63034e-09, 7.74879e-09
-2.19894e-09, 7.81799e-09
4.91559e-10, 7.75924e-09
-1.05785e-09, 5.97207e-09
9.13581e-10, 6.46154e-09
7.6879e-10, 5.5089e-09
-9.16873e-11, 7.34655e-09
-8.6341e-10, 6.23949e-09
7.72944e-10, 5.90449e-09
-3.68729e-11, 7.21419e-09
-1.14511e-09, 7.83456e-09
1.18417e-09, 7.19282e-09
-1.59407e-09, 6.38511e-09
5.19928e-10, 6.1293e-09
-1.8602e-10, 6.73897e-09
1.30447e-10, 5.27548e-09
1.86685e-10, 8.2518e-09
1.87017e-11, 6.32519e-09
8.80546e-10, 5.20958e-09
-2.23343e-09, 8.2322e-09
3.94835e-10, 7.94244e-09
2.44856e-10, 7.85495e-09
6.03791e-10, 7.16893e-09
1.39874e-09, 8.34138e-09
-1.36335e-09, 7.12323e-09
-6.25973e-10, 8.75987e-09
1.34917e-09, 8.93576e-09
2.47468e-10, 7.2592e-09
-1.83068e-09, 6.25888e-09
1.29902e-09, 7.09641e-09
2.29642e-10, 8.73143e-09
8.62673e-10, 7.48055e-09
-1.26748e-09, 6.1915e-09
-5.00187e-10, 6.95882e-09
7.32325e-10, 6.99688e-09
1.54444e-09, 8.1198e-09
-2.06931e-09, 7.23976e-09
2.0923e-09, 6.00181e-09
3.2992e-10, 6.69364e-09
-1.34143e-09, 6.28545e-09
4.28448e-10, 6.90622e-09
-6.04776e-10, 8.66443e-09
-5.47201e-10, 6.26886e-09
1.76192e-10, 6.25816e-09
-2.15721e-10, 7.30648e-09
-1.08048e-09, 7.20696e-09
1.5153e-09, 6.21193e-09
1.28137e-09, 8.59749e-09
-1.00712e-09, 6.41564e-09
6.13234e-10, 5.89977e-09
-7.92639e-11, 6.85885e-09
-1.46892e-09, 7.78687e-09
-6.95959e-10, 6.95689e-09
2.27075e-09, 7.52143e-09
-2.65378e-09, 1.03722e-08
2.97816e-09, 7.12269e-09
-1.50165e-09, 7.64478e-09
1.40395e-10, 6.33864e-09
1.7881e-09, 7.81921e-09
-1.54966e-09, 7.10748e-09
-1.8144e-09, 6.12612e-09
2.84743e-09, 6.96783e-09
-2.10383e-09, 8.31771e-09
4.2554e-10, 7.79482e-09
2.92298e-09, 8.27729e-09
-2.52131e-09, 8.15772e-09
1.01839e-09, 7.70055e-09
-1.04053e-09, 9.23291e-09
-7.56182e-10, 7.20025e-09
-7.36998e-10, 7.98005e-09
6.97238e-10, 8.87657e-09
2.6499e-09, 8.37616e-09
-9.25953e-10, 8.41095e-09
1.64893e-10, 9.65489e-09
-4.12932e-10, 9.48217e-09
4.54995e-10, 8.13857e-09
-2.94176e-09, 9.52189e-09
1.2451e-09, 7.24229e-09
7.89895e-10, 8.64077e-09
-1.1452e-09, 9.76551e-09
1.29313e-09, 8.78807e-09
-1.21174e-09, 7.87984e-09
3.18095e-09, 6.90207e-09
-3.16534e-09, 6.54248e-09
-3.98957e-10, 8.39093e-09
2.33466e-09, 8.32836e-09
-1.76974e-09, 7.99886e-09
2.23699e-09, 8.53913e-09
-1.75454e-09, 9.77896e-09
3.17616e-10, 6.29649e-09
3.18148e-10, 7.74391e-09
7.43585e-10, 7.98961e-09
-1.85143e-09, 7.62971e-09
2.02505e-09, 7.60621e-09
-3.13872e-09, 8.16525e-09
2.09596e-09, 8.53933e-09
-8.99766e-10, 9.00622e-09
1.58794e-09, 9.61442e-09
5.58851e-10, 7.43044e-09
-1.55016e-09, 7.53721e-09
1.87622e-09, 9.43388e-09
-2.50577e-09, 9.05211e-09
-6.92391e-10, 7.26689e-09
2.23232e-09, 9.45603e-09
-1.82355e-09, 9.12145e-09
1.4569e-09, 8.05439e-09
-1.74245e-10, 7.45191e-09
-7.6358e-10, 8.20097e-09
-1.31115e-09, 9.11226e-09
3.10817e-09, 6.68571e-09
-2.08283e-09, 8.0968e-09
-8.56462e-10, 9.79719e-09
1.58376e-09, 7.19381e-09
-1.05757e-09, 7.30996e-09
-1.54482e-10, 7.91289e-09
1.08315e-09, 6.15573e-09
5.97813e-10, 7.74314e-09
-7.09679e-10, 8.42965e-09
-2.2658e-09, 8.83693e-09
1.691e-09, 6.15099e-09
2.67436e-10, 7.59097e-09
1.78581e-10, 7.21046e-09
1.16267e-09, 6.20583e-09
-1.63487e-09, 7.79801e-09
-3.0956e-09, 8.3991e-09
3.93195e-09, 8.42082e-09
-3.82582e-10, 8.32863e-09
-1.17215e-09, 9.17119e-09
2.16748e-09, 6.95252e-09
-1.94484e-09, 7.68505e-09
1.22316e-09, 8.84679e-09
-3.38047e-09, 1.01784e-08
3.3632e-09, 1.02077e-08
-1.82088e-10, 9.274e-09
1.39066e-09, 8.45515e-09
-9.5905e-10, 8.49666e-09
1.9898e-09, 9.68948e-09
-2.17627e-09, 9.97662e-09
1.60615e-10, 8.93915e-09
2.16029e-09, 8.86111e-09
-3.82111e-09, 9.43612e-09
7.60838e-10, 9.10688e-09
1.38556e-10, 8.06605e-09
1.4803e-09, 1.01218e-08
-5.51454e-26, 9.035e-09
-3.36454e-09, 7.28778e-09
3.13751e-09, 1.02735e-08
1.39667e-10, 8.26953e-09
-2.33151e-09, 8.54617e-09
2.12505e-09, 9.09565e-09
1.16947e-10, 9.72969e-09
-1.63987e-10, 9.65795e-09
-3.75423e-10, 8.46992e-09
-1.05755e-09, 6.84466e-09
7.06156e-10, 8.08026e-09
-4.95093e-10, 8.01888e-09
2.36132e-10, 8.79922e-09
9.46026e-11, 9.00602e-09
1.1844e-09, 8.76971e-09
-7.59218e-10, 8.12357e-09
-1.5446e-09, 8.6121e-09
3.49868e-09, 8.58673e-09
-1.62099e-09, 8.30293e-09
-4.77514e-11, 7.59368e-09
1.62611e-09, 7.98419e-09
-1.79632e-09, 1.08174e-08
1.19943e-10, 9.67326e-09
-1.34548e-09, 9.81746e-09
4.81282e-10, 1.01948e-08
2.16917e-10, 9.94589e-09
-6.7591e-10, 9.96637e-09
9.42921e-10, 9.05184e-09
6.05383e-10, 1.01498e-08
-1.72198e-09, 1.00827e-08
2.57486e-09, 1.01514e-08
-1.43541e-09, 8.94002e-09
9.7468e-10, 8.29481e-09
-8.2977e-10, 8.95049e-09
-9.04392e-10, 8.64887e-09
1.27302e-09, 7.23565e-09
-7.60095e-10, 1.14105e-08
2.03826e-09, 1.02484e-08
-1.67249e-09, 1.0365e-08
2.21703e-10, 1.13467e-08
-3.45406e-10, 1.01624e-08
1.60615e-09, 9.22732e-09
-2.2521e-09, 9.92124e-09
2.05729e-09, 1.10104e-08
-2.73075e-09, 9.55551e-09
2.08852e-09, 8.19449e-09
2.49017e-10, 9.17654e-09
-1.82063e-09, 8.29951e-09
7.74335e-10, 9.00369e-09
6.7546e-10, 1.09316e-08
1.93009e-25, 8.29107e-09
-5.52069e-10, 8.82212e-09
2.21167e-09, 9.14137e-09
-2.76883e-10, 9.46883e-09
-2.39493e-09, 1.06063e-08
2.82783e-09, 1.12382e-08
-2.90802e-09, 8.56728e-09
1.41825e-09, 7.44615e-09
-2.79011e-09, 9.23913e-09
1.16856e-09, 8.93044e-09
2.2898e-10, 1.00646e-08
7.6443e-11, 1.00086e-08
-9.95275e-10, 1.10082e-08
1.35461e-09, 1.0776e-08
-2.48297e-09, 9.17386e-09
2.17911e-09, 9.09594e-09
2.07972e-09, 9.53837e-09
-1.98002e-09, 7.98897e-09
-2.8329e-10, 6.80154e-09
-1.13488e-09, 9.92077e-09
5.45051e-09, 1.01644e-08
-5.66573e-09, 1.17469e-08
2.02099e-09, 1.18031e-08
7.78478e-11, 1.10063e-08
4.67792e-10, 1.1249e-08
-1.97811e-09, 1.08134e-08
-6.41065e-25, 1.14059e-08
8.35401e-10, 8.77482e-09
2.56227e-09, 1.06588e-08
-1.62347e-09, 9.85112e-09
-1.33744e-09, 1.1475e-08
1.12934e-09, 9.02883e-09
-3.94549e-10, 9.09746e-09
7.90282e-11, 1.18408e-08
-2.63822e-11, 1.13808e-08
-1.05687e-09, 9.73455e-09
-1.32307e-10, 9.6228e-09
3.25961e-09, 1.1591e-08
-2.07016e-09, 1.12988e-08
-4.78444e-10, 7.61958e-09
1.51733e-09, 8.88407e-09
1.43962e-09, 9.27065e-09
-2.72334e-09, 7.24021e-09
3.04826e-09, 6.41873e-09
-4.15074e-09, 8.34649e-09
1.8505e-09, 9.26274e-09
-5.37173e-10, 1.11636e-08
2.20568e-09, 9.95958e-09
-2.07426e-09, 1.00326e-08
-3.23741e-10, 9.12477e-09
7.29497e-10, 8.79079e-09
9.19986e-10, 9.33276e-09
-3.06213e-09, 9.43793e-09
2.87668e-09, 1.14711e-08
-2.01122e-09, 1.20822e-08
6.26031e-10, 1.26987e-08
-1.88087e-09, 1.05534e-08
1.63795e-10, 1.14449e-08
5.46787e-11, 6.78963e-09
1.56064e-09, 9.69411e-09
4.11298e-10, 8.90217e-09
2.19681e-10, 7.80932e-09
-3.02506e-10, 8.49801e-09
6.88522e-10, 1.08402e-08
-3.58557e-10, 1.07135e-08
-2.2926e-09, 1.33353e-08
9.12851e-10, 1.21839e-08
9.97295e-10, 1.11096e-08
5.54863e-10, 9.00606e-09
-5.00107e-10, 9.05834e-09
-1.00167e-09, 6.67922e-09
7.52352e-10, 1.17159e-08
-1.0325e-09, 8.8219e-09
2.31953e-09, 1.32696e-08
3.35842e-10, 1.16169e-08
-7.84773e-10, 1.08288e-08
-1.79637e-09, 9.07888e-09
2.4736e-09, 1.0799e-08
2.47719e-09, 1.09567e-08
-3.0446e-09, 1.0435e-08
-2.11737e-09, 1.18042e-08
3.02516e-09, 1.02712e-08
1.13254e-10, 1.07637e-08
-9.35697e-10, 1.04559e-08
-5.96304e-10, 1.05373e-08
-6.82475e-10, 1.28671e-08
7.11938e-10, 1.18442e-08
-5.70372e-10, 1.21564e-08
2.11342e-09, 1.1888e-08
-2.77428e-09, 1.02765e-08
3.15062e-10, 9.1864e-09
1.11864e-09, 1.02037e-08
1.43622e-09, 1.10744e-08
-1.0931e-09, 1.2679e-08
-4.60911e-10, 1.01196e-08
3.17331e-10, 1.00195e-08
-3.75565e-10, 9.58513e-09
1.15724e-09, 9.72271e-09
4.92531e-10, 1.12941e-08
-1.79886e-09, 1.19344e-08
7.26382e-10, 9.62274e-09
4.36452e-10, 1.07849e-08
-1.13639e-09, 1.11058e-08
8.17036e-10, 8.75084e-09
-4.96764e-10, 1.03372e-08
-2.39957e-09, 1.09788e-08
4.3957e-10, 1.18423e-08
-4.98888e-10, 1.09742e-08
2.67431e-09, 9.58109e-09
-1.73636e-09, 1.23783e-08
-5.30488e-10, 1.15811e-08
5.3124e-10, 1.2787e-08
2.63041e-09, 9.97236e-09
1.42066e-09, 9.07697e-09
-3.88269e-09, 1.17278e-08
9.79466e-10, 1.05641e-08
-1.21863e-09, 1.03412e-08
5.65529e-10, 1.23568e-08
1.28169e-09, 9.72909e-09
-1.58198e-09, 1.17272e-08
4.00536e-09, 1.13208e-08
-4.3702e-09, 1.26989e-08
1.13905e-09, 9.71004e-09
-9.00513e-10, 1.01722e-08
3.84759e-09, 1.24257e-08
-3.52187e-09, 1.17126e-08
-3.01437e-11, 1.12476e-08
5.73534e-10, 1.07874e-08
-1.36027e-09, 1.16457e-08
2.42165e-09, 9.35651e-09
6.06259e-10, 9.91006e-09
-3.79442e-09, 1.33054e-08
1.3375e-09, 1.11384e-08
2.61786e-09, 1.38007e-08
-3.41406e-09, 1.39308e-08
1.52626e-09, 1.40429e-08
-2.53712e-09, 1.14112e-08
2.75492e-09, 9.68658e-09
-2.51353e-09, 1.21207e-08
3.56067e-09, 1.18352e-08
-2.39757e-09, 1.22882e-08
2.12387e-09, 1.29151e-08
-1.88023e-09, 1.10514e-08
1.63591e-09, 7.06701e-09
-2.90544e-09, 7.27275e-09
4.79753e-09, 8.70097e-09
-1.39476e-09, 1.27894e-08
-1.36565e-09, 1.28273e-08
-6.21607e-10, 1.09622e-08
2.1475e-09, 1.48595e-08
2.18163e-10, 1.08627e-08
-3.83873e-09, 9.81482e-09
3.46899e-09, 1.28373e-08
-1.15792e-09, 1.06597e-08
-1.25353e-10, 1.05132e-08
-1.66321e-09, 1.11914e-08
1.6655e-09, 1.03692e-08
2.76915e-09, 1.38635e-08
-2.58389e-09, 1.52915e-08
-6.62634e-10, 1.0396e-08
1.23229e-09, 1.14279e-08
-4.74608e-10, 1.06118e-08
2.53471e-10, 1.22881e-08
-4.75907e-10, 1.29198e-08
-7.94263e-10, 1.23049e-08
6.36278e-11, 1.41454e-08
2.1663e-09, 1.17076e-08
-1.69074e-09, 1.50097e-08
-3.51387e-10, 1.20345e-08
9.27645e-10, 1.14044e-08
-5.51454e-26, 1.06023e-08
3.52823e-10, 1.05159e-08
-1.34897e-09, 1.32294e-08
1.92972e-10, 1.3167e-08
-3.86469e-10, 1.29688e-08
6.44988e-10, 1.11557e-08
-3.22931e-10, 1.33265e-08
-1.00244e-09, 1.77602e-08
4.88948e-09, 1.05657e-08
-1.78334e-09, 1.19955e-08
-4.87024e-10, 1.28603e-08
-1.10541e-09, 1.07223e-08
-1.23713e-09, 1.21725e-08
3.74899e-09, 1.28712e-08
-3.42761e-09, 1.25891e-08
7.84509e-10, 1.386e-08
3.04406e-09, 1.47954e-08
-4.94916e-09, 1.22535e-08
-9.5178e-10, 8.88137e-09
3.64791e-09, 1.15122e-08
-3.45536e-09, 1.22931e-08
1.97714e-10, 1.16422e-08
1.28687e-09, 8.78037e-09
3.53536e-09, 1.57345e-08
-5.62445e-10, 1.08174e-08
-3.01477e-09, 1.21548e-08
1.79137e-09, 1.25869e-08
3.65397e-10, 1.43434e-08
-1.19744e-09, 1.13348e-08
-4.66294e-10, 1.14589e-08
