5.83248, 0.300071
5.83158, 0.300083
5.82891, 0.300121
5.82449, 0.300182
5.81837, 0.300267
5.81059, 0.300373
5.80119, 0.3005
5.79023, 0.300644
5.77775, 0.300805
5.76381, 0.300978
5.74846, 0.301163
5.73176, 0.301355
5.71378, 0.301553
5.69456, 0.301753
5.67418, 0.301952
5.65268, 0.302148
5.63014, 0.302337
5.60661, 0.302517
5.58215, 0.302685
5.55683, 0.302839
5.5307, 0.302976
5.50382, 0.303095
5.47625, 0.303193
5.44804, 0.303269
5.41925, 0.303321
5.38993, 0.303348
5.36014, 0.303349
5.32992, 0.303324
5.29932, 0.303272
5.26839, 0.303192
5.23717, 0.303085
5.2057, 0.302951
5.17402, 0.302789
5.14218, 0.302601
5.11021, 0.302387
5.07814, 0.302148
5.04601, 0.301885
5.01384, 0.301598
4.98168, 0.30129
4.94954, 0.30096
4.91745, 0.300611
4.88543, 0.300243
4.85352, 0.299859
4.82172, 0.299459
4.79007, 0.299045
4.75857, 0.298617
4.72725, 0.298179
4.69612, 0.297731
4.6652, 0.297274
4.63449, 0.296809
4.60402, 0.296339
4.57379, 0.295864
4.54381, 0.295386
4.5141, 0.294905
4.48466, 0.294424
4.45549, 0.293942
4.42661, 0.293461
4.39802, 0.292983
4.36973, 0.292507
4.34174, 0.292035
4.31405, 0.291567
4.28667, 0.291105
4.2596, 0.290648
4.23285, 0.290198
4.20641, 0.289756
4.18028, 0.289321
4.15448, 0.288894
4.12899, 0.288475
4.10382, 0.288065
4.07897, 0.287665
4.05443, 0.287274
4.03022, 0.286892
4.00631, 0.286521
3.98273, 0.286159
3.95945, 0.285808
3.93649, 0.285467
3.91383, 0.285136
3.89149, 0.284816
3.86945, 0.284506
3.84771, 0.284206
3.82627, 0.283916
3.80513, 0.283637
3.78429, 0.283368
3.76373, 0.283109
3.74347, 0.28286
3.7235, 0.28262
3.7038, 0.282391
3.68439, 0.28217
3.66526, 0.281959
3.6464, 0.281758
3.62781, 0.281565
3.60949, 0.281381
3.59144, 0.281206
3.57365, 0.281039
3.55611, 0.280881
3.53883, 0.280731
3.52181, 0.280588
3.50503, 0.280453
3.4885, 0.280326
3.47221, 0.280206
3.45616, 0.280093
3.42982, 0.279919
3.40402, 0.279761
3.37886, 0.279622
3.35431, 0.279499
3.33036, 0.279391
3.30701, 0.279299
3.28423, 0.279221
3.26201, 0.279156
3.24035, 0.279104
3.21922, 0.279064
3.19861, 0.279035
3.17851, 0.279017
3.15891, 0.279008
3.1398, 0.279009
3.12116, 0.279018
3.10298, 0.279035
3.08525, 0.27906
3.06797, 0.279092
3.05111, 0.27913
3.03467, 0.279175
3.01864, 0.279225
3.00301, 0.27928
2.98777, 0.27934
2.97291, 0.279405
2.95841, 0.279474
2.94428, 0.279546
2.9305, 0.279622
2.91706, 0.279701
2.90395, 0.279783
2.89117, 0.279868
2.87871, 0.279955
2.86655, 0.280043
2.8547, 0.280134
2.84315, 0.280227
2.83188, 0.280321
2.82089, 0.280416
2.81017, 0.280513
2.79972, 0.28061
2.78953, 0.280708
2.77959, 0.280807
2.7699, 0.280906
2.76045, 0.281006
2.75123, 0.281106
2.74224, 0.281207
2.73348, 0.281307
2.72493, 0.281408
2.71659, 0.281508
2.70845, 0.281608
2.70052, 0.281708
2.69279, 0.281808
2.68524, 0.281907
2.67788, 0.282006
2.6707, 0.282105
2.6637, 0.282203
2.65687, 0.2823
2.65021, 0.282397
2.64371, 0.282494
2.63737, 0.282589
2.63118, 0.282684
2.62515, 0.282778
2.61926, 0.282872
2.61351, 0.282965
2.60791, 0.283057
2.60244, 0.283148
2.5971, 0.283238
2.5919, 0.283328
2.58682, 0.283417
2.58186, 0.283505
2.57702, 0.283592
2.57229, 0.283679
2.56768, 0.283764
2.56318, 0.283849
2.55879, 0.283933
2.5545, 0.284017
2.55031, 0.284099
2.54622, 0.284181
2.54223, 0.284262
2.53833, 0.284342
2.53452, 0.284421
2.53081, 0.2845
2.52718, 0.284577
2.52363, 0.284655
2.52016, 0.284731
2.51678, 0.284807
2.51347, 0.284882
2.51024, 0.284956
2.50708, 0.28503
2.504, 0.285102
2.50098, 0.285175
2.49804, 0.285246
2.49515, 0.285317
2.49234, 0.285388
2.48958, 0.285458
2.48689, 0.285527
2.48426, 0.285596
2.48168, 0.285664
2.47916, 0.285731
2.47669, 0.285798
2.47428, 0.285865
2.47192, 0.285931
2.46641, 0.286088
2.46112, 0.286244
2.45608, 0.286397
2.4513, 0.286547
2.44674, 0.286696
2.44239, 0.286843
2.43825, 0.286987
2.43429, 0.28713
2.43051, 0.287272
2.42688, 0.287412
2.42341, 0.287552
2.42009, 0.28769
2.41689, 0.287827
2.41382, 0.287963
2.41086, 0.288099
2.40801, 0.288234
2.40526, 0.288369
2.40261, 0.288503
2.40004, 0.288638
2.39755, 0.288771
2.39513, 0.288905
2.39279, 0.289039
2.3905, 0.289173
2.38828, 0.289307
2.38611, 0.289442
2.384, 0.289576
2.38193, 0.289711
2.3799, 0.289846
2.37792, 0.289982
2.37597, 0.290118
2.37405, 0.290255
2.37217, 0.290392
2.37031, 0.29053
2.36848, 0.290669
2.36668, 0.290808
2.36489, 0.290948
2.36312, 0.291089
2.36137, 0.29123
2.35964, 0.291372
2.35792, 0.291515
2.35621, 0.291659
2.35451, 0.291804
2.35282, 0.291949
2.35114, 0.292095
2.34947, 0.292243
2.3478, 0.292391
2.34613, 0.29254
2.34447, 0.29269
2.34281, 0.29284
2.34116, 0.292992
2.3395, 0.293145
2.33784, 0.293298
2.33619, 0.293453
2.33453, 0.293608
2.33287, 0.293765
2.3312, 0.293922
2.32954, 0.29408
2.32787, 0.294239
2.32619, 0.294399
2.32451, 0.294561
2.32283, 0.294723
2.32114, 0.294885
2.31944, 0.295049
2.31774, 0.295214
2.31603, 0.29538
2.31431, 0.295546
2.31259, 0.295714
2.31085, 0.295882
2.30912, 0.296051
2.30737, 0.296222
2.30561, 0.296393
2.30385, 0.296565
2.30208, 0.296737
2.3003, 0.296911
2.29851, 0.297085
2.29671, 0.297261
2.2949, 0.297437
2.29308, 0.297614
2.29125, 0.297792
2.28942, 0.29797
2.28757, 0.29815
2.28571, 0.29833
2.28385, 0.298511
2.28197, 0.298692
2.28008, 0.298875
2.27819, 0.299058
2.27628, 0.299242
2.27437, 0.299427
2.27244, 0.299612
2.2705, 0.299798
2.26856, 0.299985
2.2666, 0.300172
2.26463, 0.30036
2.26265, 0.300549
2.26066, 0.300738
2.25867, 0.300928
2.25666, 0.301118
2.25464, 0.30131
2.25261, 0.301501
2.25057, 0.301694
2.24628, 0.302096
2.24195, 0.302502
2.23757, 0.30291
2.23315, 0.303319
2.22868, 0.303731
2.22417, 0.304145
2.21961, 0.30456
2.21501, 0.304977
2.21037, 0.305395
2.20568, 0.305815
2.20095, 0.306235
2.19617, 0.306657
2.19135, 0.30708
2.18649, 0.307503
2.18159, 0.307927
2.17664, 0.308351
2.17166, 0.308776
2.16663, 0.309201
2.16156, 0.309625
2.15645, 0.31005
2.1513, 0.310475
2.14611, 0.310899
2.14088, 0.311322
2.13561, 0.311745
2.1303, 0.312167
2.12496, 0.312587
2.11958, 0.313007
2.11416, 0.313425
2.1087, 0.313842
2.10321, 0.314257
2.09768, 0.314671
2.09212, 0.315082
2.08652, 0.315491
2.08088, 0.315899
2.07522, 0.316303
2.06952, 0.316705
2.06378, 0.317105
2.05801, 0.317501
2.05221, 0.317895
2.04638, 0.318285
2.04052, 0.318672
2.03463, 0.319056
2.0287, 0.319436
2.02275, 0.319812
2.01677, 0.320184
2.01076, 0.320552
2.00472, 0.320916
1.99865, 0.321276
1.99255, 0.321631
1.98643, 0.321981
1.98028, 0.322327
1.97411, 0.322667
1.96791, 0.323003
1.96168, 0.323333
1.95543, 0.323658
1.94916, 0.323977
1.94286, 0.324291
1.93654, 0.324599
1.93019, 0.324901
1.92383, 0.325197
1.91744, 0.325486
1.91103, 0.32577
1.9046, 0.326047
1.89815, 0.326317
1.89169, 0.326581
1.8852, 0.326837
1.87869, 0.327087
1.87216, 0.32733
1.86562, 0.327565
1.85906, 0.327793
1.85248, 0.328014
1.84589, 0.328227
1.83928, 0.328433
1.83266, 0.32863
1.82602, 0.32882
1.81936, 0.329002
1.81269, 0.329176
1.80601, 0.329342
1.79932, 0.329499
1.79261, 0.329648
1.78589, 0.329788
1.77916, 0.32992
1.77242, 0.330043
1.76566, 0.330158
1.7589, 0.330264
1.75213, 0.33036
1.74534, 0.330448
1.73855, 0.330527
1.73175, 0.330596
1.72494, 0.330657
1.71813, 0.330708
1.7113, 0.33075
1.70447, 0.330782
1.69764, 0.330805
1.6908, 0.330818
1.68395, 0.330822
1.67709, 0.330816
1.67024, 0.3308
1.66338, 0.330775
1.65651, 0.33074
1.64964, 0.330695
1.64277, 0.33064
1.6359, 0.330575
1.62902, 0.330501
1.62214, 0.330416
1.61526, 0.330321
1.60838, 0.330216
1.6015, 0.330102
1.59462, 0.329977
1.58774, 0.329842
1.58086, 0.329696
1.57398, 0.329541
1.5671, 0.329375
1.56022, 0.3292
1.55335, 0.329014
1.54648, 0.328818
1.53961, 0.328611
1.53274, 0.328395
1.52588, 0.328168
1.51902, 0.327931
1.51216, 0.327684
1.50531, 0.327427
1.49847, 0.327159
1.49163, 0.326882
1.4848, 0.326594
1.47797, 0.326296
1.47114, 0.325988
1.46433, 0.325669
1.45752, 0.325341
1.45072, 0.325003
1.44392, 0.324655
1.43714, 0.324296
1.43036, 0.323928
1.42359, 0.32355
1.41683, 0.323162
1.41008, 0.322764
1.40333, 0.322356
1.3966, 0.321939
1.38988, 0.321511
1.38316, 0.321074
1.37646, 0.320628
1.36977, 0.320172
1.36309, 0.319706
1.35642, 0.319231
1.34976, 0.318746
1.34311, 0.318252
1.33648, 0.317749
1.32986, 0.317236
1.32325, 0.316714
1.31665, 0.316184
1.31007, 0.315644
1.3035, 0.315095
1.29694, 0.314537
1.29039, 0.31397
1.28386, 0.313394
1.27735, 0.31281
1.27085, 0.312217
1.26436, 0.311615
1.25789, 0.311005
1.25143, 0.310386
1.24499, 0.309759
1.23857, 0.309124
1.23216, 0.30848
1.22576, 0.307829
1.21938, 0.307169
1.21302, 0.306501
1.20667, 0.305826
1.20034, 0.305142
1.19403, 0.304451
1.18774, 0.303753
1.18146, 0.303046
1.1752, 0.302333
1.16895, 0.301611
1.16273, 0.300883
1.15652, 0.300147
1.15033, 0.299405
1.14416, 0.298655
1.138, 0.297898
1.13187, 0.297135
1.12575, 0.296364
1.11965, 0.295587
1.11357, 0.294804
1.10751, 0.294014
1.10147, 0.293218
1.09545, 0.292415
1.08944, 0.291606
1.08346, 0.290791
1.07749, 0.28997
1.07155, 0.289144
1.06563, 0.288311
1.05972, 0.287473
1.05384, 0.286629
1.04797, 0.285779
1.04213, 0.284924
1.0363, 0.284064
1.0305, 0.283199
1.02472, 0.282328
1.01896, 0.281452
1.01321, 0.280572
1.00749, 0.279686
1.00179, 0.278796
0.996115, 0.277902
0.990458, 0.277002
0.984821, 0.276098
0.979206, 0.27519
0.973612, 0.274278
0.968039, 0.273361
0.962488, 0.27244
0.956958, 0.271516
0.95145, 0.270587
0.945963, 0.269655
0.940498, 0.268719
0.935055, 0.267779
0.929634, 0.266836
0.924234, 0.265889
0.918856, 0.264939
0.9135, 0.263986
0.908166, 0.26303
0.902855, 0.262071
0.897565, 0.261108
0.892297, 0.260143
0.887051, 0.259175
0.881828, 0.258205
0.876626, 0.257232
0.871447, 0.256256
0.86629, 0.255278
0.861156, 0.254298
0.856043, 0.253315
0.850953, 0.25233
0.845885, 0.251343
0.84084, 0.250354
0.835817, 0.249364
0.830816, 0.248371
0.825838, 0.247377
0.820882, 0.246381
0.815948, 0.245384
0.811037, 0.244385
0.806148, 0.243385
0.801281, 0.242383
0.796437, 0.24138
0.791616, 0.240377
0.786816, 0.239372
0.78204, 0.238366
0.777285, 0.237359
0.772553, 0.236351
0.767843, 0.235343
0.763156, 0.234333
0.758491, 0.233324
0.753848, 0.232314
0.749227, 0.231303
0.744629, 0.230292
0.740053, 0.22928
0.7355, 0.228269
0.730968, 0.227257
0.726459, 0.226245
0.721972, 0.225233
0.717507, 0.224221
0.713064, 0.22321
0.708644, 0.222198
0.704245, 0.221187
0.699868, 0.220176
0.695514, 0.219165
0.691181, 0.218155
0.686871, 0.217145
0.682582, 0.216136
0.678315, 0.215128
0.67407, 0.21412
0.669847, 0.213113
0.665645, 0.212107
0.661465, 0.211101
0.657307, 0.210097
0.653171, 0.209094
0.649056, 0.208091
0.644962, 0.20709
0.640891, 0.20609
0.63684, 0.205091
0.632811, 0.204093
0.628803, 0.203097
0.624817, 0.202102
0.620852, 0.201108
0.616908, 0.200116
0.612985, 0.199126
0.609083, 0.198137
0.605202, 0.197149
0.601342, 0.196163
0.597503, 0.195179
0.593685, 0.194197
0.589888, 0.193217
0.586112, 0.192238
0.582356, 0.191261
0.578621, 0.190287
0.574906, 0.189314
0.571212, 0.188343
0.567538, 0.187374
0.563885, 0.186407
0.560252, 0.185443
0.556639, 0.184481
0.553047, 0.18352
0.549474, 0.182563
0.545922, 0.181607
0.53851, 0.179605
0.531169, 0.177611
0.523915, 0.175628
0.516748, 0.173655
0.509667, 0.171695
0.502672, 0.169746
0.495761, 0.167808
0.488934, 0.165884
0.48219, 0.163971
0.475529, 0.162071
0.46895, 0.160184
0.462453, 0.15831
0.456035, 0.15645
0.449698, 0.154602
0.44344, 0.152769
0.437261, 0.150949
0.431159, 0.149143
0.425134, 0.147351
0.419186, 0.145574
0.413313, 0.14381
0.407515, 0.142062
0.401791, 0.140327
0.396141, 0.138608
0.390563, 0.136903
0.385058, 0.135212
0.379624, 0.133537
0.37426, 0.131877
0.368966, 0.130231
0.363741, 0.128601
0.358585, 0.126985
0.353496, 0.125385
0.348475, 0.1238
0.343519, 0.12223
0.33863, 0.120675
0.333805, 0.119135
0.329044, 0.11761
0.324346, 0.116101
0.319711, 0.114606
0.315139, 0.113127
0.310627, 0.111663
0.306176, 0.110214
0.301786, 0.10878
0.297454, 0.107361
0.293181, 0.105957
0.288966, 0.104567
0.284808, 0.103193
0.280707, 0.101833
0.276661, 0.100489
0.272671, 0.0991584
0.268735, 0.0978429
0.264853, 0.096542
0.261025, 0.0952555
0.257249, 0.0939835
0.253525, 0.0927258
0.249852, 0.0914824
0.24623, 0.0902532
0.242659, 0.0890381
0.239136, 0.0878369
0.235663, 0.0866497
0.232238, 0.0854764
0.22886, 0.0843168
0.22553, 0.0831708
0.222246, 0.0820384
0.219008, 0.0809194
0.215815, 0.0798138
0.212667, 0.0787215
0.209563, 0.0776423
0.206503, 0.0765762
0.203486, 0.075523
0.200511, 0.0744827
0.197578, 0.0734551
0.194686, 0.0724402
0.191836, 0.0714378
0.189025, 0.0704478
0.186255, 0.0694701
0.183523, 0.0685046
0.180831, 0.0675512
0.178177, 0.0666098
0.17556, 0.0656803
0.172981, 0.0647625
0.170438, 0.0638563
0.167932, 0.0629618
0.165461, 0.0620786
0.163026, 0.0612067
0.160625, 0.0603461
0.158259, 0.0594965
0.155927, 0.0586579
0.153628, 0.0578302
0.151362, 0.0570132
0.149129, 0.0562069
0.146927, 0.0554111
0.144758, 0.0546257
0.142619, 0.0538506
0.140512, 0.0530857
0.138434, 0.0523309
0.136387, 0.0515861
0.134369, 0.0508512
0.132381, 0.050126
0.130421, 0.0494105
0.128489, 0.0487045
0.126586, 0.048008
0.12471, 0.0473208
0.122861, 0.0466428
0.121039, 0.0459739
0.119243, 0.0453141
0.117474, 0.0446632
0.11573, 0.044021
0.114011, 0.0433876
0.112318, 0.0427628
0.110649, 0.0421464
0.109004, 0.0415385
0.107384, 0.0409389
0.105787, 0.0403474
0.104213, 0.0397641
0.102662, 0.0391888
0.101134, 0.0386213
0.0996284, 0.0380617
0.0981446, 0.0375098
0.0966825, 0.0369655
0.0952418, 0.0364288
0.0938222, 0.0358994
0.0924233, 0.0353774
0.091045, 0.0348627
0.0896868, 0.0343551
0.0883486, 0.0338546
0.08703, 0.033361
0.0857307, 0.0328744
0.0844505, 0.0323945
0.0831891, 0.0319213
0.0819462, 0.0314548
0.0807216, 0.0309949
0.079515, 0.0305413
0.0783262, 0.0300942
0.0771548, 0.0296534
0.0760007, 0.0292187
0.0748636, 0.0287902
0.0737433, 0.0283678
0.0726394, 0.0279513
0.0715519, 0.0275408
0.0704803, 0.027136
0.0694246, 0.026737
0.0683845, 0.0263436
0.0673597, 0.0259559
0.0663501, 0.0255736
0.0653553, 0.0251968
0.0643753, 0.0248254
0.0634098, 0.0244593
0.0624585, 0.0240984
0.0615214, 0.0237426
0.0605981, 0.023392
0.0596884, 0.0230463
0.0587923, 0.0227057
0.0579094, 0.0223699
0.0570396, 0.0220389
0.0561826, 0.0217127
0.0553384, 0.0213911
0.0545068, 0.0210742
0.0536874, 0.0207619
0.0528802, 0.0204541
0.052085, 0.0201507
0.0513016, 0.0198517
0.0505299, 0.019557
0.0497696, 0.0192665
0.0490206, 0.0189803
0.0482828, 0.0186982
0.0475559, 0.0184202
0.0468398, 0.0181463
0.0461344, 0.0178763
0.0454395, 0.0176102
0.0447549, 0.017348
0.0440805, 0.0170896
0.0434162, 0.0168349
0.0427618, 0.016584
0.0421171, 0.0163367
0.0414821, 0.0160931
0.0408565, 0.0158529
0.0402402, 0.0156163
0.0396331, 0.0153832
0.0390351, 0.0151534
0.038446, 0.014927
0.0378657, 0.0147039
0.0372941, 0.0144841
0.036731, 0.0142675
0.0361764, 0.0140541
0.03563, 0.0138438
0.0350918, 0.0136366
0.0345616, 0.0134324
0.0340394, 0.0132312
0.0335249, 0.013033
0.0330182, 0.0128377
0.0325191, 0.0126453
0.0320274, 0.0124557
0.0315431, 0.0122689
0.031066, 0.0120848
0.0305961, 0.0119035
0.0301332, 0.0117248
0.0296773, 0.0115488
0.0292282, 0.0113753
0.0287858, 0.0112044
0.0283501, 0.0110361
0.0277378, 0.0107994
0.0271374, 0.0105673
0.0265498, 0.0103401
0.0259748, 0.0101177
0.0254121, 0.00989999
0.0248615, 0.00968686
0.0243226, 0.00947824
0.0237953, 0.00927402
0.0232792, 0.00907412
0.0227742, 0.00887846
0.0222801, 0.00868693
0.0217965, 0.00849947
0.0213233, 0.00831598
0.0208602, 0.00813638
0.0204071, 0.00796059
0.0199637, 0.00778854
0.0195298, 0.00762014
0.0191053, 0.00745532
0.0186898, 0.007294
0.0182833, 0.00713612
0.0178855, 0.0069816
0.0174963, 0.00683036
0.0171155, 0.00668236
0.0167428, 0.0065375
0.0163781, 0.00639574
0.0160214, 0.006257
0.0156722, 0.00612122
0.0153307, 0.00598835
0.0149964, 0.00585831
0.0146694, 0.00573106
0.0143494, 0.00560652
0.0140363, 0.00548465
0.01373, 0.00536539
0.0134303, 0.00524869
0.013137, 0.00513448
0.0128501, 0.00502272
0.0125694, 0.00491336
0.0122947, 0.00480635
0.012026, 0.00470163
0.0117631, 0.00459917
0.0115059, 0.0044989
0.0112542, 0.00440079
0.011008, 0.00430478
0.0107671, 0.00421085
0.0105314, 0.00411893
0.0103008, 0.00402899
0.0100752, 0.00394099
0.00985448, 0.00385489
0.00963856, 0.00377064
0.00942731, 0.00368821
0.00922064, 0.00360755
0.00901846, 0.00352864
0.00882066, 0.00345143
0.00862715, 0.00337589
0.00843784, 0.00330198
0.00825264, 0.00322966
0.00807146, 0.00315891
0.00789421, 0.00308969
0.00772082, 0.00302197
0.00755119, 0.00295571
0.00738525, 0.00289089
0.00722292, 0.00282747
0.00706411, 0.00276542
0.00690877, 0.00270472
0.0067568, 0.00264534
0.00660814, 0.00258724
0.00646272, 0.0025304
0.00632046, 0.0024748
0.0061813, 0.0024204
0.00604517, 0.00236719
0.00591201, 0.00231513
0.00578176, 0.0022642
0.00565434, 0.00221438
0.0055297, 0.00216565
0.00540778, 0.00211797
0.00528852, 0.00207133
0.00517186, 0.00202571
0.00505776, 0.00198108
0.00494614, 0.00193742
0.00483696, 0.00189471
0.00473016, 0.00185294
0.0046257, 0.00181207
0.00452353, 0.00177209
0.00442358, 0.00173299
0.00432583, 0.00169474
0.00423021, 0.00165733
0.00413668, 0.00162073
0.0040452, 0.00158493
0.00395573, 0.00154991
0.00386821, 0.00151566
0.00378261, 0.00148216
0.00369889, 0.00144939
0.003617, 0.00141734
0.0035369, 0.00138599
0.00345856, 0.00135532
0.00338194, 0.00132533
0.003307, 0.00129599
0.00323371, 0.00126729
0.00316202, 0.00123923
0.00309191, 0.00121178
0.00302333, 0.00118493
0.00295626, 0.00115867
0.00289067, 0.00113298
0.00282652, 0.00110786
0.00276378, 0.00108329
0.00270241, 0.00105926
0.0026424, 0.00103576
0.00258371, 0.00101277
0.0025263, 0.000990292
0.00247017, 0.000968305
0.00241526, 0.000946801
0.00236157, 0.000925769
0.00230906, 0.000905201
0.0022577, 0.000885085
0.00220748, 0.000865412
0.00215836, 0.000846172
0.00211033, 0.000827355
0.00206335, 0.000808953
0.00201741, 0.000790956
0.00197249, 0.000773356
0.00192855, 0.000756144
0.00188559, 0.000739311
0.00184357, 0.00072285
0.00180249, 0.000706751
0.0017623, 0.000691007
0.00172301, 0.000675611
0.00168459, 0.000660556
0.00164701, 0.000645832
0.00161026, 0.000631434
0.00157433, 0.000617354
0.00153919, 0.000603584
0.00150483, 0.00059012
0.00147123, 0.000576953
0.00143837, 0.000564077
0.00140624, 0.000551486
0.00137482, 0.000539174
0.0013441, 0.000527134
0.00131406, 0.00051536
0.00128468, 0.000503847
0.00125596, 0.000492589
0.00122787, 0.000481579
0.0012004, 0.000470814
0.00117355, 0.000460288
0.00114728, 0.000449995
0.00112161, 0.000439929
0.0010965, 0.000430087
0.00107195, 0.000420463
0.00104794, 0.000411053
0.00102447, 0.000401853
0.00100151, 0.000392856
0.000979072, 0.000384059
0.000957129, 0.000375457
0.000935673, 0.000367046
0.000914695, 0.000358821
0.000894182, 0.00035078
0.000874126, 0.000342917
0.000854515, 0.000335228
0.000835341, 0.000327711
0.000816594, 0.000320361
0.000798264, 0.000313175
0.000780342, 0.000306148
0.000762819, 0.000299277
0.000745687, 0.000292559
0.000728936, 0.000285991
0.000712559, 0.000279569
0.000696546, 0.000273291
0.000680889, 0.000267152
0.000665583, 0.00026115
0.000650618, 0.000255283
0.000635986, 0.000249545
0.00062168, 0.000243936
0.000607694, 0.000238452
0.000594021, 0.000233091
0.000580653, 0.000227849
0.000567583, 0.000222724
0.000554805, 0.000217713
0.000542313, 0.000212814
0.000530099, 0.000208024
0.000518158, 0.000203341
0.000506484, 0.000198763
0.000495071, 0.000194288
0.000483914, 0.000189913
0.000473005, 0.000185635
0.00046234, 0.000181452
0.000451914, 0.000177364
0.000441722, 0.000173366
0.000431757, 0.000169457
0.000422016, 0.000165637
0.000412493, 0.000161903
0.000403182, 0.000158252
0.000394081, 0.000154682
0.000385183, 0.000151193
0.000376485, 0.000147782
0.000367981, 0.000144448
0.000359669, 0.000141188
0.000351542, 0.000138001
0.000343598, 0.000134885
0.000335831, 0.000131839
0.000328239, 0.000128862
0.000320817, 0.000125951
0.000313562, 0.000123106
0.000306469, 0.000120325
0.000299536, 0.000117605
0.000292759, 0.000114948
0.000286134, 0.000112349
0.000279658, 0.000109809
0.000273327, 0.000107326
0.000267138, 0.000104899
0.000261089, 0.000102526
0.000255176, 0.000100207
0.000249395, 9.794e-05
0.000243744, 9.5724e-05
0.00023822, 9.35576e-05
0.000232821, 9.14399e-05
0.000227543, 8.93699e-05
0.000222384, 8.73468e-05
0.000217341, 8.53693e-05
0.000212412, 8.34358e-05
0.000207594, 8.15458e-05
0.000202884, 7.96986e-05
0.00019828, 7.78928e-05
0.000193781, 7.61274e-05
0.000189382, 7.44018e-05
0.000185083, 7.27153e-05
0.00018088, 7.1067e-05
0.000176773, 6.94554e-05
0.000172758, 6.78801e-05
0.000168833, 6.63404e-05
0.000164996, 6.48352e-05
0.000161247, 6.33639e-05
0.000157582, 6.19261e-05
0.000153999, 6.05206e-05
0.000150498, 5.91467e-05
0.000147075, 5.78039e-05
0.00014373, 5.64911e-05
0.00014046, 5.52076e-05
0.000137264, 5.3953e-05
0.00013414, 5.27269e-05
0.000131087, 5.15287e-05
0.000128103, 5.03574e-05
0.000125186, 4.92127e-05
0.000122335, 4.80938e-05
0.000119549, 4.70002e-05
0.000116826, 4.59309e-05
0.000114164, 4.48857e-05
0.000111563, 4.38641e-05
0.00010902, 4.28655e-05
0.000106535, 4.18893e-05
0.000104107, 4.09353e-05
0.000101733, 4.0003e-05
9.94129e-05, 3.90915e-05
9.71457e-05, 3.82006e-05
9.49298e-05, 3.73299e-05
9.2764e-05, 3.64788e-05
9.06472e-05, 3.56469e-05
8.85786e-05, 3.48338e-05
8.65569e-05, 3.4039e-05
8.45809e-05, 3.32621e-05
8.26498e-05, 3.25026e-05
8.07624e-05, 3.17602e-05
7.89179e-05, 3.10347e-05
7.71154e-05, 3.03257e-05
7.53538e-05, 2.96327e-05
7.36322e-05, 2.89552e-05
7.19496e-05, 2.82929e-05
7.03052e-05, 2.76458e-05
6.86983e-05, 2.70131e-05
6.7128e-05, 2.63948e-05
6.55933e-05, 2.57906e-05
6.40937e-05, 2.52002e-05
6.2628e-05, 2.46229e-05
6.11957e-05, 2.40587e-05
5.97961e-05, 2.35071e-05
5.84285e-05, 2.29681e-05
5.70921e-05, 2.24415e-05
5.57861e-05, 2.1927e-05
5.45099e-05, 2.14242e-05
5.32627e-05, 2.09328e-05
5.20441e-05, 2.04525e-05
5.08532e-05, 1.99831e-05
4.96896e-05, 1.95246e-05
4.85526e-05, 1.90766e-05
4.74416e-05, 1.86388e-05
4.63559e-05, 1.82109e-05
4.5295e-05, 1.77928e-05
4.42583e-05, 1.73844e-05
4.32454e-05, 1.69853e-05
4.22555e-05, 1.65952e-05
4.12883e-05, 1.62142e-05
4.03432e-05, 1.58419e-05
3.94197e-05, 1.5478e-05
3.85173e-05, 1.51225e-05
3.76355e-05, 1.47752e-05
3.67739e-05, 1.44358e-05
3.5932e-05, 1.41042e-05
3.51093e-05, 1.37802e-05
3.43053e-05, 1.34636e-05
3.35197e-05, 1.31541e-05
3.27522e-05, 1.2852e-05
3.20022e-05, 1.25568e-05
3.12693e-05, 1.22683e-05
3.05532e-05, 1.19865e-05
2.98534e-05, 1.17112e-05
2.91697e-05, 1.14422e-05
2.85016e-05, 1.11793e-05
2.78488e-05, 1.09225e-05
2.7211e-05, 1.06716e-05
2.65877e-05, 1.04265e-05
2.59786e-05, 1.0187e-05
2.53835e-05, 9.95295e-06
2.48021e-05, 9.72429e-06
2.42339e-05, 9.50089e-06
2.36787e-05, 9.28263e-06
2.31363e-05, 9.06942e-06
2.26063e-05, 8.86115e-06
2.20885e-05, 8.6576e-06
2.15824e-05, 8.45865e-06
2.10879e-05, 8.2643e-06
2.06047e-05, 8.07445e-06
2.01326e-05, 7.8889e-06
1.96712e-05, 7.70751e-06
1.92204e-05, 7.53039e-06
1.878e-05, 7.35736e-06
1.83497e-05, 7.1883e-06
1.79292e-05, 7.02321e-06
1.75184e-05, 6.8619e-06
1.71169e-05, 6.70424e-06
1.67247e-05, 6.55014e-06
1.63413e-05, 6.39957e-06
1.59668e-05, 6.25246e-06
1.56008e-05, 6.10871e-06
1.52432e-05, 5.96824e-06
1.48938e-05, 5.83099e-06
1.45525e-05, 5.69689e-06
1.42189e-05, 5.56587e-06
1.3893e-05, 5.43785e-06
1.35745e-05, 5.31277e-06
1.32634e-05, 5.19059e-06
1.29594e-05, 5.07122e-06
1.26623e-05, 4.95456e-06
1.23721e-05, 4.84056e-06
1.20885e-05, 4.72916e-06
1.18114e-05, 4.62034e-06
1.15407e-05, 4.51407e-06
1.12762e-05, 4.41027e-06
1.10178e-05, 4.30883e-06
1.07653e-05, 4.20971e-06
1.05186e-05, 4.11286e-06
1.02776e-05, 4.01824e-06
1.00421e-05, 3.92578e-06
9.81195e-06, 3.83539e-06
9.5871e-06, 3.74711e-06
9.36741e-06, 3.66089e-06
9.15278e-06, 3.57663e-06
8.94311e-06, 3.49428e-06
8.73821e-06, 3.41384e-06
8.53802e-06, 3.33528e-06
8.34243e-06, 3.25848e-06
8.15132e-06, 3.18344e-06
7.96462e-06, 3.11016e-06
7.78223e-06, 3.03856e-06
7.60403e-06, 2.96859e-06
7.42991e-06, 2.90026e-06
7.25979e-06, 2.83351e-06
7.09356e-06, 2.76827e-06
6.93117e-06, 2.70452e-06
6.7725e-06, 2.64226e-06
6.61745e-06, 2.58145e-06
6.46598e-06, 2.522e-06
6.31798e-06, 2.46394e-06
6.17338e-06, 2.40721e-06
6.0321e-06, 2.35175e-06
5.89406e-06, 2.2976e-06
5.75922e-06, 2.24471e-06
5.62749e-06, 2.19301e-06
5.4988e-06, 2.14252e-06
5.37307e-06, 2.09321e-06
5.25019e-06, 2.04502e-06
5.13014e-06, 1.99791e-06
5.01286e-06, 1.95191e-06
4.89827e-06, 1.90698e-06
4.78631e-06, 1.86307e-06
4.67695e-06, 1.82019e-06
4.5701e-06, 1.77831e-06
4.46568e-06, 1.73739e-06
4.36367e-06, 1.6974e-06
4.264e-06, 1.65833e-06
4.16661e-06, 1.62017e-06
4.07148e-06, 1.58288e-06
3.97853e-06, 1.54644e-06
3.8877e-06, 1.51085e-06
3.79897e-06, 1.4761e-06
3.71229e-06, 1.44214e-06
3.62761e-06, 1.40896e-06
3.54488e-06, 1.37654e-06
3.46406e-06, 1.3449e-06
3.38508e-06, 1.31396e-06
3.30794e-06, 1.28373e-06
3.23257e-06, 1.25423e-06
3.15892e-06, 1.22541e-06
3.06256e-06, 1.1878e-06
2.96846e-06, 1.15121e-06
2.87735e-06, 1.11576e-06
2.78903e-06, 1.08141e-06
2.70344e-06, 1.04812e-06
2.62048e-06, 1.01584e-06
2.54007e-06, 9.84566e-07
2.46212e-06, 9.5425e-07
2.38656e-06, 9.24859e-07
2.31332e-06, 8.96367e-07
2.24232e-06, 8.68751e-07
2.17349e-06, 8.41987e-07
2.10677e-06, 8.16048e-07
2.0421e-06, 7.9091e-07
1.97942e-06, 7.66551e-07
1.91866e-06, 7.42944e-07
1.85977e-06, 7.20068e-07
1.8027e-06, 6.97894e-07
1.74738e-06, 6.76409e-07
1.69375e-06, 6.55583e-07
1.64176e-06, 6.35383e-07
1.59137e-06, 6.15796e-07
1.54253e-06, 5.96813e-07
1.4952e-06, 5.78426e-07
1.44933e-06, 5.6061e-07
1.40486e-06, 5.43358e-07
1.36175e-06, 5.26625e-07
1.31996e-06, 5.10387e-07
1.27947e-06, 4.94655e-07
1.24021e-06, 4.79411e-07
1.20215e-06, 4.64628e-07
1.16527e-06, 4.50302e-07
1.12952e-06, 4.36427e-07
1.09488e-06, 4.22975e-07
1.0613e-06, 4.09934e-07
1.02875e-06, 3.97296e-07
9.97197e-07, 3.85043e-07
9.66601e-07, 3.7316e-07
9.3696e-07, 3.61655e-07
9.08236e-07, 3.50508e-07
8.80389e-07, 3.39697e-07
8.53399e-07, 3.29219e-07
8.27239e-07, 3.19067e-07
8.0189e-07, 3.09238e-07
7.77315e-07, 2.99708e-07
7.53493e-07, 2.90467e-07
7.30409e-07, 2.81516e-07
7.08028e-07, 2.72838e-07
6.86329e-07, 2.64425e-07
6.65302e-07, 2.56269e-07
6.44922e-07, 2.48361e-07
6.25167e-07, 2.40701e-07
6.06019e-07, 2.3328e-07
5.87462e-07, 2.26088e-07
5.69473e-07, 2.19114e-07
5.52041e-07, 2.12358e-07
5.35149e-07, 2.05812e-07
5.18777e-07, 1.99468e-07
5.02911e-07, 1.93322e-07
4.87531e-07, 1.87369e-07
4.72626e-07, 1.81593e-07
4.58173e-07, 1.75991e-07
4.44162e-07, 1.70567e-07
4.30588e-07, 1.65307e-07
4.17433e-07, 1.60209e-07
4.04684e-07, 1.55272e-07
3.92326e-07, 1.50485e-07
3.80345e-07, 1.45848e-07
3.68733e-07, 1.4135e-07
3.57474e-07, 1.36991e-07
3.46564e-07, 1.32768e-07
3.35991e-07, 1.28678e-07
3.25741e-07, 1.24713e-07
3.15807e-07, 1.20866e-07
3.06184e-07, 1.17142e-07
2.96858e-07, 1.1353e-07
2.87814e-07, 1.10032e-07
2.79045e-07, 1.06639e-07
2.70549e-07, 1.03347e-07
2.62314e-07, 1.00161e-07
2.54335e-07, 9.70714e-08
2.46604e-07, 9.40794e-08
2.39104e-07, 9.11765e-08
2.31837e-07, 8.83589e-08
2.24795e-07, 8.56324e-08
2.17969e-07, 8.299e-08
2.11361e-07, 8.04256e-08
2.04953e-07, 7.79412e-08
1.98741e-07, 7.55294e-08
1.92718e-07, 7.31919e-08
1.86883e-07, 7.0929e-08
1.81233e-07, 6.87299e-08
1.75752e-07, 6.65963e-08
1.70436e-07, 6.4534e-08
1.65289e-07, 6.2538e-08
1.60307e-07, 6.0602e-08
1.55475e-07, 5.87213e-08
1.50791e-07, 5.6901e-08
1.46255e-07, 5.51408e-08
1.41864e-07, 5.34337e-08
1.37608e-07, 5.17747e-08
1.33482e-07, 5.01648e-08
1.29484e-07, 4.86084e-08
1.25608e-07, 4.70966e-08
1.21853e-07, 4.56327e-08
1.18213e-07, 4.42174e-08
1.14687e-07, 4.28436e-08
1.1127e-07, 4.15123e-08
1.07959e-07, 4.02232e-08
1.04751e-07, 3.89718e-08
1.0164e-07, 3.77583e-08
9.86259e-08, 3.65856e-08
9.57085e-08, 3.545e-08
9.28814e-08, 3.43475e-08
9.01392e-08, 3.32781e-08
8.74843e-08, 3.22415e-08
8.49136e-08, 3.12399e-08
8.2422e-08, 3.02691e-08
8.00051e-08, 2.93286e-08
7.76638e-08, 2.84172e-08
7.53988e-08, 2.75289e-08
7.32025e-08, 2.66679e-08
7.10727e-08, 2.58368e-08
6.90112e-08, 2.50345e-08
6.70156e-08, 2.42581e-08
6.5078e-08, 2.35052e-08
6.3199e-08, 2.27729e-08
6.138e-08, 2.20647e-08
5.96179e-08, 2.13822e-08
5.79122e-08, 2.07191e-08
5.62595e-08, 2.00746e-08
5.4658e-08, 1.94496e-08
5.31108e-08, 1.88433e-08
5.16143e-08, 1.82553e-08
5.01616e-08, 1.76862e-08
4.87544e-08, 1.71352e-08
4.73929e-08, 1.66031e-08
4.60734e-08, 1.60871e-08
4.47917e-08, 1.55872e-08
4.35503e-08, 1.51046e-08
4.23502e-08, 1.4636e-08
4.11884e-08, 1.41816e-08
4.00621e-08, 1.37424e-08
3.89679e-08, 1.33159e-08
3.79104e-08, 1.29019e-08
3.68882e-08, 1.25034e-08
3.5897e-08, 1.21123e-08
3.49387e-08, 1.17271e-08
3.40115e-08, 1.13542e-08
3.31124e-08, 1.0994e-08
3.22391e-08, 1.0645e-08
3.13914e-08, 1.03096e-08
3.05697e-08, 9.98481e-09
2.97732e-08, 9.6701e-09
2.90013e-08, 9.36743e-09
2.82544e-08, 9.07447e-09
2.75322e-08, 8.79386e-09
2.68371e-08, 8.52787e-09
2.61649e-08, 8.27253e-09
2.55103e-08, 8.02568e-09
2.48748e-08, 7.78637e-09
2.42599e-08, 7.55425e-09
2.36646e-08, 7.33275e-09
2.3085e-08, 7.11971e-09
2.252e-08, 6.91251e-09
2.19701e-08, 6.71205e-09
2.14377e-08, 6.52052e-09
2.09218e-08, 6.33726e-09
2.04201e-08, 6.16027e-09
1.99346e-08, 5.9895e-09
1.94645e-08, 5.82669e-09
1.90069e-08, 5.6727e-09
1.85603e-08, 5.5253e-09
1.81256e-08, 5.38252e-09
1.77028e-08, 5.24673e-09
1.72911e-08, 5.11908e-09
1.68899e-08, 4.99613e-09
1.64978e-08, 4.8768e-09
1.6115e-08, 4.75959e-09
1.57411e-08, 4.64549e-09
1.53763e-08, 4.53558e-09
1.50198e-08, 4.42689e-09
1.46712e-08, 4.32116e-09
1.43307e-08, 4.21801e-09
1.39975e-08, 4.11743e-09
1.36726e-08, 4.02138e-09
1.33568e-08, 3.92972e-09
1.30487e-08, 3.84341e-09
1.27479e-08, 3.75813e-09
1.24539e-08, 3.67413e-09
1.21656e-08, 3.5935e-09
1.18838e-08, 3.51379e-09
1.16079e-08, 3.4358e-09
1.13384e-08, 3.35961e-09
1.10755e-08, 3.28493e-09
1.08191e-08, 3.21257e-09
1.05682e-08, 3.14188e-09
1.03221e-08, 3.07227e-09
1.00826e-08, 3.00386e-09
9.8479e-09, 2.9377e-09
9.61841e-09, 2.87363e-09
9.3954e-09, 2.81129e-09
9.17594e-09, 2.74977e-09
8.96091e-09, 2.68876e-09
8.75114e-09, 2.63013e-09
8.54595e-09, 2.57312e-09
8.34544e-09, 2.51801e-09
8.14948e-09, 2.46396e-09
7.95838e-09, 2.41116e-09
7.77039e-09, 2.36002e-09
7.58552e-09, 2.30979e-09
7.40602e-09, 2.25985e-09
7.23068e-09, 2.21104e-09
7.05792e-09, 2.16484e-09
6.88915e-09, 2.11937e-09
6.72457e-09, 2.07366e-09
6.56319e-09, 2.02889e-09
6.40503e-09, 1.98594e-09
6.25032e-09, 1.94438e-09
6.09941e-09, 1.90455e-09
5.95063e-09, 1.86587e-09
5.80482e-09, 1.82714e-09
5.66312e-09, 1.78876e-09
5.52334e-09, 1.75266e-09
5.38622e-09, 1.71789e-09
5.25349e-09, 1.68247e-09
5.12281e-09, 1.64844e-09
4.9935e-09, 1.61577e-09
4.86844e-09, 1.58395e-09
4.74595e-09, 1.55339e-09
4.62562e-09, 1.52304e-09
4.50812e-09, 1.49333e-09
4.39276e-09, 1.46425e-09
4.27908e-09, 1.43537e-09
4.16862e-09, 1.40801e-09
4.05965e-09, 1.38182e-09
3.95287e-09, 1.35577e-09
3.84965e-09, 1.32958e-09
3.74716e-09, 1.30366e-09
3.64703e-09, 1.27839e-09
3.55e-09, 1.2539e-09
3.45458e-09, 1.23022e-09
3.36031e-09, 1.20726e-09
3.26858e-09, 1.18427e-09
3.17904e-09, 1.16119e-09
3.09038e-09, 1.13919e-09
3.00286e-09, 1.11832e-09
2.91781e-09, 1.09815e-09
2.83569e-09, 1.07814e-09
2.7548e-09, 1.05818e-09
2.67494e-09, 1.03727e-09
2.59752e-09, 1.01804e-09
2.52192e-09, 9.98826e-10
2.44788e-09, 9.787e-10
2.37612e-09, 9.60617e-10
2.30634e-09, 9.42746e-10
2.23886e-09, 9.25459e-10
2.17162e-09, 9.08711e-10
2.10476e-09, 8.90435e-10
2.04106e-09, 8.72444e-10
1.97874e-09, 8.55077e-10
1.91814e-09, 8.38243e-10
1.85998e-09, 8.21438e-10
1.80201e-09, 8.04975e-10
1.74392e-09, 7.89714e-10
1.68859e-09, 7.73703e-10
1.63517e-09, 7.57596e-10
1.58266e-09, 7.41967e-10
1.53108e-09, 7.26317e-10
1.48022e-09, 7.11652e-10
1.4314e-09, 6.98031e-10
1.38404e-09, 6.8323e-10
1.33749e-09, 6.68917e-10
1.29171e-09, 6.55395e-10
1.24769e-09, 6.414e-10
1.20552e-09, 6.27806e-10
1.16365e-09, 6.13554e-10
1.12215e-09, 6.00106e-10
1.08201e-09, 5.8724e-10
1.04343e-09, 5.74165e-10
1.00661e-09, 5.61367e-10
9.70889e-10, 5.47423e-10
9.35653e-10, 5.34849e-10
9.00597e-10, 5.21705e-10
8.66427e-10, 5.08354e-10
8.3434e-10, 4.97113e-10
8.0287e-10, 4.85819e-10
7.71722e-10, 4.74368e-10
7.41083e-10, 4.62899e-10
7.10872e-10, 4.5146e-10
6.82209e-10, 4.40121e-10
6.54001e-10, 4.29197e-10
6.2675e-10, 4.18365e-10
6.01097e-10, 4.07844e-10
5.74998e-10, 3.97493e-10
5.4954e-10, 3.87153e-10
5.24638e-10, 3.7718e-10
5.00225e-10, 3.67645e-10
4.77513e-10, 3.58595e-10
4.55997e-10, 3.49651e-10
4.35918e-10, 3.40642e-10
4.15997e-10, 3.3116e-10
3.96039e-10, 3.21703e-10
3.77134e-10, 3.1231e-10
3.58287e-10, 3.03479e-10
3.39615e-10, 2.96561e-10
3.21516e-10, 2.88517e-10
3.03478e-10, 2.78366e-10
2.86603e-10, 2.69456e-10
2.70438e-10, 2.61542e-10
2.54499e-10, 2.5304e-10
2.39405e-10, 2.44705e-10
2.25039e-10, 2.3622e-10
2.11317e-10, 2.28643e-10
1.97771e-10, 2.21174e-10
1.84836e-10, 2.12295e-10
1.7261e-10, 2.03645e-10
1.60351e-10, 1.95818e-10
1.4829e-10, 1.88543e-10
1.37791e-10, 1.81803e-10
1.28603e-10, 1.74247e-10
1.18624e-10, 1.66454e-10
1.09244e-10, 1.59488e-10
1.0121e-10, 1.51582e-10
9.41871e-11, 1.44401e-10
8.73556e-11, 1.38155e-10
7.94945e-11, 1.32968e-10
7.31502e-11, 1.28444e-10
6.79497e-11, 1.23069e-10
6.20065e-11, 1.17025e-10
5.68374e-11, 1.10866e-10
5.18581e-11, 1.05004e-10
4.74347e-11, 9.99628e-11
4.30229e-11, 9.50918e-11
3.85332e-11, 9.0239e-11
3.39439e-11, 8.57736e-11
2.92578e-11, 8.08456e-11
2.66548e-11, 7.63197e-11
2.36626e-11, 7.21011e-11
2.14953e-11, 6.74227e-11
2.06861e-11, 6.23879e-11
1.86741e-11, 5.84801e-11
1.66103e-11, 5.47187e-11
1.49247e-11, 5.01171e-11
1.28805e-11, 4.48111e-11
1.10346e-11, 3.98508e-11
1.02956e-11, 3.66529e-11
9.34799e-12, 3.37747e-11
7.90994e-12, 3.09837e-11
6.71522e-12, 2.82372e-11
5.94126e-12, 2.49539e-11
6.22521e-12, 2.19789e-11
5.34091e-12, 1.96694e-11
3.80013e-12, 1.62746e-11
3.27516e-12, 1.28694e-11
2.5406e-12, 1.13778e-11
1.65953e-12, 8.97615e-12
8.78971e-13, 6.71627e-12
5.61447e-13, 5.49619e-12
2.75098e-13, 4.97736e-12
-1.89774e-13, 5.32184e-12
-1.38467e-13, 5.14596e-12
-9.40285e-14, 4.88589e-12
-5.60707e-13, 4.23692e-12
-1.31362e-13, 4.49632e-12
2.20327e-13, 4.58034e-12
-7.54715e-13, 4.33086e-12
-1.04956e-12, 4.66578e-12
-4.06697e-13, 4.78812e-12
7.59393e-14, 4.16e-12
-1.37016e-13, 4.15992e-12
-8.85277e-13, 4.15305e-12
-1.15623e-12, 4.40293e-12
-8.84626e-13, 5.02465e-12
-3.3431e-13, 4.53696e-12
-7.56225e-13, 4.11891e-12
-1.17725e-12, 3.77389e-12
-1.20375e-12, 4.25314e-12
-1.28132e-12, 4.7812e-12
-1.10587e-12, 4.70955e-12
-1.17083e-12, 4.57592e-12
-1.26882e-12, 4.53107e-12
-5.03923e-13, 4.42391e-12
-4.46162e-13, 4.19407e-12
-1.14605e-12, 4.44655e-12
-3.26494e-13, 5.33564e-12
-6.75104e-13, 4.27614e-12
-1.33135e-12, 3.80742e-12
-9.30278e-13, 3.95109e-12
-8.5798e-13, 4.19893e-12
-2.11653e-13, 4.26179e-12
4.50306e-14, 4.27354e-12
-1.09136e-12, 4.20222e-12
-7.0021e-13, 4.77671e-12
-3.17169e-13, 4.03429e-12
-1.01945e-12, 4.7893e-12
-9.92924e-13, 4.80157e-12
-1.63765e-12, 4.27917e-12
-1.13118e-12, 4.10903e-12
-9.99171e-13, 5.32104e-12
-1.25147e-12, 4.9735e-12
-1.03197e-12, 3.92593e-12
-1.18504e-12, 3.80014e-12
-8.9786e-13, 3.84207e-12
-3.81917e-13, 4.52633e-12
-5.40309e-14, 4.12331e-12
-8.25739e-13, 4.75432e-12
-1.39648e-12, 4.96777e-12
-1.47041e-12, 4.22916e-12
-9.85523e-13, 4.45234e-12
-3.45442e-13, 4.89368e-12
-5.54875e-13, 4.7857e-12
1.48355e-13, 4.58591e-12
-1.37016e-13, 4.87945e-12
-7.51784e-13, 4.59696e-12
-1.22036e-13, 4.99757e-12
-2.44131e-13, 4.80382e-12
-8.5573e-13, 4.80144e-12
-1.3789e-12, 4.83332e-12
-1.15442e-12, 4.55782e-12
-4.31951e-13, 3.78217e-12
-6.40673e-14, 4.06573e-12
-3.09826e-13, 4.42494e-12
-7.95364e-13, 4.02762e-12
-1.36999e-12, 4.22925e-12
-1.30124e-12, 4.05222e-12
-4.1626e-13, 4.42329e-12
-3.20958e-13, 4.55265e-12
-6.43456e-13, 4.466e-12
-2.41585e-14, 4.50465e-12
-5.82734e-13, 4.45422e-12
-1.02336e-12, 4.26263e-12
-5.6802e-13, 5.42613e-12
1.9688e-14, 5.14013e-12
-7.09062e-14, 4.85649e-12
-8.39269e-13, 4.97513e-12
-2.77408e-13, 4.71984e-12
-4.90274e-14, 5.43137e-12
-5.35039e-13, 4.90842e-12
-5.21065e-13, 4.12088e-12
-1.79827e-13, 4.23283e-12
-8.2423e-14, 4.22212e-12
2.94283e-14, 4.06876e-12
2.52657e-13, 3.91093e-12
1.12828e-13, 5.06301e-12
-1.39207e-13, 5.26076e-12
-5.10555e-13, 4.70016e-12
-6.85763e-13, 4.96097e-12
-5.38266e-13, 5.02603e-12
-2.35959e-13, 4.43587e-12
-5.67013e-13, 3.91506e-12
-6.2285e-13, 4.088e-12
-3.27087e-13, 4.60739e-12
-3.48166e-13, 4.0664e-12
1.74764e-13, 4.03423e-12
-2.71516e-13, 4.12837e-12
-1.01439e-12, 4.72555e-12
-1.11378e-12, 4.57415e-12
-4.03766e-13, 4.49489e-12
1.85126e-13, 4.29386e-12
-1.48859e-13, 3.72463e-12
-2.20061e-13, 4.06707e-12
-4.90837e-13, 4.8068e-12
-2.48039e-13, 4.94037e-12
-4.9137e-13, 4.9179e-12
-4.40596e-13, 4.86547e-12
4.10368e-13, 4.62554e-12
-1.96583e-14, 4.54196e-12
-1.12325e-13, 4.34504e-12
1.09868e-13, 4.57169e-12
1.46046e-13, 4.37685e-12
2.75276e-13, 4.20214e-12
-2.7119e-14, 4.42541e-12
-7.62146e-13, 4.60535e-12
-9.13077e-13, 4.48592e-12
-1.11526e-13, 4.7991e-12
-2.42088e-13, 4.44181e-12
-5.09341e-13, 4.4901e-12
-7.1978e-13, 4.83663e-12
-2.40489e-13, 4.56127e-12
4.48323e-13, 4.45667e-12
-9.65154e-14, 4.05705e-12
-2.34538e-13, 3.91351e-12
-1.07952e-12, 3.67239e-12
-1.55973e-12, 4.37089e-12
-8.59697e-13, 5.0025e-12
1.6757e-14, 4.77386e-12
4.98712e-13, 4.61122e-12
-1.96524e-13, 5.17168e-12
-6.43012e-13, 4.37219e-12
-3.42304e-13, 5.11694e-12
-4.15371e-14, 5.32658e-12
-1.15108e-13, 4.35732e-12
-4.97528e-13, 3.92533e-12
-4.23543e-13, 3.92244e-12
-9.91533e-13, 4.32254e-12
-1.11611e-12, 5.45405e-12
-9.01797e-14, 5.73153e-12
-8.52e-13, 4.99929e-12
-1.70228e-12, 4.50443e-12
-1.40602e-12, 3.96912e-12
-1.38396e-12, 4.74366e-12
-1.43589e-12, 5.94327e-12
-1.27989e-12, 5.35278e-12
-1.28001e-12, 4.38932e-12
-1.43624e-12, 4.54803e-12
-1.67475e-12, 4.69039e-12
-6.30015e-13, 4.64117e-12
-3.37212e-14, 5.04155e-12
-5.48953e-13, 5.1675e-12
-4.06904e-13, 4.43561e-12
-6.16721e-13, 3.81453e-12
-6.83986e-13, 4.32034e-12
-5.41552e-13, 4.8379e-12
-5.79092e-13, 5.23381e-12
-6.84371e-13, 5.09569e-12
-1.02297e-12, 4.07903e-12
-9.09761e-13, 4.00605e-12
-6.386e-13, 4.69867e-12
-6.23472e-13, 4.63582e-12
-1.06946e-12, 4.29809e-12
-7.588e-13, 4.22422e-12
2.47476e-13, 4.58264e-12
4.0646e-13, 4.79223e-12
-1.09424e-13, 4.54642e-12
-1.01341e-13, 5.4249e-12
-2.23495e-13, 5.28764e-12
-9.76197e-13, 4.76789e-12
-8.08568e-13, 4.58701e-12
-1.91284e-13, 3.93821e-12
-3.59564e-13, 5.09771e-12
-6.64594e-13, 4.88701e-12
-2.29032e-13, 4.29657e-12
5.13071e-13, 5.10639e-12
3.90029e-13, 5.3482e-12
-1.3074e-13, 5.45168e-12
1.14782e-13, 4.92425e-12
-1.38881e-13, 4.07904e-12
-8.22927e-13, 3.75149e-12
-1.26142e-12, 4.12792e-12
-1.17657e-12, 5.07455e-12
-7.83433e-13, 4.98031e-12
-3.81917e-15, 5.04861e-12
4.5155e-13, 5.40428e-12
-7.24013e-13, 4.77844e-12
-1.22631e-12, 5.24508e-12
-9.78802e-13, 5.08301e-12
-2.95911e-13, 4.84584e-12
6.97072e-13, 4.78082e-12
-3.3656e-13, 4.29561e-12
-5.68878e-13, 4.36419e-12
-8.65471e-13, 4.30173e-12
-1.18394e-12, 5.19071e-12
-8.80362e-13, 5.29954e-12
-9.9698e-13, 4.04394e-12
-9.50499e-13, 4.91001e-12
-3.94618e-13, 5.20193e-12
-4.18983e-13, 5.27085e-12
-6.68917e-13, 5.39099e-12
8.36368e-14, 4.86265e-12
-5.00044e-14, 4.98357e-12
-4.66382e-13, 4.54918e-12
-5.36963e-13, 4.40913e-12
-5.67546e-14, 4.77397e-12
3.75403e-14, 4.98974e-12
-1.68754e-15, 4.97244e-12
1.48207e-13, 4.91391e-12
4.54451e-14, 4.64881e-12
-2.78977e-13, 4.93446e-12
-3.02425e-13, 4.19151e-12
-2.86763e-13, 4.39368e-12
-1.75474e-13, 5.0904e-12
-2.71102e-13, 4.27263e-12
-1.08947e-12, 4.72681e-12
-7.86719e-13, 4.77059e-12
-4.12973e-13, 4.83632e-12
-4.68514e-13, 4.43113e-12
-5.40516e-13, 4.73213e-12
-1.32901e-13, 4.86103e-12
-4.21411e-13, 5.07018e-12
-1.14054e-12, 4.90352e-12
-1.06075e-12, 4.81297e-12
-3.44909e-14, 5.21492e-12
1.09566e-12, 5.55534e-12
2.04311e-13, 5.86297e-12
-1.1615e-12, 5.23321e-12
-1.70003e-12, 5.42919e-12
-5.72668e-13, 4.50025e-12
-4.9738e-14, 4.22583e-12
-5.81727e-13, 4.634e-12
-3.79844e-13, 4.71362e-12
-6.47482e-14, 4.30718e-12
-1.78139e-13, 4.50404e-12
-5.66628e-13, 5.11598e-12
-3.96305e-13, 4.67377e-12
1.63218e-13, 5.12835e-12
5.52743e-13, 5.59001e-12
6.25781e-13, 4.55999e-12
6.74601e-13, 5.22033e-12
3.48728e-13, 6.11941e-12
1.53625e-13, 5.94258e-12
2.75839e-13, 5.85041e-12
-5.0567e-14, 5.03623e-12
-1.48355e-13, 4.69379e-12
-9.17251e-13, 4.87391e-12
-7.36418e-13, 4.70362e-12
-8.68402e-13, 5.25508e-12
-1.06413e-12, 5.5803e-12
-2.93454e-13, 5.04041e-12
-3.86358e-14, 5.3829e-12
2.67046e-14, 5.1469e-12
-7.30201e-13, 5.06055e-12
-1.03473e-12, 5.02281e-12
-6.06063e-13, 5.13702e-12
-5.65148e-13, 5.29101e-12
-8.95313e-13, 5.17183e-12
-3.66166e-13, 4.4077e-12
-3.83219e-13, 4.338e-12
-2.00521e-13, 4.44818e-12
2.79569e-13, 3.67831e-12
1.30444e-13, 3.78017e-12
1.55254e-13, 4.70462e-12
1.40628e-14, 4.31507e-12
-7.74196e-14, 4.82441e-12
-4.77041e-13, 4.85591e-12
1.23516e-13, 3.76758e-12
9.40166e-13, 3.09909e-12
6.56364e-13, 3.70508e-12
2.80368e-13, 4.21599e-12
-6.05975e-13, 4.85593e-12
-6.2211e-13, 5.71694e-12
2.57187e-13, 4.03032e-12
-6.18172e-14, 4.27657e-12
-7.6635e-13, 4.93185e-12
-6.90115e-14, 4.09927e-12
1.65675e-13, 3.64563e-12
-5.07061e-13, 4.72121e-12
-9.87003e-13, 6.46551e-12
-8.09634e-13, 6.38843e-12
-3.37508e-14, 5.46085e-12
-1.35299e-13, 4.75244e-12
-1.13252e-12, 4.43467e-12
-9.03544e-13, 4.72804e-12
-9.12811e-13, 4.80681e-12
-1.9714e-12, 4.69659e-12
-1.53024e-12, 4.89192e-12
-1.13166e-12, 5.30172e-12
-1.05507e-12, 4.30041e-12
-5.53572e-13, 4.26611e-12
-3.92072e-13, 4.8216e-12
-3.74989e-13, 4.69693e-12
1.87642e-13, 4.20468e-12
-4.73695e-16, 5.06447e-12
-1.21272e-12, 5.39918e-12
-1.33194e-12, 4.98959e-12
-1.16123e-12, 4.46631e-12
-1.39219e-12, 5.10034e-12
-7.23599e-13, 4.10788e-12
2.10942e-13, 4.34647e-12
-4.67626e-13, 5.94419e-12
-3.0352e-13, 5.22116e-12
-4.42135e-13, 4.44439e-12
-1.07801e-12, 4.45488e-12
-4.92732e-13, 5.14273e-12
-1.32045e-12, 4.98028e-12
-1.42339e-12, 4.99929e-12
1.84741e-14, 4.48036e-12
-4.23099e-13, 4.43214e-12
-7.42191e-13, 4.40081e-12
-2.41585e-14, 5.04548e-12
-1.45416e-12, 4.45007e-12
-1.62658e-12, 3.94427e-12
-9.8496e-13, 4.95923e-12
-9.75871e-13, 4.81945e-12
-2.10883e-13, 5.90713e-12
4.24224e-13, 5.25667e-12
4.41365e-13, 4.38695e-12
-9.7972e-13, 5.61794e-12
-1.71179e-12, 6.19545e-12
-1.38893e-12, 5.44797e-12
-1.28392e-12, 4.56826e-12
-1.30157e-12, 4.93068e-12
-2.50703e-13, 4.98636e-12
4.66886e-13, 5.31984e-12
-3.9216e-13, 4.63268e-12
-2.42621e-13, 5.18021e-12
-3.04438e-13, 4.94509e-12
-3.39107e-13, 4.99751e-12
-1.16683e-12, 4.99465e-12
-1.17447e-12, 5.21186e-12
3.2306e-13, 5.21565e-12
-4.88765e-13, 5.32117e-12
-7.26352e-13, 5.70801e-12
-9.21426e-13, 5.82169e-12
-1.12411e-12, 5.0645e-12
-5.22752e-13, 5.1855e-12
-7.88466e-13, 4.45947e-12
-1.2317e-12, 4.489e-12
-7.69962e-13, 5.25696e-12
-8.41727e-13, 5.22303e-12
-3.78808e-13, 4.63693e-12
5.60441e-14, 4.61225e-12
-4.41898e-13, 4.82983e-12
-7.273e-13, 4.43726e-12
-1.61865e-12, 5.19275e-12
-1.20783e-12, 5.92894e-12
-1.34245e-12, 5.22925e-12
-1.0826e-12, 5.25323e-12
2.40874e-13, 5.57998e-12
-3.95239e-13, 4.57035e-12
-5.64822e-13, 5.03022e-12
-4.12914e-13, 5.4962e-12
-9.4212e-13, 5.26216e-12
-5.55881e-13, 5.09504e-12
2.98161e-13, 4.81156e-12
-4.40388e-13, 5.00793e-12
-8.62717e-13, 5.70475e-12
3.44643e-13, 6.2427e-12
4.66294e-14, 6.53941e-12
-1.69553e-13, 6.30266e-12
3.27116e-13, 5.92191e-12
-5.2817e-14, 5.01793e-12
-7.40445e-13, 4.4802e-12
-6.94822e-13, 5.8349e-12
5.1994e-13, 5.40013e-12
7.5507e-13, 5.50952e-12
-4.34911e-14, 5.61324e-12
-2.25183e-13, 4.62573e-12
-7.70939e-13, 5.0047e-12
-5.79477e-13, 5.32603e-12
1.34254e-12, 4.75302e-12
1.00409e-12, 4.70324e-12
-4.3651e-13, 4.20697e-12
1.93682e-13, 4.67922e-12
-2.089e-13, 5.34321e-12
-2.9976e-13, 4.31298e-12
-7.43109e-15, 4.96689e-12
8.63517e-13, 5.58595e-12
8.71599e-13, 4.89653e-12
-4.12204e-13, 3.67085e-12
-8.99014e-13, 4.47511e-12
-1.07325e-12, 5.23317e-12
-1.48755e-12, 4.75985e-12
-1.41327e-12, 4.56167e-12
-6.03103e-13, 5.30052e-12
-1.53454e-12, 5.06618e-12
-8.6926e-13, 4.76793e-12
3.58025e-13, 4.58474e-12
-2.33887e-15, 4.38451e-12
-6.49939e-13, 5.54473e-12
-1.24209e-12, 6.34031e-12
1.01637e-13, 6.3169e-12
1.93356e-13, 5.54781e-12
-1.11437e-12, 5.6201e-12
-2.4117e-13, 5.29991e-12
-1.58214e-13, 5.2812e-12
-1.05063e-12, 5.35007e-12
-1.03203e-12, 4.69643e-12
-8.17775e-13, 4.94806e-12
-2.48956e-13, 5.4457e-12
-1.09335e-13, 5.25727e-12
-1.93238e-13, 5.85608e-12
-9.05646e-14, 5.68281e-12
-2.21512e-13, 5.45435e-12
-7.27152e-13, 5.03667e-12
-8.95432e-13, 4.84643e-12
1.3974e-14, 5.08421e-12
-7.56077e-13, 5.12824e-12
-1.49702e-12, 4.45464e-12
-8.39565e-13, 4.30805e-12
-1.46052e-12, 5.59372e-12
-1.39403e-12, 4.7979e-12
-7.34968e-13, 4.29307e-12
-2.5396e-13, 4.82104e-12
8.53243e-14, 4.37445e-12
-1.88471e-13, 4.8624e-12
-8.88178e-15, 5.24276e-12
-1.13095e-13, 5.23839e-12
-7.18684e-13, 4.73319e-12
-2.82648e-13, 4.79846e-12
-6.15064e-13, 5.59601e-12
-1.06022e-12, 5.13834e-12
-8.80244e-13, 4.31173e-12
-9.36999e-13, 4.95688e-12
-2.62013e-13, 5.6076e-12
-4.0498e-13, 6.42909e-12
-6.04524e-13, 4.78699e-12
-1.10054e-12, 4.40817e-12
-1.24306e-12, 4.60902e-12
-6.80197e-13, 3.45247e-12
-6.32324e-13, 4.91358e-12
-1.12008e-12, 6.18833e-12
-8.7077e-13, 5.30715e-12
-7.94772e-13, 4.97632e-12
-5.35424e-13, 6.04318e-12
-2.86852e-13, 6.18727e-12
-1.18865e-12, 5.48547e-12
-5.83296e-13, 4.46636e-12
-1.80004e-13, 4.25436e-12
-7.37958e-13, 5.26751e-12
-9.97691e-13, 5.10517e-12
-7.85623e-13, 4.25402e-12
-1.4223e-12, 5.38582e-12
-2.16476e-12, 4.85285e-12
-1.14095e-12, 4.89126e-12
-1.30601e-12, 4.9268e-12
-1.27616e-12, 4.38234e-12
-7.05747e-13, 4.16063e-12
-1.82136e-13, 5.12609e-12
4.37606e-13, 5.57403e-12
-9.58048e-14, 5.0033e-12
-2.12245e-13, 5.95517e-12
1.37638e-13, 6.00774e-12
1.18424e-15, 4.6141e-12
4.29849e-13, 5.10408e-12
5.46022e-13, 5.67103e-12
-1.07153e-12, 5.26817e-12
-1.1099e-12, 5.31997e-12
-2.51295e-13, 4.98913e-12
2.85964e-13, 5.55336e-12
-1.34725e-12, 5.95721e-12
-1.26749e-12, 5.82135e-12
1.11674e-13, 6.03302e-12
-6.81529e-13, 5.49832e-12
-8.87468e-13, 5.96646e-12
-3.18086e-13, 6.40089e-12
4.27806e-13, 5.2767e-12
1.13243e-13, 5.5305e-12
-1.16526e-12, 5.27476e-12
-1.5189e-12, 4.90866e-12
-4.06164e-13, 4.78626e-12
-3.27679e-13, 5.47279e-12
-6.03606e-13, 5.50075e-12
-4.85241e-13, 5.00314e-12
-5.04959e-13, 5.38835e-12
-9.96536e-14, 5.12753e-12
3.45353e-13, 4.88048e-12
-8.23341e-13, 6.05177e-12
-1.26838e-12, 5.43258e-12
-3.16784e-13, 5.18028e-12
-7.04e-13, 5.09575e-12
-1.80605e-12, 5.43963e-12
-1.32851e-12, 5.48327e-12
-1.44865e-12, 4.37022e-12
-1.03973e-12, 4.02852e-12
-1.8409e-13, 4.96129e-12
-6.72233e-13, 5.19993e-12
-1.29103e-12, 5.17481e-12
-1.34026e-12, 4.57992e-12
-4.51491e-13, 5.13382e-12
-6.01534e-13, 6.14723e-12
-1.21186e-12, 6.04576e-12
-4.20493e-13, 5.12085e-12
-3.51097e-13, 5.15383e-12
-6.71226e-13, 5.40516e-12
-1.59872e-13, 5.45339e-12
3.02336e-13, 6.04025e-12
9.35015e-13, 4.32694e-12
8.54576e-13, 4.83845e-12
2.6071e-13, 5.3837e-12
-4.64132e-13, 5.52019e-12
-6.95917e-13, 5.36793e-12
-6.65542e-13, 5.07293e-12
-8.06999e-13, 4.23934e-12
-9.28028e-13, 5.94817e-12
4.25141e-14, 5.70015e-12
5.47799e-13, 6.54593e-12
-1.50576e-13, 6.7326e-12
-7.17737e-13, 5.87502e-12
-7.37839e-13, 6.13054e-12
-1.89981e-13, 6.76061e-12
-9.88247e-14, 4.95805e-12
2.96059e-15, 5.25138e-12
-4.6505e-13, 4.85912e-12
-1.43121e-12, 5.71861e-12
-1.26817e-12, 6.29012e-12
-3.30698e-13, 6.27848e-12
-5.75924e-13, 5.88587e-12
-2.37164e-12, 6.52112e-12
-2.16668e-12, 4.99088e-12
-2.96918e-13, 3.82743e-12
-6.24804e-13, 5.08923e-12
-1.76028e-12, 5.17301e-12
-1.46319e-12, 5.55366e-12
-9.09909e-13, 5.86685e-12
-4.48412e-13, 5.12037e-12
-4.58863e-13, 4.51658e-12
-5.1011e-13, 4.53783e-12
-1.06549e-12, 5.04372e-12
-8.28286e-13, 4.92572e-12
5.63697e-14, 4.84816e-12
-4.58685e-13, 5.19363e-12
-1.37603e-12, 5.54195e-12
-1.49954e-12, 5.5835e-12
-9.42328e-13, 5.13793e-12
-8.90813e-13, 4.8254e-12
-8.70148e-13, 5.44132e-12
-1.14963e-12, 4.7539e-12
-1.7395e-12, 4.65765e-12
-1.27303e-12, 5.29668e-12
-8.89777e-13, 5.87828e-12
-1.3047e-12, 5.61355e-12
-1.05536e-12, 5.65709e-12
-9.41321e-13, 4.84236e-12
-1.05548e-12, 4.07224e-12
-2.53131e-14, 4.80992e-12
6.717e-13, 5.23563e-12
6.9269e-13, 4.9345e-12
-7.91367e-14, 5.22854e-12
-4.12411e-13, 6.02727e-12
3.91331e-13, 5.96834e-12
3.91213e-13, 5.16459e-12
-7.27773e-13, 6.33347e-12
-2.16103e-12, 6.19858e-12
-1.29141e-12, 5.14046e-12
-2.6521e-13, 6.09062e-12
-1.8104e-13, 6.22801e-12
4.95604e-14, 5.14422e-12
-6.01474e-13, 5.03631e-12
-4.96107e-13, 4.75164e-12
-1.34846e-12, 5.44132e-12
-1.22119e-12, 4.64646e-12
-8.48506e-14, 5.51693e-12
-1.68902e-13, 5.37002e-12
-1.20274e-12, 4.40917e-12
-1.31773e-12, 4.23172e-12
-7.22385e-14, 4.52408e-12
-2.62516e-13, 4.54124e-12
1.26713e-14, 3.95897e-12
-3.58054e-13, 4.21441e-12
-1.41661e-12, 4.64712e-12
-3.03639e-13, 3.53022e-12
5.54579e-13, 5.47178e-12
-8.24851e-13, 7.43553e-12
-5.48095e-13, 6.86551e-12
1.10045e-13, 5.02263e-12
4.61438e-13, 4.73712e-12
3.86358e-13, 5.18033e-12
3.01773e-13, 6.19061e-12
-6.12251e-14, 6.10282e-12
-4.65642e-13, 4.87556e-12
-3.70193e-13, 4.95584e-12
-4.55191e-13, 5.2586e-12
-3.70163e-13, 4.77765e-12
6.8745e-14, 4.51391e-12
-5.84865e-13, 5.0752e-12
-1.76185e-12, 4.68086e-12
-8.08361e-13, 4.32198e-12
-1.22391e-13, 5.11265e-12
-6.48429e-13, 4.54386e-12
-1.46419e-12, 4.88268e-12
-2.17426e-13, 5.14527e-12
-8.92619e-14, 5.50725e-12
-8.84774e-13, 5.5953e-12
-4.43527e-13, 5.44259e-12
1.70737e-13, 6.02346e-12
1.70353e-13, 6.47906e-12
-1.3508e-12, 6.64259e-12
-1.4149e-12, 5.99863e-12
-3.02484e-13, 5.80126e-12
-4.97291e-13, 5.30293e-12
-7.56728e-13, 5.58185e-12
-6.81144e-13, 5.33389e-12
-6.05205e-13, 6.16464e-12
-1.71507e-13, 6.59718e-12
7.78636e-14, 5.09708e-12
-6.8218e-13, 5.55084e-12
-8.44717e-13, 5.6469e-12
-1.49184e-13, 5.83724e-12
-3.45176e-13, 4.38274e-12
-6.60716e-13, 3.57007e-12
-7.8059e-13, 4.53605e-12
-4.4252e-13, 5.80122e-12
-5.00341e-14, 5.19338e-12
1.55727e-14, 5.51797e-12
-7.19128e-14, 6.82542e-12
-1.811e-13, 6.76956e-12
2.67312e-13, 4.86126e-12
-1.04657e-12, 5.5864e-12
-2.09711e-12, 4.82344e-12
-1.33014e-12, 5.98674e-12
-7.92788e-13, 7.49438e-12
-2.63493e-15, 6.09168e-12
-8.48714e-13, 5.27081e-12
-9.57723e-13, 5.83873e-12
-6.75608e-14, 5.54221e-12
-1.35512e-12, 5.00505e-12
-7.15665e-13, 5.32292e-12
1.26699e-12, 5.84314e-12
3.62495e-13, 5.34805e-12
2.97096e-13, 4.65266e-12
1.3895e-12, 5.24106e-12
8.92234e-13, 6.93074e-12
-7.21882e-13, 5.84662e-12
-1.71703e-12, 6.32452e-12
-5.21272e-13, 5.02918e-12
-1.11999e-13, 6.35534e-12
-8.32282e-13, 5.98606e-12
-5.54875e-13, 3.49888e-12
0, 0
