0, 0
0.000801249, 2.0722e-05
0.0032153, 8.28047e-05
0.00725348, 0.000185955
0.0129216, 0.000329662
0.0202198, 0.00051321
0.0291427, 0.000735741
0.0396792, 0.000996239
0.0518126, 0.00129359
0.0655211, 0.00162663
0.0807771, 0.00199417
0.0975481, 0.00239503
0.115797, 0.0028281
0.135481, 0.00329237
0.156555, 0.00378695
0.178967, 0.00431113
0.202663, 0.00486407
0.227585, 0.00544646
0.253673, 0.00605682
0.280863, 0.00669621
0.30909, 0.00736424
0.338284, 0.00806182
0.368378, 0.00878931
0.399302, 0.00954722
0.430979, 0.0103364
0.463346, 0.0111577
0.496325, 0.0120116
0.529849, 0.012899
0.563845, 0.0138202
0.598244, 0.0147762
0.632978, 0.0157677
0.66798, 0.0167939
0.703185, 0.0178534
0.738529, 0.0189471
0.773953, 0.0200751
0.809397, 0.0212355
0.844805, 0.0224272
0.880124, 0.0236485
0.915303, 0.024898
0.950294, 0.0261735
0.985053, 0.027473
1.01954, 0.0287944
1.05371, 0.030135
1.08752, 0.0314925
1.12096, 0.0328643
1.15398, 0.0342477
1.18655, 0.0356401
1.21866, 0.0370387
1.25028, 0.0384409
1.28139, 0.0398442
1.31197, 0.0412459
1.34201, 0.0426436
1.37149, 0.044035
1.40041, 0.0454176
1.42875, 0.0467895
1.45651, 0.0481486
1.48368, 0.0494929
1.51027, 0.0508209
1.53626, 0.0521308
1.56166, 0.0534212
1.58648, 0.0546909
1.61071, 0.0559387
1.63435, 0.0571636
1.65742, 0.0583648
1.67992, 0.0595417
1.70186, 0.0606936
1.72323, 0.0618201
1.74406, 0.0629211
1.76435, 0.0639962
1.7841, 0.0650455
1.80334, 0.0660691
1.82207, 0.0670671
1.84029, 0.06804
1.85803, 0.0689879
1.87529, 0.0699115
1.89208, 0.0708112
1.90842, 0.0716878
1.92431, 0.0725419
1.93977, 0.0733743
1.9548, 0.0741859
1.96943, 0.0749775
1.98365, 0.07575
1.99749, 0.0765046
2.01094, 0.0772421
2.02403, 0.0779637
2.03676, 0.0786705
2.04914, 0.0793635
2.06119, 0.080044
2.0729, 0.0807132
2.0843, 0.0813721
2.09539, 0.0820221
2.10617, 0.0826643
2.11667, 0.0833
2.12687, 0.0839305
2.13681, 0.084557
2.14647, 0.0851807
2.15587, 0.0858029
2.16501, 0.0864248
2.17391, 0.0870478
2.18257, 0.0876729
2.19098, 0.0883016
2.21644, 0.0897372
2.22932, 0.0908075
2.2416, 0.0919006
2.25331, 0.0930212
2.26448, 0.0941758
2.2751, 0.0953687
2.28521, 0.096604
2.29482, 0.0978861
2.30394, 0.0992185
2.31257, 0.100604
2.32074, 0.102047
2.32845, 0.103547
2.33571, 0.10511
2.34252, 0.106733
2.3489, 0.108424
2.35484, 0.110176
2.36036, 0.111993
2.36545, 0.113877
2.37011, 0.115825
2.37435, 0.11783
2.37817, 0.119892
2.38158, 0.122013
2.38458, 0.124189
2.38717, 0.126416
2.38934, 0.128696
2.39111, 0.131021
2.39247, 0.133386
2.39343, 0.135794
2.39397, 0.138236
2.3941, 0.140709
2.39384, 0.143202
2.39317, 0.145718
2.39211, 0.14825
2.39064, 0.150793
2.38879, 0.153348
2.38653, 0.155903
2.38389, 0.15846
2.38085, 0.161013
2.37743, 0.163557
2.37363, 0.166088
2.36945, 0.168602
2.36489, 0.171096
2.35995, 0.173564
2.35465, 0.176004
2.34899, 0.178413
2.34297, 0.180787
2.33659, 0.183122
2.32986, 0.185416
2.32279, 0.187666
2.31538, 0.189869
2.30764, 0.192023
2.29957, 0.194126
2.29118, 0.196174
2.28248, 0.198167
2.27347, 0.200102
2.26417, 0.201978
2.25456, 0.203793
2.24467, 0.205545
2.23451, 0.207234
2.22407, 0.208858
2.21336, 0.210416
2.2024, 0.211908
2.19119, 0.213333
2.17974, 0.214691
2.16805, 0.21598
2.15614, 0.217201
2.14401, 0.218354
2.13167, 0.219438
2.11912, 0.220453
2.10638, 0.2214
2.09345, 0.222279
2.08035, 0.223091
2.06707, 0.223834
2.05362, 0.224511
2.04002, 0.225122
2.02628, 0.225667
2.01239, 0.226148
1.99836, 0.226564
1.98421, 0.226917
1.96994, 0.227207
1.95556, 0.227436
1.94108, 0.227605
1.9265, 0.227715
1.91182, 0.227766
1.89707, 0.22776
1.88223, 0.227698
1.86733, 0.227581
1.85236, 0.22741
1.83733, 0.227187
1.82226, 0.226913
1.80713, 0.226589
1.79197, 0.226216
1.77678, 0.225796
1.76155, 0.225329
1.74631, 0.224818
1.73105, 0.224263
1.71577, 0.223665
1.7005, 0.223027
1.68522, 0.222349
1.66994, 0.221633
1.65842, 0.222247
1.62134, 0.220192
1.58444, 0.217951
1.54777, 0.215542
1.51137, 0.21298
1.47529, 0.210281
1.43957, 0.207459
1.40426, 0.204529
1.36938, 0.201505
1.33496, 0.198399
1.30104, 0.195223
1.26764, 0.191988
1.23478, 0.188706
1.20247, 0.185385
1.17073, 0.182035
1.13958, 0.178665
1.10903, 0.175283
1.07908, 0.171896
1.04974, 0.168508
1.02101, 0.165128
0.9929, 0.16176
0.96541, 0.158413
0.938539, 0.155086
0.912285, 0.151786
0.886646, 0.148517
0.861617, 0.145283
0.837193, 0.142086
0.813368, 0.138928
0.790136, 0.135811
0.767491, 0.132738
0.745426, 0.129709
0.723929, 0.126729
0.702995, 0.123796
0.682612, 0.120913
0.662772, 0.11808
0.643464, 0.115297
0.624681, 0.112566
0.60641, 0.109886
0.588641, 0.107257
0.571366, 0.104681
0.554571, 0.102154
0.538248, 0.0996803
0.522384, 0.0972581
0.50697, 0.0948875
0.491995, 0.0925678
0.477449, 0.0902984
0.46332, 0.0880781
0.449599, 0.0859075
0.436277, 0.0837854
0.42334, 0.0817109
0.41078, 0.0796839
0.398587, 0.0777043
0.386751, 0.0757707
0.375265, 0.0738823
0.364116, 0.0720378
0.353298, 0.0702371
0.342799, 0.0684782
0.332611, 0.0667619
0.322726, 0.0650861
0.313136, 0.0634507
0.303832, 0.0618546
0.294806, 0.0602958
0.28605, 0.0587753
0.277557, 0.0572924
0.269318, 0.055846
0.261326, 0.0544355
0.253575, 0.0530594
0.246056, 0.0517174
0.238764, 0.0504081
0.231691, 0.0491316
0.224831, 0.0478861
0.218177, 0.0466719
0.211724, 0.0454883
0.205466, 0.0443342
0.199396, 0.0432089
0.19351, 0.0421118
0.1878, 0.0410421
0.182263, 0.0399992
0.176893, 0.0389824
0.171685, 0.0379911
0.166634, 0.0370248
0.161735, 0.0360827
0.156983, 0.0351643
0.152375, 0.0342691
0.147905, 0.0333963
0.14357, 0.0325456
0.139365, 0.0317163
0.135287, 0.0309079
0.131331, 0.0301199
0.127494, 0.0293517
0.123772, 0.028603
0.120161, 0.0278731
0.116659, 0.0271617
0.113262, 0.0264683
0.109967, 0.0257923
0.10677, 0.0251335
0.103668, 0.0244912
0.10066, 0.0238653
0.0977407, 0.0232551
0.0949088, 0.0226604
0.0913171, 0.0219179
0.085898, 0.0207642
0.0808091, 0.01967
0.0760298, 0.0186327
0.071541, 0.0176494
0.0673244, 0.0167173
0.0633626, 0.0158337
0.0596402, 0.0149961
0.0561418, 0.0142025
0.0528538, 0.0134501
0.0497629, 0.0127369
0.0468571, 0.0120611
0.0441247, 0.0114208
0.0415551, 0.0108138
0.0391384, 0.0102387
0.0368648, 0.00969314
0.0347263, 0.0091762
0.0327142, 0.00868647
0.0308208, 0.00822214
0.0290393, 0.00778221
0.0273622, 0.00736547
0.0257833, 0.00697079
0.0242972, 0.00659701
0.0228976, 0.00624275
0.02158, 0.00590734
0.0203388, 0.00558932
0.01917, 0.00528804
0.0180691, 0.00500254
0.0170322, 0.00473224
0.0160552, 0.00447607
0.0151348, 0.00423363
0.0142674, 0.0040042
0.0134502, 0.00378696
0.01268, 0.00358119
0.0119542, 0.00338632
0.0112699, 0.00320162
0.0106252, 0.00302696
0.0100174, 0.00286136
0.0094446, 0.00270472
0.00890457, 0.00255641
0.0083955, 0.00241606
0.00791562, 0.00228337
0.00746316, 0.00215777
0.00703656, 0.00203893
0.00663434, 0.00192654
0.00625509, 0.00182021
0.00589748, 0.00171962
0.00556026, 0.00162447
0.00524227, 0.00153448
0.00494241, 0.00144936
0.00465964, 0.00136887
0.00439298, 0.00129275
0.00414151, 0.00122078
0.00390436, 0.00115272
0.00368072, 0.00108839
0.00346981, 0.00102757
0.00327092, 0.00097008
0.00308336, 0.000915742
0.00290648, 0.000864385
0.00273967, 0.000815849
0.00258237, 0.000769985
0.00243403, 0.00072665
0.00229415, 0.000685705
0.00216223, 0.000647021
0.00203784, 0.000610477
0.00192055, 0.000575958
0.00180995, 0.000543355
0.00170566, 0.000512562
0.00160732, 0.00048348
0.0015146, 0.000456018
0.00142718, 0.000430088
0.00134476, 0.000405604
0.00126705, 0.00038249
0.00119378, 0.000360668
0.00112471, 0.00034007
0.0010596, 0.000320627
0.000998213, 0.000302276
0.000940348, 0.000284958
0.000885803, 0.000268614
0.000834388, 0.000253192
0.000785926, 0.00023864
0.000740249, 0.000224911
0.000697198, 0.000211959
0.000656624, 0.00019974
0.000618385, 0.000188214
0.000582349, 0.000177342
0.00054839, 0.000167088
0.00051639, 0.000157418
0.000486236, 0.000148299
0.000457824, 0.0001397
0.000431054, 0.000131591
0.000405832, 0.000123947
0.00038207, 0.000116739
0.000359683, 0.000109945
0.000338594, 0.00010354
0.000318728, 9.75024e-05
0.000300014, 9.18121e-05
0.000282387, 8.6449e-05
0.000265785, 8.13948e-05
0.000250148, 7.66319e-05
0.000235421, 7.21437e-05
0.000221551, 6.7915e-05
0.00020849, 6.39305e-05
0.00019619, 6.01767e-05
0.000184608, 5.66404e-05
0.000173703, 5.33091e-05
0.000163435, 5.0171e-05
0.000153767, 4.72154e-05
0.000144665, 4.44316e-05
0.000136096, 4.18098e-05
0.00012803, 3.93408e-05
0.000120436, 3.70158e-05
0.000113288, 3.48264e-05
0.00010656, 3.2765e-05
0.000100227, 3.08241e-05
9.42673e-05, 2.89968e-05
8.86579e-05, 2.72764e-05
8.33789e-05, 2.5657e-05
7.8411e-05, 2.41326e-05
7.37362e-05, 2.26977e-05
6.93373e-05, 2.13471e-05
6.51981e-05, 2.0076e-05
6.13036e-05, 1.88797e-05
5.76395e-05, 1.77539e-05
5.41922e-05, 1.66945e-05
5.0949e-05, 1.56976e-05
4.78981e-05, 1.47596e-05
4.50282e-05, 1.3877e-05
4.23285e-05, 1.30467e-05
3.97892e-05, 1.22655e-05
3.74007e-05, 1.15306e-05
3.51543e-05, 1.08393e-05
3.30416e-05, 1.01889e-05
3.10546e-05, 9.57724e-06
2.91861e-05, 9.00194e-06
2.74289e-05, 8.46083e-06
2.57766e-05, 7.9519e-06
2.42229e-05, 7.47329e-06
2.2762e-05, 7.02319e-06
2.13885e-05, 6.59996e-06
2.00971e-05, 6.20198e-06
1.88829e-05, 5.82781e-06
1.77416e-05, 5.47596e-06
1.66686e-05, 5.14517e-06
1.56599e-05, 4.83418e-06
1.47118e-05, 4.5418e-06
1.38205e-05, 4.26695e-06
1.29828e-05, 4.00862e-06
1.21955e-05, 3.76574e-06
1.14555e-05, 3.53747e-06
1.07601e-05, 3.32293e-06
1.01065e-05, 3.12124e-06
9.49232e-06, 2.93176e-06
8.91511e-06, 2.75362e-06
8.37276e-06, 2.58626e-06
7.86314e-06, 2.42896e-06
7.38428e-06, 2.28113e-06
6.9344e-06, 2.14228e-06
6.51163e-06, 2.01174e-06
6.11454e-06, 1.88919e-06
5.7414e-06, 1.77395e-06
5.39091e-06, 1.66572e-06
5.06161e-06, 1.56405e-06
4.75231e-06, 1.46852e-06
4.46175e-06, 1.37881e-06
4.18886e-06, 1.29451e-06
3.93249e-06, 1.21533e-06
3.69173e-06, 1.14094e-06
3.46561e-06, 1.07111e-06
3.25317e-06, 1.00552e-06
3.05375e-06, 9.43871e-07
2.86648e-06, 8.86028e-07
2.69051e-06, 8.31621e-07
2.52534e-06, 7.80628e-07
2.37022e-06, 7.32708e-07
2.22457e-06, 6.87676e-07
2.08784e-06, 6.45451e-07
1.95942e-06, 6.0573e-07
1.8388e-06, 5.68499e-07
1.72568e-06, 5.33463e-07
1.61936e-06, 5.0069e-07
1.51961e-06, 4.69834e-07
1.42592e-06, 4.40885e-07
1.33802e-06, 4.13678e-07
1.25546e-06, 3.8817e-07
1.17799e-06, 3.64246e-07
1.10527e-06, 3.41776e-07
1.03701e-06, 3.20629e-07
9.72892e-07, 3.00846e-07
9.1279e-07, 2.82245e-07
8.56333e-07, 2.64811e-07
8.03333e-07, 2.48418e-07
7.53628e-07, 2.33065e-07
7.06988e-07, 2.186e-07
6.63197e-07, 2.05094e-07
6.22094e-07, 1.9239e-07
5.83521e-07, 1.80467e-07
5.47347e-07, 1.69278e-07
5.13385e-07, 1.58745e-07
4.81554e-07, 1.48932e-07
4.51632e-07, 1.39681e-07
4.23612e-07, 1.3099e-07
3.9724e-07, 1.22893e-07
3.72617e-07, 1.15219e-07
3.49434e-07, 1.08081e-07
3.27665e-07, 1.01344e-07
3.07309e-07, 9.5049e-08
2.88191e-07, 8.91056e-08
2.7023e-07, 8.36024e-08
2.53392e-07, 7.8377e-08
2.37629e-07, 7.34915e-08
2.22779e-07, 6.88872e-08
2.08914e-07, 6.46388e-08
1.95913e-07, 6.06111e-08
1.83591e-07, 5.67892e-08
1.72273e-07, 5.32564e-08
1.61437e-07, 4.99659e-08
1.51369e-07, 4.68092e-08
1.41923e-07, 4.39e-08
1.33032e-07, 4.11492e-08
1.24706e-07, 3.85636e-08
1.1691e-07, 3.61648e-08
1.09643e-07, 3.39176e-08
1.02715e-07, 3.17814e-08
9.63482e-08, 2.97896e-08
9.02744e-08, 2.79619e-08
8.46681e-08, 2.61394e-08
7.9297e-08, 2.45606e-08
7.4374e-08, 2.29921e-08
6.96823e-08, 2.15463e-08
6.53336e-08, 2.02176e-08
6.12211e-08, 1.89392e-08
5.73951e-08, 1.77426e-08
5.37984e-08, 1.66824e-08
5.03943e-08, 1.557e-08
4.72496e-08, 1.46161e-08
4.42542e-08, 1.37019e-08
4.14951e-08, 1.2826e-08
3.88488e-08, 1.20134e-08
3.64571e-08, 1.12893e-08
3.41422e-08, 1.05694e-08
3.20043e-08, 9.87967e-09
3.00065e-08, 9.30745e-09
2.80905e-08, 8.66778e-09
2.63093e-08, 8.15362e-09
2.46595e-08, 7.60315e-09
2.31455e-08, 7.15173e-09
2.16127e-08, 6.75605e-09
2.03447e-08, 6.24719e-09
1.90096e-08, 5.89789e-09
1.78239e-08, 5.5075e-09
1.66607e-08, 5.20149e-09
1.5643e-08, 4.78779e-09
1.46187e-08, 4.57326e-09
1.37071e-08, 4.25131e-09
1.28975e-08, 3.95613e-09
1.20459e-08, 3.7285e-09
1.12698e-08, 3.53991e-09
1.05945e-08, 3.25114e-09
9.87975e-09, 3.02268e-09
9.2774e-09, 2.87913e-09
8.6969e-09, 2.6744e-09
8.10433e-09, 2.5473e-09
7.69226e-09, 2.34898e-09
7.09307e-09, 2.22941e-09
6.74481e-09, 2.0679e-09
6.23398e-09, 1.94927e-09
5.88767e-09, 1.84461e-09
5.45999e-09, 1.68871e-09
5.11686e-09, 1.5749e-09
4.85708e-09, 1.51918e-09
4.51842e-09, 1.38733e-09
4.22917e-09, 1.34703e-09
3.99531e-09, 1.22378e-09
3.66393e-09, 1.14031e-09
3.52138e-09, 1.11152e-09
3.2233e-09, 9.82606e-10
3.02794e-09, 1.04312e-09
2.87366e-09, 8.32932e-10
2.68873e-09, 8.18449e-10
2.53199e-09, 7.71487e-10
2.30502e-09, 8.00931e-10
2.20756e-09, 6.97122e-10
2.04616e-09, 6.24952e-10
1.95635e-09, 6.63661e-10
1.76234e-09, 5.60039e-10
1.6728e-09, 5.00391e-10
1.64985e-09, 5.12223e-10
1.44921e-09, 4.99617e-10
1.38412e-09, 4.40594e-10
1.32539e-09, 4.54599e-10
1.21425e-09, 4.35464e-10
1.18783e-09, 3.81443e-10
1.07411e-09, 3.67778e-10
1.02522e-09, 4.12681e-10
9.16117e-10, 4.45249e-10
8.97853e-10, 2.7998e-10
8.75126e-10, 4.03275e-10
7.46868e-10, 2.92988e-10
7.03254e-10, 2.75064e-10
6.61237e-10, 2.16559e-10
5.87105e-10, 2.19125e-10
5.35686e-10, 1.88061e-10
4.06477e-10, 1.51132e-10
4.07391e-10, 1.51049e-10
3.03949e-10, 1.43615e-10
2.98149e-10, 1.24824e-10
2.17812e-10, 1.28437e-10
2.22648e-10, 1.44532e-10
1.79375e-10, 1.41936e-10
1.27712e-10, 1.27547e-10
7.63858e-11, 1.33374e-10
1.03198e-10, 1.17682e-10
2.1562e-11, 1.38805e-10
1.37267e-11, 1.1063e-10
3.31607e-12, 1.25586e-10
1.12676e-11, 9.97915e-11
-3.38376e-12, 1.07237e-10
-7.45715e-12, 9.89536e-11
-1.00426e-11, 1.22706e-10
1.67989e-11, 1.06925e-10
-1.40848e-11, 9.65984e-11
2.81245e-11, 9.23224e-11
-1.30579e-11, 1.22407e-10
-1.21967e-11, 1.22235e-10
1.36469e-11, 1.05188e-10
6.38542e-12, 1.08479e-10
3.25742e-11, 1.11739e-10
-5.20707e-11, 1.50597e-10
7.95435e-12, 1.34123e-10
2.02494e-11, 1.25713e-10
2.32604e-11, 1.34555e-10
-2.20564e-11, 1.40723e-10
-2.83674e-11, 1.3142e-10
7.2486e-13, 1.1431e-10
1.75581e-11, 1.19227e-10
-2.58422e-11, 1.15711e-10
2.83153e-11, 1.29086e-10
-2.29348e-11, 1.15451e-10
3.83201e-11, 8.62591e-11
-3.2925e-11, 1.27474e-10
3.47676e-12, 1.19811e-10
1.09138e-11, 1.05281e-10
-4.48326e-11, 1.17009e-10
4.95966e-11, 1.07572e-10
-1.76129e-11, 1.23938e-10
-3.02871e-11, 1.2655e-10
4.7256e-11, 1.62403e-10
-2.05473e-11, 1.18264e-10
3.35767e-11, 1.64672e-10
-2.42512e-11, 1.26351e-10
8.43476e-13, 1.52069e-10
1.23356e-11, 1.94188e-10
2.48826e-11, 1.26319e-10
-2.63929e-11, 1.48771e-10
-2.3999e-11, 1.53035e-10
3.74031e-11, 1.24309e-10
-2.04122e-11, 1.4755e-10
-4.47464e-12, 1.71992e-10
1.80481e-12, 1.45735e-10
-2.27477e-11, 1.63189e-10
2.156e-11, 1.53642e-10
1.01752e-11, 1.46576e-10
-1.30566e-11, 1.36442e-10
-9.40243e-12, 1.29587e-10
8.05719e-12, 1.31688e-10
2.38899e-11, 1.17056e-10
2.6973e-11, 1.45014e-10
-3.54442e-11, 1.63447e-10
-6.36259e-12, 1.53326e-10
1.97335e-11, 1.99604e-10
-1.72329e-27, 1.83799e-10
-2.35565e-11, 1.59821e-10
1.51547e-12, 1.44373e-10
-4.83671e-11, 1.32691e-10
7.13228e-11, 1.48793e-10
-2.27531e-11, 1.63038e-10
-2.65778e-11, 1.75961e-10
4.09629e-11, 1.7319e-10
-4.55123e-11, 1.68855e-10
7.46588e-12, 1.45384e-10
4.19138e-11, 1.28939e-10
2.00337e-11, 1.44843e-10
-9.27455e-12, 1.66839e-10
-1.70403e-11, 1.54078e-10
-8.86127e-12, 1.87963e-10
-2.84573e-11, 1.73864e-10
2.64215e-11, 1.58306e-10
5.66347e-12, 1.52367e-10
-5.5914e-11, 1.78807e-10
1.20702e-11, 1.50858e-10
3.58983e-11, 2.04837e-10
7.29069e-11, 2.09246e-10
-6.63898e-11, 1.48564e-10
-1.1836e-12, 2.1161e-10
9.53759e-12, 2.03255e-10
-4.32296e-11, 2.32194e-10
3.68891e-11, 2.21081e-10
-4.50722e-11, 1.99035e-10
8.34281e-11, 2.0852e-10
-1.11207e-11, 2.12762e-10
6.22207e-13, 1.87189e-10
-5.57685e-11, 2.3746e-10
6.43655e-11, 2.19448e-10
-6.03697e-11, 1.89691e-10
5.50334e-11, 1.91383e-10
1.93317e-12, 2.02282e-10
-5.45055e-11, 2.3769e-10
4.18159e-11, 2.32847e-10
-4.01312e-11, 2.29686e-10
7.15412e-11, 2.0745e-10
-3.735e-11, 1.94662e-10
-2.61895e-11, 1.84063e-10
6.42297e-11, 2.28343e-10
-5.51362e-11, 1.91212e-10
-2.74121e-11, 2.50918e-10
1.8628e-11, 2.1618e-10
3.26445e-11, 2.37497e-10
4.89453e-12, 2.53153e-10
-6.54616e-11, 2.47966e-10
6.44802e-11, 2.18683e-10
-5.13558e-11, 2.58709e-10
3.30276e-11, 2.79504e-10
1.15636e-11, 2.69222e-10
-2.03692e-11, 2.89691e-10
1.17158e-11, 2.43477e-10
1.84253e-11, 2.38484e-10
-1.26107e-11, 2.32319e-10
-6.0476e-11, 1.9985e-10
4.13294e-11, 1.74628e-10
5.44524e-11, 2.52757e-10
-2.51176e-11, 2.64019e-10
-1.83843e-11, 2.16748e-10
3.23778e-11, 2.23795e-10
-2.56015e-11, 2.29014e-10
7.80722e-12, 2.66042e-10
-8.64222e-12, 2.57366e-10
-4.34833e-11, 2.27915e-10
-4.13697e-11, 3.31683e-10
5.52381e-11, 2.55085e-10
-1.53054e-11, 2.31669e-10
2.67485e-11, 2.51092e-10
-3.26235e-11, 3.00287e-10
-4.10315e-12, 2.97545e-10
1.15596e-11, 2.77515e-10
-6.89534e-11, 2.79883e-10
1.09497e-10, 2.79041e-10
-9.25054e-12, 2.71369e-10
-3.80735e-11, 2.77953e-10
1.1917e-11, 3.31629e-10
-1.71273e-11, 3.28827e-10
7.75381e-11, 3.43924e-10
-9.62056e-11, 3.22471e-10
7.67286e-11, 3.62318e-10
-4.82421e-11, 2.60856e-10
1.05883e-11, 2.94576e-10
-2.66281e-11, 3.41422e-10
4.91076e-11, 2.98122e-10
-8.98141e-13, 3.14027e-10
1.80687e-12, 2.68391e-10
4.45282e-11, 3.20759e-10
-6.03281e-11, 2.71592e-10
1.65492e-11, 3.27952e-10
-1.84951e-11, 2.74389e-10
-4.65062e-12, 3.02433e-10
3.08718e-11, 2.78431e-10
-1.88182e-11, 3.36945e-10
-1.13559e-11, 2.74819e-10
2.56974e-11, 3.56726e-10
-3.54166e-11, 2.99409e-10
-1.63653e-11, 2.71603e-10
4.45347e-11, 3.93458e-10
9.73639e-13, 3.72191e-10
-3.23119e-11, 3.13207e-10
-2.65862e-11, 3.4562e-10
7.72367e-11, 3.84626e-10
2.68858e-11, 3.19735e-10
-6.20831e-11, 3.1989e-10
8.96166e-11, 3.08897e-10
-1.5188e-11, 2.77376e-10
-1.41523e-10, 3.22914e-10
7.0641e-11, 2.85283e-10
5.9707e-11, 2.6107e-10
4.55442e-11, 3.66436e-10
-1.39464e-10, 3.4513e-10
4.39518e-11, 3.62563e-10
-3.15655e-11, 2.79612e-10
-1.17428e-10, 3.652e-10
1.13811e-10, 3.33012e-10
-2.3527e-11, 3.48595e-10
1.02143e-10, 3.20731e-10
-1.94575e-11, 3.85312e-10
-6.52067e-11, 3.58834e-10
6.33707e-11, 3.13931e-10
8.89732e-11, 3.90383e-10
-1.50183e-10, 3.31035e-10
-3.21944e-11, 3.77532e-10
1.02675e-10, 3.45783e-10
-7.29256e-11, 4.09843e-10
3.15797e-11, 4.14483e-10
6.52248e-11, 2.45908e-10
-2.56441e-11, 2.68284e-10
-7.2662e-12, 2.74464e-10
2.03339e-11, 2.1123e-10
-8.68538e-11, 2.75539e-10
7.75894e-11, 2.14043e-10
-3.65853e-11, 2.68949e-10
-3.68532e-11, 2.66295e-10
2.27794e-11, 3.1405e-10
-1.69963e-12, 2.81205e-10
-5.13581e-12, 2.82345e-10
3.36237e-11, 2.49887e-10
3.29971e-11, 2.58405e-10
-9.53275e-11, 2.80583e-10
2.90667e-11, 2.19215e-10
2.92734e-11, 3.12044e-10
-4.82415e-11, 2.85853e-10
1.03462e-10, 3.22836e-10
-7.61042e-11, 3.30839e-10
7.29885e-12, 2.86277e-10
-6.523e-11, 2.05453e-10
4.9032e-11, 3.15605e-10
4.19199e-11, 3.17719e-10
4.68998e-12, 2.99138e-10
-6.51678e-11, 2.72766e-10
-1.9019e-11, 2.8465e-10
1.37874e-10, 3.12583e-10
-3.27756e-11, 3.41263e-10
-8.73489e-12, 3.73488e-10
8.79408e-12, 3.30274e-10
6.88603e-12, 3.46404e-10
-1.01015e-10, 3.04979e-10
8.17525e-11, 2.94567e-10
-5.72079e-11, 2.90089e-10
3.031e-12, 2.84909e-10
-3.86476e-11, 3.77563e-10
1.03401e-10, 4.01666e-10
3.29769e-11, 3.94217e-10
-3.21564e-11, 3.62685e-10
-7.72636e-11, 3.52969e-10
-6.30554e-11, 2.98766e-10
1.12123e-10, 3.43903e-10
8.51705e-12, 3.40109e-10
-2.14304e-12, 3.7478e-10
-7.65684e-11, 4.08678e-10
2.82193e-11, 4.10811e-10
2.62155e-11, 3.37105e-10
2.52836e-11, 3.40888e-10
-9.40344e-11, 3.73927e-10
5.56653e-12, 3.44631e-10
1.56849e-11, 2.56225e-10
3.15676e-11, 3.45136e-10
-4.538e-11, 4.00818e-10
-6.05053e-11, 3.73781e-10
1.17172e-10, 4.01462e-10
-4.85476e-11, 3.17516e-10
2.20983e-11, 3.71835e-10
4.44702e-11, 4.23236e-10
4.47446e-11, 3.32244e-10
-3.67267e-11, 3.42691e-10
-4.88718e-11, 3.64503e-10
-4.79713e-11, 4.26446e-10
6.27428e-11, 3.43012e-10
2.42785e-12, 3.54324e-10
2.07617e-11, 3.06053e-10
4.05455e-11, 3.51663e-10
-1.29785e-10, 3.58721e-10
5.84431e-11, 2.93998e-10
-2.12655e-11, 3.95219e-10
9.6895e-11, 3.62187e-10
-1.06332e-10, 4.63077e-10
3.4381e-11, 5.08936e-10
4.99552e-11, 4.12341e-10
2.96345e-11, 3.69365e-10
-9.33142e-11, 4.17386e-10
6.51814e-11, 3.69275e-10
6.55624e-12, 4.67557e-10
-3.561e-11, 4.33474e-10
-1.22043e-10, 3.37049e-10
1.73451e-10, 3.34466e-10
-2.28132e-11, 4.67494e-10
-4.58891e-11, 4.71586e-10
4.61528e-11, 3.78196e-10
-4.77823e-11, 4.61564e-10
-6.86503e-12, 4.20609e-10
-1.65699e-11, 3.88834e-10
5.55467e-12, 5.34563e-10
-5.86544e-11, 4.54927e-10
1.34824e-10, 5.67712e-10
-2.40096e-11, 5.70729e-10
4.26077e-11, 5.44202e-10
-1.31395e-10, 4.25875e-10
-1.00533e-11, 4.66796e-10
4.62139e-11, 4.32812e-10
2.32352e-11, 4.30509e-10
-5.4029e-11, 4.56758e-10
4.84542e-11, 4.90821e-10
-7.52961e-11, 5.00341e-10
1.4845e-10, 4.48949e-10
5.97053e-12, 4.75829e-10
-7.05369e-11, 4.82079e-10
3.9233e-11, 5.98135e-10
-1.66887e-10, 6.03402e-10
1.34233e-10, 5.2402e-10
-7.20801e-11, 4.34967e-10
4.47146e-11, 5.34722e-10
-4.34047e-11, 5.42462e-10
-6.07806e-11, 4.15938e-10
3.13361e-12, 4.77185e-10
1.62241e-10, 5.12402e-10
-8.39273e-11, 5.06437e-10
4.77579e-11, 4.17256e-10
1.12025e-11, 5.37873e-10
-4.02198e-11, 5.44915e-10
6.46902e-12, 4.02576e-10
4.87722e-12, 3.58036e-10
3.2685e-12, 5.11538e-10
-9.85668e-12, 5.91455e-10
-5.11913e-11, 6.34483e-10
4.81373e-11, 6.19234e-10
1.28475e-10, 5.28263e-10
-2.2138e-10, 5.50485e-10
1.36547e-10, 6.30595e-10
-2.01637e-10, 7.00127e-10
1.8053e-10, 4.20858e-10
2.22537e-11, 3.79395e-10
-2.75288e-11, 4.62198e-10
-4.66912e-11, 5.33851e-10
9.038e-11, 6.30316e-10
8.73437e-11, 5.06895e-10
-1.49234e-10, 5.75227e-10
3.52907e-12, 6.62995e-10
-2.12808e-11, 5.07626e-10
1.78228e-12, 3.94239e-10
1.21801e-10, 4.99084e-10
-8.28055e-11, 6.02124e-10
-6.89317e-27, 5.58766e-10
-5.63595e-11, 5.91715e-10
8.5871e-11, 6.53257e-10
-1.35869e-10, 5.09764e-10
1.40228e-10, 5.11077e-10
5.74792e-11, 4.20078e-10
-1.30428e-10, 5.90036e-10
4.86813e-11, 6.90959e-10
2.44594e-11, 7.53021e-10
7.56256e-12, 7.1905e-10
-5.31948e-11, 6.12424e-10
5.15433e-11, 5.95969e-10
-2.11005e-10, 5.97552e-10
1.71545e-10, 5.72524e-10
3.48612e-11, 7.13749e-10
5.25425e-11, 5.92182e-10
-1.95533e-10, 5.98087e-10
5.1081e-11, 7.03786e-10
-5.52722e-11, 6.7503e-10
1.5272e-10, 5.31905e-10
-2.31162e-10, 7.67113e-10
1.28141e-10, 5.93758e-10
1.24721e-10, 7.0893e-10
9.09495e-11, 6.21648e-10
-7.10705e-11, 6.34261e-10
-2.40731e-10, 7.16871e-10
1.0863e-10, 8.90869e-10
7.82486e-11, 6.67045e-10
-1.4895e-10, 8.38432e-10
9.76821e-11, 6.88998e-10
2.08796e-12, 6.28157e-10
1.99272e-10, 7.07874e-10
-1.55938e-10, 7.20561e-10
-1.54537e-10, 6.863e-10
1.82892e-10, 9.13581e-10
-6.83643e-11, 7.9672e-10
7.08225e-11, 7.93145e-10
-1.63849e-10, 8.20108e-10
7.79654e-11, 6.94797e-10
4.35105e-11, 8.41284e-10
-1.74829e-11, 7.36685e-10
-4.8295e-11, 7.07858e-10
8.37942e-11, 7.48232e-10
5.98055e-11, 5.65246e-10
-1.33497e-11, 6.69351e-10
-1.87731e-10, 8.16102e-10
-3.14282e-11, 6.2108e-10
1.6235e-10, 6.7479e-10
-1.13244e-11, 6.93828e-10
-1.25121e-10, 7.40959e-10
2.05649e-10, 8.68716e-10
3.2131e-11, 7.53343e-10
8.18564e-27, 5.73615e-10
-7.17746e-11, 8.41286e-10
8.83675e-11, 7.15305e-10
-1.84515e-10, 7.54771e-10
1.24329e-10, 7.02265e-10
-2.12044e-10, 6.85038e-10
1.91669e-10, 7.72689e-10
-1.87747e-10, 9.46836e-10
3.36543e-10, 7.17992e-10
-1.96565e-10, 8.63356e-10
-4.81494e-12, 6.89713e-10
2.90138e-11, 6.15077e-10
2.18537e-10, 7.31124e-10
-2.12157e-10, 8.64035e-10
9.79602e-11, 9.60435e-10
-6.39456e-11, 8.23543e-10
-2.02532e-10, 8.44824e-10
1.95951e-10, 7.29459e-10
-5.47997e-11, 8.33227e-10
2.00114e-11, 8.46118e-10
-5.52635e-11, 9.94426e-10
8.07216e-11, 9.00504e-10
-1.7732e-11, 9.41366e-10
-5.59628e-11, 9.50483e-10
1.14948e-10, 9.47628e-10
-2.38551e-10, 9.18569e-10
1.05606e-10, 9.30587e-10
-1.42255e-10, 9.37371e-10
2.90884e-10, 9.53615e-10
4.95507e-11, 9.01489e-10
-1.2046e-10, 7.99045e-10
1.13069e-10, 8.56834e-10
-8.97708e-11, 8.33956e-10
-2.01488e-10, 9.43917e-10
1.11805e-10, 8.59532e-10
-2.6729e-11, 8.60741e-10
1.42242e-10, 7.20946e-10
-1.50905e-10, 8.786e-10
-6.49365e-11, 8.10732e-10
1.3855e-10, 1.02425e-09
1.88208e-10, 7.39537e-10
-2.76606e-10, 8.70661e-10
-9.34902e-11, 7.13358e-10
1.24235e-10, 8.28715e-10
1.05331e-10, 9.14696e-10
3.33956e-11, 1.04135e-09
-7.26464e-11, 1.15981e-09
1.79536e-10, 8.78287e-10
-4.0838e-10, 8.16299e-10
3.33658e-10, 8.8426e-10
-2.12912e-10, 1.22328e-09
9.97523e-11, 1.21041e-09
-1.23037e-10, 7.20469e-10
-1.26395e-10, 8.73406e-10
1.67267e-10, 9.21031e-10
-1.10019e-10, 8.02646e-10
-1.74396e-11, 1.05779e-09
1.45898e-11, 1.00297e-09
5.27285e-11, 8.47067e-10
2.05854e-11, 8.57382e-10
-1.12184e-10, 1.14771e-09
-1.57075e-10, 1.23725e-09
1.72559e-10, 1.02051e-09
1.73227e-10, 1.14345e-09
1.94883e-10, 1.13181e-09
-2.85926e-10, 8.59149e-10
1.66172e-10, 1.10716e-09
-1.39514e-10, 9.19148e-10
1.21781e-10, 9.24354e-10
3.05617e-12, 7.23279e-10
-8.58992e-11, 7.88832e-10
-8.62263e-11, 9.73905e-10
1.39105e-10, 1.31471e-09
4.65442e-11, 1.04595e-09
9.96702e-11, 8.17428e-10
-4.06441e-10, 8.86617e-10
3.16964e-10, 9.93838e-10
-1.16553e-10, 1.25364e-09
2.18172e-10, 1.23124e-09
-1.80905e-10, 1.12694e-09
1.11498e-10, 8.25111e-10
-4.15684e-11, 1.06638e-09
1.60475e-11, 9.62554e-10
-7.73146e-11, 9.22728e-10
-2.03705e-10, 1.15628e-09
3.40768e-10, 1.01673e-09
-3.25743e-11, 1.06971e-09
-2.48479e-10, 1.07646e-09
2.29707e-11, 1.32803e-09
2.63489e-11, 9.66414e-10
2.314e-11, 1.04787e-09
-2.98606e-11, 9.86403e-10
3.86279e-10, 1.0072e-09
-1.30344e-10, 8.11732e-10
-1.57655e-10, 9.41738e-10
-1.68329e-10, 1.23154e-09
7.0955e-11, 1.17634e-09
1.18687e-10, 7.98055e-10
-9.52939e-11, 8.68329e-10
-3.75722e-11, 1.1464e-09
1.78255e-10, 1.24713e-09
-3.37153e-10, 1.17464e-09
7.25068e-11, 1.01282e-09
4.50463e-10, 9.41844e-10
-1.56488e-10, 9.96204e-10
-1.18658e-10, 9.87996e-10
2.94203e-10, 1.18702e-09
-4.04213e-10, 1.2952e-09
-3.49213e-10, 1.23987e-09
4.67271e-10, 1.08564e-09
2.84198e-11, 1.12886e-09
-3.56505e-11, 1.4125e-09
1.2164e-10, 1.04124e-09
-1.11298e-10, 1.09823e-09
3.27864e-10, 1.23663e-09
-1.80778e-10, 1.40682e-09
-8.34495e-11, 9.93906e-10
-2.3302e-10, 1.06565e-09
5.44397e-10, 9.62026e-10
-5.90294e-10, 1.14289e-09
1.91318e-10, 1.22477e-09
2.03059e-10, 1.2645e-09
-1.03734e-10, 9.7989e-10
4.5727e-10, 7.73957e-10
-4.55121e-10, 9.5048e-10
1.04815e-10, 1.23733e-09
-6.01006e-11, 1.06935e-09
-1.58307e-10, 1.04724e-09
4.91681e-11, 1.01303e-09
1.29034e-10, 1.42347e-09
-5.71219e-11, 1.37591e-09
-2.78943e-10, 1.06377e-09
-4.98443e-11, 1.51923e-09
5.54002e-10, 1.50497e-09
-3.16546e-10, 1.37026e-09
3.21494e-10, 1.28093e-09
-2.48739e-10, 1.21273e-09
-4.67964e-11, 1.23834e-09
-1.17386e-10, 1.28161e-09
9.81516e-11, 1.32213e-09
1.6151e-10, 1.66836e-09
-3.95252e-11, 1.24489e-09
9.51787e-11, 1.32817e-09
-5.96859e-11, 1.43569e-09
-1.15779e-10, 1.42001e-09
2.12302e-10, 1.16744e-09
-9.64569e-11, 1.30395e-09
-6.04861e-11, 1.00572e-09
-3.23664e-11, 1.22899e-09
-2.5979e-10, 1.28828e-09
4.31701e-10, 1.12853e-09
-7.35501e-11, 1.2411e-09
3.27968e-11, 1.18517e-09
-2.13881e-10, 1.38176e-09
7.84059e-11, 1.59295e-09
-1.53186e-10, 1.47055e-09
-8.72287e-11, 1.25199e-09
3.50056e-10, 1.4549e-09
-1.00343e-10, 1.33348e-09
-3.104e-10, 1.19766e-09
4.71324e-10, 1.54893e-09
-1.26658e-11, 1.16376e-09
-3.64265e-10, 1.35464e-09
3.95191e-10, 1.83098e-09
-5.11573e-10, 1.45821e-09
1.9246e-10, 1.23323e-09
6.86508e-11, 1.0355e-09
9.90032e-11, 1.61278e-09
-1.72733e-11, 1.78376e-09
2.81592e-10, 1.70583e-09
-2.78148e-10, 1.48801e-09
-1.13359e-10, 1.66813e-09
6.12345e-11, 1.52111e-09
6.14298e-11, 1.2865e-09
6.60272e-11, 1.25544e-09
-2.78196e-10, 1.5067e-09
6.29035e-10, 1.46744e-09
-6.84354e-10, 1.3577e-09
-1.33738e-10, 1.53186e-09
3.48816e-10, 1.3079e-09
-3.81319e-10, 1.28529e-09
9.45048e-11, 1.50787e-09
5.46239e-10, 1.19276e-09
2.71713e-11, 1.29095e-09
-2.72564e-10, 1.48124e-09
-5.46834e-11, 1.36417e-09
-4.66261e-10, 1.4747e-09
3.71421e-10, 1.42215e-09
4.59973e-11, 1.44347e-09
5.35228e-10, 1.43306e-09
-5.69288e-10, 1.645e-09
-4.73556e-10, 1.49605e-09
3.21338e-10, 1.63932e-09
1.82187e-10, 1.96307e-09
-2.06179e-10, 1.36764e-09
6.72146e-10, 1.47609e-09
-6.60069e-11, 1.42651e-09
-7.80328e-10, 1.69295e-09
3.03601e-10, 1.94184e-09
2.28398e-10, 1.91787e-09
5.25012e-11, 1.34598e-09
-1.34047e-10, 1.70539e-09
2.11288e-10, 1.74336e-09
-6.45426e-10, 1.65333e-09
5.7975e-11, 1.51763e-09
6.20276e-10, 1.90251e-09
-6.07573e-10, 1.46404e-09
3.80273e-10, 1.50895e-09
-1.5159e-10, 1.72188e-09
3.48238e-10, 1.64663e-09
-6.83815e-10, 1.46077e-09
5.8225e-10, 1.821e-09
-1.672e-10, 1.37056e-09
1.11912e-11, 1.27054e-09
-1.12359e-10, 1.25888e-09
-1.76729e-10, 1.29397e-09
4.22814e-10, 1.13854e-09
-4.54811e-11, 1.08648e-09
5.32713e-11, 1.32264e-09
-2.06286e-10, 1.097e-09
1.91758e-10, 8.34623e-10
-3.27272e-10, 1.0934e-09
-3.6721e-10, 1.25076e-09
9.35203e-10, 1.45697e-09
-2.10367e-10, 1.27683e-09
-1.95544e-10, 9.09481e-10
7.45963e-11, 1.1792e-09
-1.37948e-10, 1.16137e-09
-2.05747e-10, 1.29702e-09
4.28975e-10, 1.33139e-09
2.39241e-11, 1.23056e-09
4.80327e-11, 9.49886e-10
1.56707e-10, 1.6411e-09
-2.66216e-10, 1.33452e-09
-8.50299e-11, 1.12392e-09
2.43872e-11, 1.23286e-09
3.71286e-10, 1.10138e-09
-1.9659e-10, 1.41969e-09
9.86692e-11, 1.35498e-09
-2.39356e-10, 1.42418e-09
-3.39683e-10, 1.45563e-09
4.19974e-10, 1.34989e-09
-3.75648e-11, 1.06551e-09
-9.21711e-11, 1.21683e-09
-4.20536e-12, 1.46313e-09
1.26635e-11, 1.42273e-09
-8.47396e-11, 1.67229e-09
-1.70113e-11, 1.30392e-09
1.70749e-10, 1.36626e-09
1.07116e-10, 1.16543e-09
-9.46126e-11, 1.38473e-09
3.6259e-10, 1.59212e-09
-2.68618e-10, 1.49367e-09
-4.39207e-10, 1.41332e-09
4.75746e-10, 1.55683e-09
3.06651e-11, 1.29555e-09
-2.11049e-10, 1.4671e-09
-9.70861e-11, 1.45426e-09
-2.21459e-10, 1.49481e-09
6.44582e-10, 1.62427e-09
-2.98929e-10, 1.22513e-09
-1.02992e-10, 1.4735e-09
-2.42687e-10, 1.50635e-09
2.75142e-10, 1.27775e-09
-4.97957e-11, 1.30802e-09
2.18077e-10, 1.63391e-09
5.92759e-11, 1.43627e-09
-3.24905e-10, 1.65406e-09
4.59261e-10, 1.47035e-09
-4.47084e-10, 1.55813e-09
1.66523e-10, 1.45074e-09
3.52808e-10, 1.27879e-09
-2.88846e-10, 1.39528e-09
-5.28324e-10, 1.44758e-09
8.07038e-10, 1.18661e-09
-6.54519e-10, 1.4992e-09
-4.72548e-11, 1.38916e-09
3.17729e-10, 1.3485e-09
-7.13849e-11, 1.05993e-09
4.29822e-10, 1.24684e-09
-4.64885e-10, 1.51056e-09
-2.88569e-11, 1.48942e-09
1.7375e-10, 1.6704e-09
-2.42165e-11, 1.63317e-09
-3.83959e-10, 1.71677e-09
5.02354e-10, 1.84447e-09
2.93654e-11, 1.45371e-09
-3.92902e-10, 1.65882e-09
1.37993e-10, 1.41964e-09
3.06617e-10, 1.60887e-09
-2.48128e-11, 2.10406e-09
-3.43601e-10, 1.6587e-09
-2.49845e-11, 1.44621e-09
1.05297e-10, 1.39072e-09
3.01882e-11, 1.56688e-09
-1.41362e-10, 1.39635e-09
2.33034e-10, 1.69315e-09
2.03331e-10, 1.86827e-09
-4.64159e-10, 1.54364e-09
1.27951e-10, 1.69642e-09
-3.54347e-10, 1.63344e-09
5.92585e-10, 2.06634e-09
1.03408e-10, 1.64756e-09
-4.25409e-10, 1.31261e-09
2.70683e-10, 1.48365e-09
-2.61151e-11, 1.71888e-09
-1.46737e-10, 1.61149e-09
-2.1033e-11, 1.4525e-09
-5.27591e-11, 1.78292e-09
4.76424e-11, 1.47566e-09
2.65566e-11, 1.58492e-09
2.55795e-10, 2.11636e-09
3.79626e-10, 1.92775e-09
-2.68233e-10, 1.55279e-09
8.61199e-11, 1.87882e-09
5.40036e-12, 1.86488e-09
-6.77282e-10, 1.77273e-09
2.44628e-10, 1.78241e-09
-2.07257e-10, 1.41887e-09
4.3777e-11, 2.06609e-09
-2.58037e-10, 2.07757e-09
2.20327e-10, 2.0459e-09
-2.54208e-10, 2.01086e-09
5.10082e-10, 1.86653e-09
2.33625e-10, 1.61654e-09
-5.58066e-12, 1.7899e-09
-6.27072e-10, 1.50041e-09
4.88686e-10, 2.06263e-09
-4.45191e-10, 1.87114e-09
1.24379e-10, 1.63795e-09
4.1405e-10, 1.79255e-09
-1.53637e-10, 2.18584e-09
-3.42518e-10, 1.67741e-09
2.80625e-10, 1.87029e-09
-1.72364e-11, 1.72097e-09
-2.82432e-10, 1.82097e-09
8.09538e-11, 1.82914e-09
5.56889e-10, 2.15045e-09
-2.61877e-10, 1.4416e-09
-1.98494e-10, 2.15632e-09
4.62676e-10, 1.95308e-09
-3.81895e-10, 2.00713e-09
-5.89397e-11, 1.74823e-09
1.47817e-10, 1.94476e-09
-7.11767e-11, 1.92561e-09
1.78504e-11, 1.62321e-09
1.07441e-10, 1.67573e-09
4.67044e-10, 1.97192e-09
-3.12343e-10, 1.50759e-09
3.07299e-10, 1.54948e-09
-7.79723e-10, 2.1225e-09
4.54747e-10, 1.91513e-09
-8.51516e-11, 1.7481e-09
-6.22328e-10, 2.18401e-09
4.22299e-10, 2.50415e-09
3.43802e-10, 2.02192e-09
-7.75959e-10, 1.78768e-09
3.58296e-10, 1.73583e-09
-2.35473e-10, 2.3149e-09
4.59971e-10, 2.08526e-09
4.42687e-10, 2.34249e-09
-5.00341e-10, 2.00175e-09
-2.50941e-10, 2.3256e-09
7.55136e-11, 2.52275e-09
-3.78727e-11, 2.16593e-09
4.43203e-11, 2.05671e-09
3.30244e-10, 1.84126e-09
-5.41471e-10, 1.6043e-09
2.61977e-10, 1.68097e-09
-2.49957e-10, 2.10049e-09
4.50006e-11, 2.07398e-09
3.41753e-10, 1.79233e-09
-7.76128e-11, 1.92186e-09
9.73097e-11, 1.94733e-09
-2.92812e-10, 2.23298e-09
2.87169e-10, 2.31048e-09
-4.64783e-10, 1.95171e-09
5.05578e-10, 2.02335e-09
3.62212e-10, 1.97708e-09
-5.87884e-10, 1.70273e-09
2.05382e-10, 1.29063e-09
-5.98055e-11, 1.92602e-09
1.39963e-10, 2.10414e-09
-3.60978e-10, 1.9896e-09
1.67617e-10, 2.19362e-09
-8.74203e-11, 2.10344e-09
6.13759e-10, 1.82888e-09
-3.51759e-10, 1.42725e-09
-4.07078e-11, 2.00903e-09
1.22484e-10, 1.90818e-09
-1.84269e-10, 2.35965e-09
5.68126e-10, 2.11861e-09
-1.03662e-09, 1.93308e-09
3.23605e-10, 2.07291e-09
-3.38366e-10, 1.97438e-09
1.5929e-10, 1.904e-09
5.20944e-10, 1.83621e-09
-2.08987e-10, 2.04693e-09
-2.86448e-10, 1.77311e-09
5.46538e-10, 2.08349e-09
2.67037e-10, 1.81102e-09
-4.15814e-10, 2.24587e-09
7.58249e-26, 2.10981e-09
-3.54431e-10, 2.35487e-09
5.75838e-10, 2.32207e-09
-1.71111e-10, 2.49032e-09
-2.14506e-10, 1.87902e-09
-1.43416e-11, 2.05736e-09
8.1263e-10, 2.49223e-09
-1.13229e-09, 2.54026e-09
2.67612e-10, 1.73828e-09
-1.45069e-11, 2.20051e-09
7.2742e-11, 2.01693e-09
-3.64748e-10, 1.99568e-09
2.77999e-10, 2.50169e-09
6.60293e-11, 2.95956e-09
-9.56468e-11, 1.92817e-09
-3.32025e-10, 2.51194e-09
1.77582e-10, 2.95344e-09
1.78085e-10, 2.97127e-09
2.00912e-10, 2.2841e-09
-4.99966e-10, 2.43776e-09
8.90502e-10, 2.46434e-09
-8.78001e-10, 2.42286e-09
-6.0203e-11, 2.27928e-09
3.0186e-10, 2.1968e-09
-5.29736e-11, 2.65193e-09
5.00863e-10, 3.09513e-09
-1.75031e-10, 2.91457e-09
-1.7552e-10, 2.95007e-09
4.59154e-10, 2.33973e-09
-5.60192e-10, 2.26166e-09
6.38701e-10, 2.07486e-09
-1.23465e-10, 1.91059e-09
-1.08331e-10, 2.31498e-09
-6.98343e-11, 1.6118e-09
7.00273e-11, 1.76762e-09
-1.87255e-10, 2.1182e-09
3.36423e-10, 3.1715e-09
-1.23172e-09, 2.46899e-09
1.0227e-09, 2.21003e-09
-1.08861e-09, 2.30631e-09
9.41306e-10, 2.35914e-09
2.69681e-10, 2.72747e-09
4.13581e-10, 2.9242e-09
-7.41693e-10, 2.72958e-09
3.99847e-11, 2.52917e-09
3.36786e-10, 2.85015e-09
5.62836e-11, 2.61188e-09
-8.46547e-10, 2.5732e-09
3.47621e-10, 2.44834e-09
4.45836e-10, 2.23419e-09
-3.49505e-10, 1.96458e-09
-7.57949e-10, 2.60928e-09
1.00515e-09, 2.82472e-09
8.19398e-11, 2.48455e-09
-1.2324e-10, 1.90153e-09
-6.17857e-10, 2.93726e-09
5.61693e-10, 3.14426e-09
9.93879e-11, 3.39814e-09
-9.96538e-11, 2.53873e-09
1.4988e-10, 3.01048e-09
-4.5084e-10, 3.17372e-09
4.18557e-10, 2.63339e-09
3.6931e-10, 2.76733e-09
-1.0688e-09, 2.57858e-09
1.12226e-09, 2.08611e-09
-7.69899e-10, 3.05595e-09
-5.0897e-11, 2.54943e-09
-1.44589e-10, 2.31119e-09
5.2019e-10, 2.71429e-09
-3.84759e-10, 3.3769e-09
-3.60054e-10, 2.90558e-09
1.03143e-10, 2.56271e-09
1.08585e-09, 3.11989e-09
-6.99875e-10, 3.02599e-09
2.77218e-10, 2.6841e-09
3.21372e-10, 2.96997e-09
-6.35715e-10, 3.04273e-09
2.18279e-10, 2.30054e-09
1.31309e-10, 2.3052e-09
-2.54524e-10, 2.81988e-09
3.5198e-11, 3.27152e-09
-3.70538e-10, 2.82144e-09
6.19164e-10, 2.74686e-09
-1.09965e-09, 3.23636e-09
3.91206e-10, 3.37091e-09
8.914e-11, 2.66109e-09
8.93698e-12, 2.60079e-09
5.9136e-10, 2.37945e-09
-1.34746e-10, 2.49407e-09
-2.61178e-10, 2.70227e-09
-3.5214e-10, 3.57322e-09
5.52195e-10, 3.0536e-09
-4.53777e-11, 3.17599e-09
-2.54765e-10, 3.05501e-09
2.28049e-10, 2.75213e-09
1.55469e-10, 2.9136e-09
-3.48403e-10, 3.22017e-09
-1.37877e-10, 2.37079e-09
6.45061e-10, 2.85551e-09
-4.98881e-10, 3.14007e-09
-8.33575e-11, 2.84733e-09
-5.66408e-10, 2.47641e-09
6.60927e-10, 2.27046e-09
-1.5865e-10, 2.94406e-09
1.05721e-09, 2.81766e-09
-8.06628e-10, 2.61623e-09
1.97463e-10, 2.91627e-09
-2.07385e-10, 2.83827e-09
3.02407e-10, 3.34885e-09
3.12639e-10, 2.99563e-09
-9.97248e-10, 2.48585e-09
8.18835e-10, 2.39067e-09
-5.6316e-10, 3.02097e-09
2.20084e-10, 2.81528e-09
1.24705e-10, 2.56828e-09
-2.40414e-10, 2.76825e-09
2.41011e-10, 3.34628e-09
-7.73146e-11, 3.27671e-09
3.87531e-11, 2.57321e-09
-1.84532e-10, 2.3867e-09
1.84988e-10, 3.17689e-09
-1.65924e-10, 3.36893e-09
2.0547e-10, 3.05905e-09
-9.21989e-10, 1.91864e-09
6.39113e-10, 2.9821e-09
2.75727e-26, 3.59896e-09
8.89274e-11, 3.51997e-09
-2.97151e-10, 3.25783e-09
6.35472e-10, 2.9904e-09
3.28466e-10, 3.66718e-09
-6.18624e-10, 3.58696e-09
3.60077e-10, 3.38634e-09
-7.4196e-10, 3.57826e-09
3.11577e-10, 3.35357e-09
1.00753e-11, 3.18782e-09
-7.0698e-10, 3.59641e-09
8.90928e-10, 2.75251e-09
-6.08921e-10, 3.36838e-09
2.23811e-10, 3.38656e-09
-2.24351e-10, 3.62065e-09
9.0979e-10, 2.75945e-09
-7.17288e-11, 3.35596e-09
-3.69778e-10, 2.83474e-09
4.94222e-10, 3.04074e-09
-4.1284e-10, 3.03936e-09
-6.20744e-11, 3.51639e-09
2.48892e-10, 3.64806e-09
1.03953e-10, 3.13862e-09
-5.73107e-10, 3.75305e-09
2.089e-10, 3.45096e-09
3.03626e-10, 2.71468e-09
1.78411e-10, 3.53848e-09
-6.52223e-10, 3.14425e-09
8.43575e-11, 2.99543e-09
-2.11394e-10, 2.48646e-09
3.28436e-10, 3.25016e-09
5.30989e-11, 3.86457e-09
3.19346e-10, 3.49535e-09
-5.335e-11, 3.09145e-09
-5.02672e-10, 3.10161e-09
7.71864e-10, 3.06751e-09
2.04165e-10, 3.6571e-09
-1.02322e-09, 3.12733e-09
3.45473e-10, 3.8748e-09
-4.32854e-10, 4.13908e-09
-7.59267e-11, 3.42901e-09
2.50057e-10, 3.68498e-09
3.59615e-10, 2.84047e-09
-6.88138e-10, 3.87108e-09
1.14957e-09, 3.53724e-09
-7.57189e-10, 3.17157e-09
-2.41984e-10, 3.2942e-09
6.17389e-10, 3.66289e-09
-5.41468e-10, 3.26779e-09
8.41773e-10, 3.11083e-09
-8.54822e-10, 3.68434e-09
3.79124e-26, 4.47614e-09
9.25692e-10, 4.41916e-09
-5.25396e-10, 3.64775e-09
-2.24087e-10, 3.28806e-09
-4.60436e-10, 3.89265e-09
9.11731e-10, 3.38819e-09
-4.96398e-10, 3.84383e-09
2.26153e-10, 4.56246e-09
-2.38004e-10, 3.65265e-09
-2.83986e-10, 3.92526e-09
1.0133e-09, 3.91878e-09
3.19519e-10, 3.99424e-09
-4.68933e-10, 3.34725e-09
-7.90976e-10, 3.81112e-09
9.53628e-10, 3.49328e-09
-1.02489e-09, 3.44139e-09
5.88628e-10, 3.34648e-09
4.28011e-10, 3.67234e-09
-6.95644e-10, 3.10452e-09
6.04254e-10, 3.34486e-09
-6.75498e-10, 3.5321e-09
4.20221e-10, 3.64752e-09
3.15876e-10, 3.36074e-09
-1.07874e-09, 3.21491e-09
6.81604e-10, 3.80359e-09
2.12007e-10, 3.02945e-09
-5.90231e-10, 3.11472e-09
-9.46486e-11, 3.60326e-09
-5.92878e-10, 4.21936e-09
4.75363e-10, 3.95759e-09
6.78905e-10, 3.23611e-09
-3.10367e-10, 4.9213e-09
-3.4695e-10, 4.89184e-09
1.79856e-10, 4.22949e-09
3.60512e-11, 4.26396e-09
1.46934e-09, 4.16261e-09
-1.15877e-09, 4.24091e-09
-3.38722e-10, 4.29198e-09
5.21332e-10, 3.07723e-09
-2.30865e-10, 4.07712e-09
-2.67908e-10, 3.58437e-09
9.76362e-11, 3.93992e-09
-6.11571e-11, 4.64061e-09
9.80667e-11, 3.98907e-09
-1.47424e-10, 4.83698e-09
2.83183e-10, 3.98129e-09
-1.23393e-10, 2.98652e-09
-4.82287e-10, 3.02935e-09
3.47016e-10, 4.31348e-09
-1.24205e-11, 5.12847e-09
6.47278e-10, 4.12797e-09
-1.4845e-09, 4.30027e-09
1.27521e-09, 4.6951e-09
-8.77047e-11, 5.4094e-09
4.6459e-10, 4.93329e-09
-4.02681e-10, 4.51433e-09
1.38722e-10, 3.75863e-09
-1.70619e-09, 4.19102e-09
1.38057e-09, 3.71712e-09
-2.53864e-10, 4.55295e-09
6.48752e-10, 4.30079e-09
-9.43358e-10, 3.57092e-09
1.03482e-09, 4.957e-09
-1.26751e-09, 4.57178e-09
6.28701e-10, 4.42069e-09
1.0158e-09, 3.30856e-09
-8.11807e-10, 3.67327e-09
1.93702e-10, 3.70337e-09
-9.96467e-10, 5.22477e-09
9.59693e-10, 4.66092e-09
-6.49828e-10, 4.63341e-09
2.60486e-11, 4.1681e-09
-5.48188e-10, 4.75024e-09
8.63274e-10, 4.6709e-09
3.01478e-10, 4.42997e-09
-1.39238e-09, 5.1799e-09
1.38217e-09, 4.35562e-09
9.23402e-11, 3.64956e-09
6.60971e-10, 4.94414e-09
-1.82814e-09, 4.2453e-09
1.03548e-09, 4.61321e-09
-3.45891e-10, 4.54902e-09
9.99868e-10, 4.67756e-09
-4.54229e-10, 4.64149e-09
-8.70209e-10, 4.56886e-09
1.03303e-09, 3.21763e-09
-9.81426e-10, 4.03014e-09
4.31118e-10, 4.21185e-09
-7.29037e-10, 4.20962e-09
-4.05869e-11, 4.44156e-09
1.74889e-09, 3.02935e-09
-1.39932e-09, 5.31372e-09
9.25753e-10, 5.50882e-09
-1.11868e-09, 3.36158e-09
4.37467e-10, 5.40986e-09
-3.83581e-10, 4.18841e-09
4.66746e-10, 3.99817e-09
6.87817e-10, 3.838e-09
-8.54664e-10, 3.63503e-09
8.28809e-11, 4.33497e-09
9.96631e-10, 4.80295e-09
-1.27611e-09, 4.49198e-09
7.2277e-10, 4.31992e-09
2.36778e-10, 4.25392e-09
-1.39569e-10, 4.03833e-09
-5.7341e-10, 4.16971e-09
8.12835e-10, 3.85016e-09
-6.45988e-10, 4.36841e-09
4.22162e-10, 5.75856e-09
-7.3325e-10, 4.96458e-09
-1.13039e-10, 5.29891e-09
5.66352e-10, 4.79104e-09
4.1359e-26, 3.65648e-09
9.95174e-11, 5.18943e-09
-8.40502e-10, 4.82066e-09
1.59878e-09, 3.51741e-09
-8.58237e-10, 4.13382e-09
3.29661e-10, 4.80705e-09
-2.87244e-10, 4.73735e-09
1.72697e-10, 4.86114e-09
2.01888e-10, 5.82107e-09
2.45647e-10, 4.99139e-09
-9.12183e-10, 4.52297e-09
-5.36811e-10, 4.34189e-09
-1.01764e-10, 4.26233e-09
8.59457e-10, 4.36354e-09
2.91929e-10, 3.86131e-09
-1.36021e-09, 3.42011e-09
1.36294e-09, 3.47739e-09
-6.02076e-10, 4.47896e-09
1.16243e-09, 4.2455e-09
-4.71802e-10, 4.92797e-09
2.65921e-10, 4.67446e-09
4.29286e-10, 4.57e-09
-1.37943e-09, 4.36192e-09
-3.86418e-10, 3.40679e-09
4.02082e-10, 4.35041e-09
1.90997e-09, 5.27255e-09
-1.82407e-09, 4.58732e-09
-3.8951e-10, 4.04946e-09
5.55405e-10, 3.88551e-09
-1.50408e-11, 3.67589e-09
2.86342e-10, 5.14633e-09
-1.96307e-10, 5.49586e-09
-8.62435e-10, 3.51472e-09
1.62216e-09, 4.60489e-09
-6.37995e-10, 5.00397e-09
-6.84916e-10, 5.05135e-09
-3.8126e-10, 5.26448e-09
2.24623e-09, 4.61665e-09
-2.60279e-09, 6.42204e-09
8.59078e-10, 4.97199e-09
-4.91867e-10, 4.64484e-09
1.4785e-09, 4.90768e-09
-4.78368e-10, 5.32207e-09
1.39153e-10, 4.43313e-09
-1.1309e-09, 4.63773e-09
1.35042e-09, 5.2798e-09
-6.532e-10, 3.98748e-09
1.86993e-09, 4.56603e-09
-1.32712e-09, 5.20611e-09
-2.1901e-10, 4.17785e-09
8.15048e-10, 4.80903e-09
-1.3977e-09, 5.37655e-09
1.29027e-09, 5.54256e-09
-1.29277e-09, 4.81393e-09
1.59541e-09, 4.96633e-09
-1.45606e-09, 5.53156e-09
1.17344e-09, 4.45373e-09
3.65423e-10, 4.47412e-09
-1.52819e-09, 4.7539e-09
-4.78481e-10, 4.59442e-09
1.69389e-09, 4.67713e-09
-1.21683e-09, 5.05255e-09
1.12292e-10, 4.75552e-09
2.89306e-10, 5.86936e-09
-4.50895e-10, 5.68329e-09
-7.9058e-10, 4.83784e-09
7.7593e-10, 4.06053e-09
-1.13373e-10, 5.50529e-09
1.29817e-10, 4.89877e-09
-5.69036e-10, 6.57411e-09
1.02622e-09, 5.08059e-09
-5.8753e-10, 6.48234e-09
8.82974e-10, 6.13915e-09
-6.22535e-10, 5.77622e-09
-8.20684e-10, 5.78637e-09
1.31559e-10, 6.36388e-09
1.72999e-09, 5.85226e-09
-5.77757e-10, 4.88586e-09
-3.14234e-10, 5.04113e-09
1.32559e-09, 4.81156e-09
-2.15816e-09, 4.41606e-09
-1.66326e-10, 6.39826e-09
2.39962e-09, 4.63499e-09
-1.1019e-09, 5.2186e-09
-4.8508e-10, 5.56302e-09
-3.18409e-10, 5.30077e-09
1.67899e-10, 4.92205e-09
-1.00929e-10, 4.8147e-09
1.48307e-09, 4.13006e-09
-1.60404e-09, 4.45655e-09
1.31947e-09, 6.52749e-09
4.9149e-10, 6.55666e-09
-1.59608e-09, 5.02677e-09
-4.93329e-10, 4.70415e-09
1.12484e-09, 5.87193e-09
4.43947e-10, 4.76826e-09
-9.40868e-10, 5.33841e-09
-6.85541e-11, 5.70649e-09
-7.21157e-10, 6.43869e-09
1.531e-09, 5.72888e-09
-2.06811e-09, 6.95204e-09
2.12374e-09, 6.15561e-09
-1.17628e-09, 4.25816e-09
2.59953e-10, 5.05807e-09
1.02437e-09, 5.67639e-09
9.39293e-10, 5.15776e-09
-1.58581e-09, 5.5598e-09
-5.23757e-10, 5.0906e-09
1.39926e-09, 5.26875e-09
-1.40183e-10, 4.47079e-09
-1.05331e-10, 5.11226e-09
7.03497e-11, 7.33975e-09
-9.69083e-10, 7.71705e-09
1.62399e-09, 5.93948e-09
-1.94528e-10, 6.00615e-09
-2.03742e-09, 5.55258e-09
1.91691e-09, 7.25364e-09
-1.60034e-10, 6.55243e-09
-1.7814e-09, 5.48545e-09
8.2094e-10, 4.97608e-09
8.93952e-10, 5.77745e-09
-8.41845e-10, 6.18407e-09
8.07488e-10, 5.92117e-09
-6.11211e-10, 6.44573e-09
-1.26066e-10, 5.85018e-09
1.06448e-09, 5.93826e-09
-8.85665e-10, 5.16411e-09
-1.06834e-09, 5.89007e-09
3.80946e-10, 4.99794e-09
-2.90769e-10, 4.5825e-09
-2.36677e-10, 5.68074e-09
3.64775e-11, 4.68548e-09
7.49136e-10, 7.81566e-09
2.17824e-09, 6.94244e-09
-7.51836e-10, 6.25383e-09
-1.76356e-09, 6.12934e-09
1.39866e-09, 6.20018e-09
3.50293e-10, 5.19532e-09
-7.3878e-10, 5.34404e-09
-4.62565e-10, 5.79533e-09
-2.78036e-10, 5.13827e-09
-1.85689e-11, 4.80603e-09
1.74859e-09, 5.75954e-09
-3.16799e-10, 5.60858e-09
-1.60549e-09, 5.04615e-09
2.56214e-09, 5.74301e-09
-1.4426e-09, 5.08479e-09
-8.07038e-10, 6.49452e-09
-4.5124e-10, 5.74557e-09
8.28743e-10, 5.36002e-09
-5.47186e-10, 5.18279e-09
6.42665e-10, 5.72088e-09
1.64738e-09, 5.21947e-09
-2.16245e-09, 5.75367e-09
-1.21615e-09, 4.76442e-09
2.03685e-09, 6.36898e-09
-1.84975e-09, 7.31986e-09
2.15866e-09, 6.27565e-09
-2.10505e-10, 6.136e-09
-1.43779e-09, 5.49779e-09
1.22907e-09, 5.50541e-09
-1.00037e-09, 6.44216e-09
1.2912e-09, 6.118e-09
-2.8186e-09, 6.03692e-09
1.60516e-09, 6.22117e-09
5.81196e-10, 7.19838e-09
5.82212e-10, 6.25799e-09
-1.34143e-09, 6.55392e-09
-3.89499e-10, 7.31023e-09
5.07231e-10, 6.06485e-09
3.51772e-10, 6.21132e-09
6.85193e-10, 6.43736e-09
-2.00032e-09, 6.25883e-09
3.1825e-09, 6.9942e-09
-1.39722e-09, 7.10823e-09
-3.15414e-10, 5.40678e-09
7.89901e-10, 5.9466e-09
-6.52798e-10, 5.17212e-09
-8.32271e-10, 6.58702e-09
-5.95508e-11, 5.10275e-09
8.55036e-10, 5.75214e-09
5.77648e-10, 6.77034e-09
-1.89556e-09, 5.59847e-09
7.5953e-10, 5.99216e-09
-8.00882e-11, 5.39422e-09
1.14322e-09, 5.63659e-09
-1.38628e-09, 6.18818e-09
7.44642e-10, 5.93347e-09
-1.65312e-09, 6.59377e-09
3.02919e-09, 6.4818e-09
-2.48819e-09, 6.93601e-09
2.71535e-09, 7.35841e-09
-5.48058e-10, 6.87039e-09
-3.04997e-10, 7.97632e-09
1.09986e-09, 7.72809e-09
-1.22415e-09, 5.10636e-09
-1.45105e-09, 7.66521e-09
8.59831e-10, 7.50287e-09
2.62489e-09, 4.19647e-09
-2.87586e-09, 6.49915e-09
5.34995e-10, 8.05768e-09
-6.80185e-10, 6.3006e-09
8.46511e-10, 7.29994e-09
-7.03174e-10, 6.94187e-09
4.14332e-11, 4.65345e-09
-8.09314e-10, 7.70579e-09
2.55676e-09, 6.15725e-09
-2.33204e-09, 6.5513e-09
-6.25708e-11, 6.38784e-09
1.44155e-09, 7.57e-09
-1.67418e-09, 7.61247e-09
6.07912e-10, 7.5735e-09
1.00789e-09, 7.56898e-09
3.36528e-10, 7.46728e-09
-6.10981e-10, 6.8005e-09
-9.49664e-10, 5.84099e-09
-6.3417e-11, 6.21217e-09
2.83737e-09, 6.02798e-09
-2.75728e-09, 6.53731e-09
3.6117e-10, 6.43003e-09
-2.34088e-10, 5.40083e-09
1.49214e-09, 6.05172e-09
-9.18128e-10, 7.1858e-09
6.41622e-11, 7.10889e-09
5.56998e-10, 6.16164e-09
-4.29173e-10, 7.65565e-09
-7.30806e-10, 7.4695e-09
3.4448e-10, 7.59993e-09
-4.31314e-11, 7.37269e-09
3.24022e-10, 6.7921e-09
-2.16372e-11, 8.26103e-09
4.9848e-10, 8.54481e-09
-1.51962e-09, 6.09861e-09
1.6526e-09, 7.12962e-09
-6.09858e-10, 8.70452e-09
-3.49065e-10, 7.38496e-09
1.46412e-09, 6.17004e-09
-1.42275e-09, 5.98261e-09
-3.94641e-10, 6.44133e-09
1.75685e-10, 6.14723e-09
1.3198e-09, 6.7232e-09
-1.49823e-09, 6.18865e-09
1.01517e-09, 5.31507e-09
-1.54735e-10, 6.54179e-09
1.99271e-10, 7.46422e-09
8.20566e-10, 8.04039e-09
2.22137e-11, 9.49565e-09
-9.5675e-10, 7.11377e-09
6.24017e-10, 6.32382e-09
-1.8751e-09, 7.55957e-09
3.13026e-10, 8.12294e-09
2.23954e-10, 7.35034e-09
1.79455e-10, 5.94067e-09
2.11202e-09, 6.93263e-09
-3.12817e-09, 8.19586e-09
1.21723e-09, 5.82613e-09
-5.64447e-10, 5.75824e-09
9.72421e-10, 7.01708e-09
1.85739e-09, 6.59749e-09
-1.74695e-09, 7.9193e-09
-2.27244e-11, 7.44614e-09
-9.78725e-10, 7.72472e-09
2.37097e-09, 6.10385e-09
-2.5118e-10, 6.92865e-09
-1.57812e-09, 7.8255e-09
-3.20714e-10, 7.09502e-09
1.14725e-10, 7.04471e-09
-2.98764e-10, 8.52379e-09
1.01283e-09, 6.79595e-09
-1.66001e-09, 7.28852e-09
1.31628e-09, 7.4943e-09
-1.36465e-09, 8.69715e-09
6.71833e-10, 9.21757e-09
3.01648e-10, 8.11138e-09
4.64816e-11, 7.38297e-09
-1.02423e-09, 7.77162e-09
2.09835e-10, 7.06446e-09
4.43692e-10, 6.83901e-09
1.45014e-09, 6.93906e-09
-1.28847e-09, 6.87902e-09
1.87711e-09, 6.03164e-09
-1.9036e-09, 7.82802e-09
3.53078e-10, 8.00119e-09
4.71517e-10, 6.34011e-09
-7.32011e-10, 6.17968e-09
9.46026e-10, 5.72717e-09
-4.26386e-10, 7.11022e-09
8.06669e-10, 8.24694e-09
-2.37631e-09, 8.96154e-09
-1.10291e-25, 8.67269e-09
1.14423e-09, 8.6186e-09
3.82011e-10, 6.76421e-09
-9.3262e-10, 6.75055e-09
1.02989e-09, 7.75586e-09
4.55784e-10, 6.93388e-09
-1.2734e-09, 6.40567e-09
1.68449e-09, 6.76796e-09
-9.88176e-10, 7.95029e-09
1.44838e-09, 6.79092e-09
8.46211e-10, 7.65113e-09
-3.39014e-09, 7.28957e-09
2.15853e-09, 6.05403e-09
-2.62344e-09, 8.51423e-09
-4.86581e-11, 8.27888e-09
1.97373e-09, 6.23191e-09
-1.4643e-10, 8.68434e-09
-2.68873e-10, 9.148e-09
1.51783e-09, 7.75151e-09
-9.80767e-10, 5.94356e-09
-8.84063e-10, 9.05376e-09
-1.47573e-10, 1.07441e-08
-1.23168e-10, 7.13461e-09
3.70078e-10, 7.49898e-09
6.91882e-10, 6.83965e-09
-1.78188e-09, 7.18708e-09
4.70946e-10, 8.31033e-09
5.21324e-10, 9.12968e-09
1.24317e-10, 8.05222e-09
2.73919e-10, 7.257e-09
4.23982e-10, 7.96917e-09
-1.7485e-10, 7.48528e-09
-6.00409e-10, 8.88101e-09
2.88139e-09, 9.46837e-09
-4.59221e-09, 6.49742e-09
2.3122e-09, 6.73798e-09
-2.0137e-10, 6.51618e-09
-1.10923e-09, 7.72195e-09
-7.57455e-10, 9.09997e-09
2.07355e-09, 9.10324e-09
-1.08901e-09, 7.99436e-09
7.86303e-10, 8.03017e-09
-9.39925e-10, 8.78167e-09
7.63265e-11, 8.67653e-09
1.04472e-09, 7.29349e-09
1.78639e-10, 6.42275e-09
-1.3035e-09, 8.81199e-09
3.3277e-10, 9.14597e-09
8.71645e-10, 9.119e-09
-2.18243e-09, 5.81228e-09
2.16003e-09, 8.41869e-09
1.57097e-09, 9.08154e-09
-3.58519e-09, 8.67529e-09
1.96322e-09, 7.52606e-09
6.46773e-10, 6.84896e-09
-1.94326e-09, 8.49538e-09
9.08224e-10, 9.27464e-09
3.3785e-10, 9.66621e-09
4.42471e-10, 7.19237e-09
-9.12344e-10, 7.44097e-09
1.227e-09, 7.19137e-09
-8.62805e-10, 6.57296e-09
3.08983e-09, 7.10168e-09
-3.30427e-09, 7.08466e-09
-1.05055e-09, 6.83666e-09
5.26065e-11, 8.87617e-09
1.73862e-09, 8.80824e-09
-3.19225e-09, 6.287e-09
3.40841e-09, 7.27386e-09
2.64613e-11, 8.14085e-09
-2.25258e-09, 8.6291e-09
2.57443e-09, 6.64792e-09
-4.51864e-10, 8.75135e-09
-7.71977e-10, 8.95826e-09
2.66596e-11, 8.05496e-09
1.84226e-09, 8.2444e-09
-1.47065e-09, 9.026e-09
1.66029e-09, 7.87665e-09
-3.78145e-09, 6.41687e-09
1.53094e-09, 7.8628e-09
3.7658e-10, 7.80076e-09
-8.08154e-11, 9.563e-09
-1.10612e-09, 1.05516e-08
-6.7546e-10, 9.30096e-09
2.86819e-09, 8.64871e-09
-7.85855e-10, 7.43451e-09
1.03126e-09, 8.32653e-09
-1.2774e-09, 9.36701e-09
-2.72188e-11, 6.83993e-09
-1.11762e-09, 9.03126e-09
1.91094e-09, 9.36483e-09
-1.09357e-09, 8.8598e-09
1.17732e-09, 7.30276e-09
-5.48397e-10, 8.07188e-09
4.66823e-10, 1.02512e-08
-3.32756e-09, 1.06157e-08
1.29442e-09, 8.87744e-09
1.37906e-10, 9.41508e-09
-6.07677e-10, 9.18753e-09
1.43843e-09, 1.01024e-08
3.87837e-10, 9.88189e-09
-1.99751e-09, 8.04245e-09
9.44646e-10, 7.44811e-09
6.67783e-10, 9.80442e-09
-7.24487e-10, 9.77672e-09
1.31156e-09, 1.04912e-08
-9.5017e-10, 9.27476e-09
1.67921e-09, 8.37645e-09
-2.35432e-09, 7.59046e-09
8.98187e-10, 8.45393e-09
-8.99492e-10, 8.41003e-09
2.61794e-09, 7.38264e-09
-1.8324e-09, 8.07089e-09
-7.62255e-10, 7.3e-09
-6.78541e-10, 6.76914e-09
1.69881e-09, 8.62609e-09
-7.93924e-10, 9.78027e-09
2.15805e-09, 9.10002e-09
-1.64931e-09, 8.92814e-09
-1.99343e-10, 9.26902e-09
1.91074e-09, 8.55467e-09
-3.14157e-10, 8.88335e-09
-1.25844e-09, 8.4672e-09
5.7284e-10, 1.02256e-08
-8.60496e-11, 9.47418e-09
-1.09153e-09, 8.49272e-09
-4.60251e-10, 7.80414e-09
1.78603e-09, 7.56675e-09
-2.01938e-09, 8.27498e-09
3.84232e-09, 1.00916e-08
-1.27296e-09, 7.1069e-09
-5.21503e-10, 1.09543e-08
-2.14702e-09, 1.02269e-08
2.96364e-09, 8.70961e-09
5.81936e-11, 1.0482e-08
-5.82766e-10, 9.50195e-09
2.62619e-10, 9.90694e-09
-2.71759e-09, 8.08019e-09
-2.92631e-11, 7.97701e-09
1.75828e-09, 8.31551e-09
-1.46732e-10, 9.1946e-09
1.76328e-10, 1.03829e-08
8.82894e-10, 1.21848e-08
-2.06301e-10, 9.48054e-09
-1.18053e-09, 8.00894e-09
1.65509e-09, 9.63353e-09
-2.9597e-09, 8.44941e-09
1.92653e-09, 9.98373e-09
-1.15755e-09, 8.01101e-09
-8.91682e-11, 9.22176e-09
2.05376e-09, 1.09948e-08
-1.72879e-09, 1.00239e-08
3.28336e-10, 7.37867e-09
5.67925e-10, 9.99483e-09
-3.59194e-10, 9.69825e-09
1.40882e-09, 9.23409e-09
4.80274e-10, 9.54355e-09
-1.08213e-09, 8.57844e-09
1.08365e-09, 9.45225e-09
-1.20575e-09, 1.15486e-08
7.24464e-10, 1.13743e-08
-1.23936e-09, 1.10806e-08
5.44871e-10, 9.06785e-09
5.45633e-10, 8.64828e-09
-1.9731e-09, 8.00167e-09
-1.82386e-10, 9.50745e-09
8.21885e-10, 1.23656e-08
-7.01101e-10, 1.10514e-08
3.90722e-09, 1.0674e-08
-1.95633e-09, 9.91279e-09
-1.46929e-09, 1.00024e-08
-9.19585e-10, 7.7267e-09
2.57842e-09, 9.86198e-09
9.22143e-10, 1.01128e-08
-2.12387e-09, 8.79646e-09
3.69882e-10, 8.96725e-09
3.08662e-11, 8.55217e-09
-1.48363e-09, 1.08471e-08
6.19035e-11, 1.18815e-08
6.50887e-10, 8.88032e-09
-7.13861e-10, 9.55233e-09
-2.51751e-09, 8.88207e-09
5.88229e-09, 9.67973e-09
-1.71414e-09, 1.01826e-08
1.87255e-10, 1.0166e-08
-1.87513e-10, 8.88925e-09
1.25181e-10, 7.89136e-09
7.83457e-10, 8.65101e-09
1.37863e-25, 1.06401e-08
-4.71367e-10, 9.83265e-09
-1.41604e-09, 8.29368e-09
-5.35684e-10, 9.03657e-09
4.22824e-09, 9.01275e-09
-3.15973e-11, 9.29889e-09
-2.24648e-09, 1.16757e-08
-3.1367e-09, 1.33008e-08
1.20563e-09, 1.07487e-08
-2.85935e-10, 1.07528e-08
3.40409e-09, 1.22018e-08
-2.45301e-09, 1.20857e-08
1.72264e-09, 1.07551e-08
-1.9486e-09, 1.00525e-08
3.16679e-09, 7.52011e-09
-3.1711e-09, 8.15817e-09
8.66021e-10, 9.5204e-09
4.43234e-09, 1.15321e-08
-6.5289e-09, 9.77859e-09
1.73911e-09, 9.72079e-09
6.44988e-11, 1.02387e-08
-5.81276e-10, 1.14318e-08
-1.26114e-09, 9.34244e-09
3.33521e-09, 7.76197e-09
5.8364e-10, 8.68442e-09
-2.40265e-09, 9.55935e-09
8.45315e-10, 8.08526e-09
-5.86008e-10, 1.1043e-08
8.47598e-10, 1.23211e-08
2.28507e-10, 9.38198e-09
-1.17676e-09, 1.07941e-08
-1.34201e-09, 8.9226e-09
2.39264e-09, 9.09973e-09
-1.37844e-09, 1.11702e-08
-1.24884e-09, 9.7433e-09
3.42245e-09, 1.1549e-08
-1.71352e-09, 1.0826e-08
-8.24914e-10, 1.12868e-08
1.32163e-10, 1.06104e-08
-5.9553e-10, 9.53262e-09
2.05402e-09, 8.89298e-09
4.6443e-10, 1.23281e-08
-3.32179e-09, 8.49236e-09
1.4968e-09, 9.86747e-09
9.99201e-11, 1.07194e-08
