0, 0
-2.29568e-12, 0
-2.2497e-12, 0
-2.20208e-12, 0
-2.15405e-12, 0
-2.10515e-12, 0
-2.05752e-12, 0
-2.00879e-12, 0
-1.9599e-12, 0
-1.91187e-12, 0
-1.86421e-12, 0
-1.8169e-12, 0
-1.7702e-12, 0
-1.72342e-12, 0
-1.67797e-12, 0
-1.63491e-12, 0
-1.59555e-12, 0
-1.55719e-12, 0
-1.51937e-12, 0
-1.48234e-12, 0
-1.44685e-12, 0
-1.41122e-12, 0
-1.37594e-12, 0
-1.34293e-12, 0
-1.31042e-12, 0
-1.27748e-12, 0
-1.24569e-12, 0
-1.21248e-12, 0
-1.18051e-12, 0
-1.15042e-12, 0
-1.12078e-12, 0
-1.09084e-12, 0
-1.06098e-12, 0
-1.03238e-12, 0
-1.00391e-12, 0
-9.76299e-13, 0
-9.49754e-13, 0
-9.2033e-13, 0
-8.91755e-13, 0
-8.63191e-13, 0
-8.35141e-13, 0
-8.08128e-13, 0
-7.82097e-13, 0
-7.57745e-13, 0
-7.33389e-13, 0
-7.09512e-13, 0
-6.86437e-13, 0
-6.64639e-13, 0
-6.43104e-13, 0
-6.23398e-13, 0
-6.04193e-13, 0
-5.85346e-13, 0
-5.67515e-13, 0
-5.50185e-13, 0
-5.33976e-13, 0
-5.17472e-13, 0
-5.0198e-13, 0
-4.87145e-13, 0
-4.73423e-13, 0
-4.5898e-13, 0
-4.45578e-13, 0
-4.32758e-13, 0
-4.2024e-13, 0
-4.08524e-13, 0
-3.97165e-13, 0
-3.85803e-13, 0
-3.75141e-13, 0
-3.64021e-13, 0
-3.53936e-13, 0
-3.43971e-13, 0
-3.34819e-13, 0
-3.20018e-13, 0
-3.05964e-13, 0
-2.92887e-13, 0
-2.80383e-13, 0
-2.6882e-13, 0
-2.57957e-13, 0
-2.47552e-13, 0
-2.37272e-13, 0
-2.27908e-13, 0
-2.18988e-13, 0
-2.10453e-13, 0
-2.028e-13, 0
-1.94702e-13, 0
-1.86962e-13, 0
-1.79634e-13, 0
-1.72907e-13, 0
-1.66513e-13, 0
-1.60247e-13, 0
-1.54501e-13, 0
-1.48895e-13, 0
-1.43129e-13, 0
-1.38414e-13, 0
-1.33175e-13, 0
-1.27877e-13, 0
-1.2345e-13, 0
-1.18818e-13, 0
-1.14814e-13, 0
-1.10578e-13, 0
-1.06762e-13, 0
-1.02994e-13, 0
-9.94205e-14, 0
-9.57949e-14, 0
-9.27591e-14, 0
-8.92793e-14, 0
-8.59174e-14, 0
-8.27741e-14, 0
-7.96863e-14, 0
-7.65985e-14, 0
-7.3809e-14, 0
-7.12139e-14, 0
-6.87644e-14, 0
-6.67695e-14, 0
-6.46341e-14, 0
-6.29184e-14, 0
-6.06841e-14, 0
-5.8651e-14, 0
-5.66196e-14, 0
-5.47166e-14, 0
-5.3027e-14, 0
-5.12732e-14, 0
-4.96686e-14, 0
-4.79547e-14, 0
-4.63397e-14, 0
-4.45997e-14, 0
-4.29622e-14, 0
-4.1793e-14, 0
-4.05995e-14, 0
-3.94147e-14, 0
-3.7444e-14, 0
-3.64327e-14, 0
-3.49226e-14, 0
-3.35643e-14, 0
-3.28331e-14, 0
-3.14922e-14, 0
-3.02362e-14, 0
-2.91893e-14, 0
-2.83168e-14, 0
-2.73882e-14, 0
-2.62988e-14, 0
-2.52623e-14, 0
-2.41638e-14, 0
-2.30343e-14, 0
-2.22062e-14, 0
-2.1471e-14, 0
-2.01429e-14, 0
-1.92219e-14, 0
-1.85388e-14, 0
-1.78308e-14, 0
-1.67978e-14, 0
-1.57153e-14, 0
-1.48028e-14, 0
-1.42542e-14, 0
-1.35664e-14, 0
-1.29731e-14, 0
-1.22905e-14, 0
-1.20294e-14, 0
-1.13208e-14, 0
-1.07119e-14, 0
-1.03337e-14, 0
-9.66587e-15, 0
-9.18361e-15, 0
-8.81412e-15, 0
-8.30411e-15, 0
-7.8444e-15, 0
-6.87295e-15, 0
-6.52427e-15, 0
-6.14089e-15, 0
-6.17212e-15, 0
-5.75058e-15, 0
-5.62914e-15, 0
-5.14341e-15, 0
-4.98381e-15, 0
-4.64033e-15, 0
-4.06266e-15, 0
-3.5353e-15, 0
-3.56479e-15, 0
-3.77294e-15, 0
-3.30283e-15, 0
-3.13628e-15, 0
-3.15709e-15, 0
-2.86564e-15, 0
-2.91073e-15, 0
-2.8899e-15, 0
-2.83091e-15, 0
-2.53946e-15, 0
-2.35903e-15, 0
-2.41105e-15, 0
-2.23755e-15, 0
-1.90793e-15, 0
-1.68586e-15, 0
-1.38746e-15, 0
-1.4464e-15, 0
-1.45678e-15, 0
-1.33184e-15, 0
-1.29016e-15, 0
-1.24848e-15, 0
-1.19986e-15, 0
-1.24143e-15, 0
-1.53281e-15, 0
-1.04702e-15, 0
-1.14409e-15, 0
-1.01564e-15, 0
-7.24115e-16, 0
-6.23405e-16, 0
-5.29624e-16, 0
-8.07066e-16, 0
-9.3531e-16, 0
-7.96396e-16, 0
-6.88693e-16, 0
-5.98326e-16, 0
-4.55849e-16, 0
-4.4171e-16, 0
-2.33254e-16, 0
-3.05787e-16, 0
-1.45834e-16, 0
-4.09108e-16, 0
-5.47443e-16, 0
-4.94906e-16, 0
-4.80477e-16, 0
-7.05376e-16, 0
-7.70611e-16, 0
-7.42092e-16, 0
-7.23896e-16, 0
-5.87643e-16, 0
-4.23526e-16, 0
-3.84195e-16, 0
-1.88604e-16, 0
2.79537e-17, 0
-6.75775e-17, 0
-1.17824e-16, 0
-7.41916e-17, 0
2.17148e-17, 0
-6.25494e-17, 0
-2.64488e-16, 0
-1.36535e-16, 0
-2.05967e-16, 0
-2.33387e-16, 0
-3.8527e-16, 0
-4.81193e-16, 0
-3.64944e-16, 0
-1.09299e-16, 0
1.46988e-16, 0
-8.89339e-18, 0
-1.63938e-16, 0
-4.29104e-16, 0
-1.20786e-16, 0
-3.24757e-16, 0
-3.47012e-16, 0
-3.67848e-16, 0
-5.19161e-16, 0
-4.1198e-16, 0
-2.50719e-16, 0
-3.53082e-17, 0
-1.47059e-16, 0
-7.58192e-17, 0
-1.99411e-16, 0
3.76868e-17, 0
7.72994e-17, 0
2.59875e-16, 0
2.0624e-17, 0
5.66444e-17, 0
8.1122e-17, 0
1.78028e-16, 0
1.70621e-16, 0
1.22558e-16, 0
2.50296e-16, 0
7.99555e-17, 0
7.56223e-17, 0
6.66101e-17, 0
-5.2736e-17, 0
9.35802e-18, 0
1.43351e-16, 0
1.59215e-16, 0
-1.38693e-16, 0
-1.38111e-16, 0
-2.8075e-16, 0
-1.8495e-16, 0
-1.84881e-16, 0
-2.10322e-16, 0
-1.71564e-16, 0
-1.37081e-16, 0
-7.53172e-17, 0
-2.89563e-16, 0
-3.99177e-16, 0
-1.86018e-16, 0
-9.3558e-17, 0
-9.42475e-17, 0
-1.68281e-16, 0
3.69662e-18, 0
-2.14285e-16, 0
-3.26741e-16, 0
-1.14101e-16, 0
-3.50695e-16, 0
-2.81845e-16, 0
-6.93329e-17, 0
-3.86289e-16, 0
-2.30189e-16, 0
-2.67976e-16, 0
-4.0937e-16, 0
-2.70303e-16, 0
-1.31768e-16, 0
-2.99018e-16, 0
-4.20153e-16, 0
-1.92901e-16, 0
-2.88159e-16, 0
-3.76264e-16, 0
-3.79513e-16, 0
-2.84978e-16, 0
-3.98202e-16, 0
-3.37838e-16, 0
-3.15917e-16, 0
-1.87246e-16, 0
-8.95621e-17, 0
1.48637e-16, 0
2.01643e-16, 0
4.12684e-16, 0
6.99964e-16, 0
5.09038e-16, 0
5.16492e-16, 0
5.19859e-16, 0
2.87566e-16, 0
1.14681e-16, 0
8.37121e-17, 0
1.46663e-16, 0
9.09147e-17, 0
7.29748e-17, 0
3.61611e-17, 0
9.25412e-18, 0
-2.97363e-16, 0
-5.73964e-16, 0
-6.25636e-16, 0
-3.20674e-16, 0
-4.86297e-16, 0
-7.90733e-17, 0
2.12623e-17, 0
1.43599e-16, 0
9.33608e-17, 0
-1.42258e-16, 0
-1.50586e-16, 0
-1.17324e-16, 0
2.36809e-16, 0
1.61028e-16, 0
-1.59549e-16, 0
-2.79787e-16, 0
-3.81246e-17, 0
-7.72126e-17, 0
7.64216e-17, 0
-2.23798e-16, 0
-4.43323e-16, 0
-2.27085e-16, 0
