0, 0
0.0122685, 0.0825498
0.0119199, 0.0840581
0.0115659, 0.0856663
0.0112064, 0.0873779
0.0108409, 0.089196
0.0104693, 0.0911234
0.0100912, 0.0931622
0.00970655, 0.0953139
0.00931522, 0.0975795
0.00891714, 0.0999591
0.00851232, 0.102453
0.00810084, 0.105059
0.00768285, 0.107777
0.00725854, 0.110604
0.00682821, 0.113537
0.00639219, 0.116575
0.00595089, 0.119712
0.00550478, 0.122945
0.00505438, 0.126271
0.00460027, 0.129684
0.00414307, 0.13318
0.00368345, 0.136753
0.00322209, 0.1404
0.00275974, 0.144115
0.00229712, 0.147892
0.00183498, 0.151727
0.0013741, 0.155614
0.00091525, 0.159548
0.000459171, 0.163525
6.61644e-06, 0.16754
-0.000441686, 0.171587
-0.000885027, 0.175663
-0.00132275, 0.179762
-0.00175419, 0.183881
-0.00217874, 0.188015
-0.00259584, 0.19216
-0.00300494, 0.196313
-0.00340557, 0.20047
-0.00379728, 0.204628
-0.00417969, 0.208783
-0.00455244, 0.212932
-0.00491524, 0.217073
-0.00526783, 0.221203
-0.00561, 0.225319
-0.00594158, 0.229419
-0.00626247, 0.233501
-0.00657258, 0.237563
-0.00687188, 0.241602
-0.00716037, 0.245618
-0.00743808, 0.249608
-0.00770508, 0.253571
-0.00796149, 0.257507
-0.00820742, 0.261412
-0.00844306, 0.265287
-0.00866855, 0.26913
-0.00888415, 0.272941
-0.00909006, 0.276718
-0.00928654, 0.28046
-0.00947384, 0.284168
-0.0096522, 0.28784
-0.00982192, 0.291476
-0.0099833, 0.295076
-0.0101366, 0.298638
-0.0102822, 0.302163
-0.0104204, 0.305651
-0.0105515, 0.3091
-0.0106757, 0.312512
-0.0107935, 0.315885
-0.010905, 0.319219
-0.0110107, 0.322515
-0.0111108, 0.325772
-0.0112056, 0.328991
-0.0112954, 0.332171
-0.0113806, 0.335312
-0.0114613, 0.338415
-0.0115378, 0.341479
-0.0116105, 0.344504
-0.0116795, 0.347492
-0.0117452, 0.350441
-0.0118077, 0.353352
-0.0118673, 0.356225
-0.0119243, 0.35906
-0.0119787, 0.361858
-0.0120309, 0.364619
-0.0120809, 0.367342
-0.0121291, 0.370029
-0.0121756, 0.372679
-0.0122205, 0.375293
-0.012264, 0.37787
-0.0123063, 0.380412
-0.0123475, 0.382918
-0.0123877, 0.385389
-0.012427, 0.387825
-0.0124656, 0.390227
-0.0125037, 0.392594
-0.0125411, 0.394927
-0.0125782, 0.397226
-0.012615, 0.399492
-0.0126515, 0.401724
-0.0126878, 0.403925
-0.0127482, 0.407519
-0.0128086, 0.411026
-0.0128692, 0.414445
-0.0129303, 0.417779
-0.0129921, 0.421029
-0.0130547, 0.424198
-0.0131182, 0.427285
-0.0131828, 0.430294
-0.0132484, 0.433225
-0.0133152, 0.436081
-0.0133831, 0.438862
-0.0134523, 0.441571
-0.0135226, 0.444209
-0.0135941, 0.446778
-0.0136669, 0.449279
-0.0137407, 0.451713
-0.0138157, 0.454083
-0.0138917, 0.45639
-0.0139688, 0.458635
-0.0140467, 0.46082
-0.0141256, 0.462946
-0.0142053, 0.465015
-0.0142858, 0.467028
-0.0143671, 0.468986
-0.0144489, 0.470892
-0.0145314, 0.472745
-0.0146144, 0.474549
-0.0146979, 0.476303
-0.0147818, 0.47801
-0.0148661, 0.47967
-0.0149507, 0.481285
-0.0150355, 0.482855
-0.0151205, 0.484383
-0.0152057, 0.48587
-0.015291, 0.487315
-0.0153763, 0.488722
-0.0154617, 0.490089
-0.015547, 0.49142
-0.0156322, 0.492714
-0.0157174, 0.493974
-0.0158024, 0.495198
-0.0158872, 0.49639
-0.0159719, 0.497549
-0.0160563, 0.498677
-0.0161404, 0.499775
-0.0162243, 0.500843
-0.0163079, 0.501882
-0.0163912, 0.502893
-0.0164741, 0.503878
-0.0165567, 0.504835
-0.0166389, 0.505768
-0.0167207, 0.506675
-0.0168022, 0.507559
-0.0168832, 0.508419
-0.0169638, 0.509257
-0.017044, 0.510072
-0.0171238, 0.510866
-0.0172031, 0.51164
-0.017282, 0.512393
-0.0173604, 0.513127
-0.0174384, 0.513842
-0.017516, 0.514539
-0.0175931, 0.515218
-0.0176697, 0.51588
-0.0177459, 0.516525
-0.0178217, 0.517153
-0.017897, 0.517767
-0.0179718, 0.518364
-0.0180462, 0.518947
-0.0181202, 0.519516
-0.0181937, 0.520071
-0.0182668, 0.520612
-0.0183395, 0.52114
-0.0184117, 0.521655
-0.0184835, 0.522158
-0.0185549, 0.52265
-0.0186259, 0.523129
-0.0186964, 0.523598
-0.0187666, 0.524055
-0.0188364, 0.524502
-0.0189057, 0.524938
-0.0189747, 0.525365
-0.0190433, 0.525782
-0.0191116, 0.52619
-0.0191794, 0.526588
-0.0192469, 0.526978
-0.019314, 0.527359
-0.0193808, 0.527732
-0.0194473, 0.528097
-0.0195134, 0.528454
-0.0195791, 0.528804
-0.0196446, 0.529146
-0.0197097, 0.529481
-0.0197745, 0.529809
-0.0198389, 0.530131
-0.0199031, 0.530446
-0.019967, 0.530754
-0.0200306, 0.531057
-0.0200939, 0.531354
-0.0201569, 0.531644
-0.020307, 0.53232
-0.0204556, 0.532965
-0.0206028, 0.533582
-0.0207486, 0.534172
-0.020893, 0.534739
-0.0210363, 0.535282
-0.0211783, 0.535804
-0.0213192, 0.536306
-0.0214591, 0.536789
-0.021598, 0.537255
-0.0217359, 0.537705
-0.0218729, 0.538139
-0.022009, 0.538558
-0.0221442, 0.538964
-0.0222787, 0.539357
-0.0224125, 0.539738
-0.0225455, 0.540108
-0.0226778, 0.540467
-0.0228096, 0.540815
-0.0229408, 0.541154
-0.0230714, 0.541484
-0.0232014, 0.541806
-0.0233311, 0.542119
-0.0234602, 0.542424
-0.0235889, 0.542721
-0.0237171, 0.543011
-0.023845, 0.543295
-0.0239725, 0.543572
-0.0240995, 0.543843
-0.0242263, 0.544107
-0.0243527, 0.544366
-0.0244788, 0.544619
-0.0246046, 0.544867
-0.0247301, 0.545109
-0.0248554, 0.545346
-0.0249805, 0.545578
-0.0251053, 0.545806
-0.02523, 0.546029
-0.0253543, 0.546247
-0.0254785, 0.54646
-0.0256025, 0.54667
-0.0257264, 0.546875
-0.0258499, 0.547076
-0.0259734, 0.547272
-0.0260968, 0.547465
-0.02622, 0.547654
-0.026343, 0.547838
-0.026466, 0.548019
-0.0265888, 0.548196
-0.0267115, 0.548369
-0.026834, 0.548539
-0.0269565, 0.548704
-0.0270789, 0.548866
-0.0272012, 0.549025
-0.0273234, 0.549179
-0.0274456, 0.549331
-0.0275677, 0.549478
-0.0276896, 0.549622
-0.0278116, 0.549762
-0.0279334, 0.549899
-0.0280552, 0.550032
-0.0281769, 0.550162
-0.0282985, 0.550288
-0.0284202, 0.550411
-0.0285417, 0.55053
-0.0286632, 0.550646
-0.0287847, 0.550758
-0.0289061, 0.550867
-0.0290274, 0.550972
-0.0291487, 0.551074
-0.0292699, 0.551172
-0.0293912, 0.551267
-0.0295123, 0.551358
-0.0296334, 0.551445
-0.0297545, 0.55153
-0.0298755, 0.551611
-0.0299965, 0.551688
-0.0301174, 0.551761
-0.0302383, 0.551832
-0.0303592, 0.551898
-0.03048, 0.551961
-0.0306008, 0.552021
-0.0307215, 0.552077
-0.0308422, 0.552129
-0.0309628, 0.552178
-0.0310835, 0.552224
-0.031204, 0.552266
-0.0313244, 0.552304
-0.0314448, 0.552339
-0.0315652, 0.55237
-0.0316856, 0.552397
-0.0318058, 0.552421
-0.0319261, 0.552442
-0.0320462, 0.552459
-0.0321663, 0.552472
-0.0322863, 0.552481
-0.0324062, 0.552487
-0.032526, 0.552489
-0.0326458, 0.552488
-0.0327656, 0.552483
-0.0330146, 0.55246
-0.0332633, 0.552422
-0.0335116, 0.552367
-0.0337595, 0.552297
-0.034007, 0.552211
-0.0342541, 0.552108
-0.0345006, 0.551989
-0.0347467, 0.551854
-0.0349923, 0.551703
-0.0352373, 0.551535
-0.0354818, 0.551351
-0.0357256, 0.551151
-0.0359688, 0.550934
-0.0362114, 0.550701
-0.0364534, 0.550452
-0.0366946, 0.550186
-0.0369351, 0.549903
-0.0371749, 0.549605
-0.0374138, 0.549289
-0.0376518, 0.548957
-0.0378891, 0.548609
-0.0381254, 0.548244
-0.0383608, 0.547863
-0.0385952, 0.547465
-0.0388287, 0.547051
-0.0390611, 0.54662
-0.0392925, 0.546173
-0.0395228, 0.545709
-0.039752, 0.545229
-0.0399801, 0.544732
-0.0402069, 0.54422
-0.0404326, 0.54369
-0.040657, 0.543145
-0.0408802, 0.542583
-0.041102, 0.542006
-0.0413226, 0.541412
-0.0415418, 0.540801
-0.0417596, 0.540175
-0.041976, 0.539533
-0.0421909, 0.538875
-0.0424044, 0.538201
-0.0426163, 0.537511
-0.0428268, 0.536805
-0.0430356, 0.536084
-0.0432429, 0.535347
-0.0434485, 0.534594
-0.0436525, 0.533826
-0.0438548, 0.533042
-0.0440554, 0.532243
-0.0442544, 0.531429
-0.0444515, 0.5306
-0.0446469, 0.529756
-0.0448405, 0.528896
-0.0450322, 0.528022
-0.045222, 0.527133
-0.04541, 0.526229
-0.0455961, 0.52531
-0.0457802, 0.524377
-0.0459624, 0.52343
-0.0461426, 0.522468
-0.0463208, 0.521492
-0.046497, 0.520502
-0.0466711, 0.519498
-0.0468432, 0.518479
-0.0470132, 0.517448
-0.047181, 0.516402
-0.0473468, 0.515343
-0.0475104, 0.51427
-0.0476719, 0.513185
-0.0478312, 0.512086
-0.0479882, 0.510974
-0.0481431, 0.509849
-0.0482957, 0.508711
-0.0484461, 0.50756
-0.0485942, 0.506397
-0.04874, 0.505222
-0.0488835, 0.504034
-0.0490248, 0.502834
-0.0491637, 0.501622
-0.0493002, 0.500399
-0.0494344, 0.499163
-0.0495663, 0.497916
-0.0496957, 0.496657
-0.0498228, 0.495388
-0.0499475, 0.494106
-0.0500697, 0.492814
-0.0501895, 0.491512
-0.0503069, 0.490198
-0.0504219, 0.488874
-0.0505344, 0.487539
-0.0506445, 0.486194
-0.0507521, 0.484839
-0.0508572, 0.483474
-0.0509598, 0.482099
-0.05106, 0.480714
-0.0511577, 0.47932
-0.0512528, 0.477916
-0.0513455, 0.476504
-0.0514357, 0.475082
-0.0515234, 0.473651
-0.0516086, 0.472211
-0.0516912, 0.470763
-0.0517714, 0.469307
-0.051849, 0.467842
-0.0519242, 0.466369
-0.0519968, 0.464888
-0.0520669, 0.463399
-0.0521345, 0.461902
-0.0521996, 0.460398
-0.0522621, 0.458886
-0.0523221, 0.457368
-0.0523797, 0.455842
-0.0524347, 0.454309
-0.0524873, 0.45277
-0.0525373, 0.451224
-0.0525848, 0.449671
-0.0526299, 0.448112
-0.0526725, 0.446547
-0.0527126, 0.444976
-0.0527502, 0.4434
-0.0527854, 0.441817
-0.0528181, 0.440229
-0.0528483, 0.438636
-0.0528761, 0.437037
-0.0529015, 0.435434
-0.0529244, 0.433825
-0.0529449, 0.432212
-0.0529631, 0.430594
-0.0529788, 0.428972
-0.0529921, 0.427345
-0.053003, 0.425714
-0.0530116, 0.424079
-0.0530178, 0.422441
-0.0530216, 0.420798
-0.0530231, 0.419152
-0.0530223, 0.417503
-0.0530191, 0.41585
-0.0530137, 0.414194
-0.0530059, 0.412535
-0.0529959, 0.410873
-0.0529836, 0.409209
-0.052969, 0.407541
-0.0529522, 0.405872
-0.0529332, 0.4042
-0.052912, 0.402526
-0.0528885, 0.400849
-0.0528629, 0.399171
-0.0528351, 0.397491
-0.0528052, 0.39581
-0.0527731, 0.394127
-0.0527389, 0.392442
-0.0527026, 0.390757
-0.0526641, 0.38907
-0.0526236, 0.387382
-0.0525811, 0.385693
-0.0525365, 0.384004
-0.0524899, 0.382314
-0.0524412, 0.380623
-0.0523906, 0.378932
-0.052338, 0.377241
-0.0522834, 0.375549
-0.0522269, 0.373858
-0.0521685, 0.372166
-0.0521081, 0.370475
-0.0520459, 0.368784
-0.0519818, 0.367093
-0.0519158, 0.365403
-0.051848, 0.363714
-0.0517784, 0.362025
-0.051707, 0.360338
-0.0516338, 0.358651
-0.0515588, 0.356965
-0.0514821, 0.35528
-0.0514037, 0.353597
-0.0513235, 0.351915
-0.0512417, 0.350235
-0.0511582, 0.348556
-0.0510731, 0.346879
-0.0509863, 0.345203
-0.0508979, 0.343529
-0.0508079, 0.341858
-0.0507164, 0.340188
-0.0506233, 0.33852
-0.0505286, 0.336855
-0.0504325, 0.335192
-0.0503348, 0.333531
-0.0502357, 0.331873
-0.0501351, 0.330218
-0.0500331, 0.328565
-0.0499297, 0.326915
-0.0498248, 0.325267
-0.0497186, 0.323623
-0.049611, 0.321981
-0.0495021, 0.320342
-0.0493918, 0.318707
-0.0492803, 0.317075
-0.0491675, 0.315446
-0.0490534, 0.31382
-0.048938, 0.312198
-0.0488214, 0.310579
-0.0487037, 0.308964
-0.0485847, 0.307352
-0.0484645, 0.305744
-0.0483433, 0.30414
-0.0482208, 0.30254
-0.0480973, 0.300943
-0.0479727, 0.299351
-0.047847, 0.297762
-0.0477202, 0.296177
-0.0475924, 0.294597
-0.0474636, 0.29302
-0.0473338, 0.291448
-0.047203, 0.28988
-0.0470713, 0.288317
-0.0469386, 0.286758
-0.0468049, 0.285203
-0.0466704, 0.283653
-0.046535, 0.282107
-0.0463987, 0.280565
-0.0462615, 0.279029
-0.0461236, 0.277497
-0.0459847, 0.27597
-0.0458451, 0.274447
-0.0457047, 0.272929
-0.0455636, 0.271416
-0.0454217, 0.269908
-0.045279, 0.268405
-0.0451357, 0.266907
-0.0449916, 0.265414
-0.0448469, 0.263925
-0.0447015, 0.262442
-0.0445554, 0.260964
-0.0444087, 0.259491
-0.0442614, 0.258023
-0.0441136, 0.25656
-0.0439651, 0.255103
-0.043816, 0.253651
-0.0436664, 0.252204
-0.0435163, 0.250762
-0.0433657, 0.249326
-0.0432145, 0.247895
-0.0430629, 0.246469
-0.0429107, 0.245049
-0.0427582, 0.243634
-0.0426052, 0.242225
-0.0424517, 0.240821
-0.0422979, 0.239422
-0.0421436, 0.238029
-0.041989, 0.236642
-0.041834, 0.23526
-0.0416786, 0.233884
-0.0415229, 0.232513
-0.0413669, 0.231148
-0.0412106, 0.229788
-0.041054, 0.228434
-0.040897, 0.227086
-0.0407399, 0.225743
-0.0405824, 0.224406
-0.0404247, 0.223075
-0.0402668, 0.221749
-0.0401087, 0.220429
-0.0399503, 0.219115
-0.0397918, 0.217807
-0.0396331, 0.216504
-0.0394742, 0.215207
-0.0393151, 0.213915
-0.0391559, 0.21263
-0.0389966, 0.21135
-0.0388372, 0.210076
-0.0386777, 0.208807
-0.038518, 0.207545
-0.0383583, 0.206288
-0.0381985, 0.205037
-0.0380387, 0.203792
-0.0378788, 0.202552
-0.0377188, 0.201318
-0.0375588, 0.20009
-0.0373989, 0.198868
-0.0372389, 0.197652
-0.0370789, 0.196441
-0.0369189, 0.195236
-0.0367589, 0.194037
-0.036599, 0.192844
-0.0364391, 0.191656
-0.0362793, 0.190475
-0.0361195, 0.189299
-0.0359599, 0.188128
-0.0358002, 0.186964
-0.0356407, 0.185805
-0.0354813, 0.184652
-0.035322, 0.183505
-0.0351628, 0.182363
-0.0350038, 0.181227
-0.0348449, 0.180097
-0.0346861, 0.178973
-0.0345275, 0.177854
-0.034369, 0.176741
-0.0342107, 0.175634
-0.0340526, 0.174532
-0.0338947, 0.173436
-0.0335637, 0.171154
-0.0332337, 0.168896
-0.0329047, 0.166662
-0.0325767, 0.164454
-0.0322499, 0.16227
-0.0319243, 0.16011
-0.0315999, 0.157975
-0.0312769, 0.155864
-0.0309551, 0.153777
-0.0306348, 0.151714
-0.030316, 0.149675
-0.0299987, 0.14766
-0.029683, 0.145668
-0.0293689, 0.143699
-0.0290565, 0.141753
-0.0287457, 0.139831
-0.0284367, 0.137931
-0.0281294, 0.136055
-0.0278239, 0.1342
-0.0275202, 0.132368
-0.0272185, 0.130559
-0.0269187, 0.128771
-0.0266207, 0.127005
-0.0263248, 0.125261
-0.0260308, 0.123539
-0.0257388, 0.121837
-0.0254489, 0.120157
-0.025161, 0.118498
-0.0248751, 0.11686
-0.0245914, 0.115242
-0.0243097, 0.113645
-0.0240302, 0.112067
-0.0237529, 0.11051
-0.0234777, 0.108973
-0.0232048, 0.107455
-0.0229339, 0.105957
-0.0226653, 0.104478
-0.022399, 0.103018
-0.0221348, 0.101577
-0.0218729, 0.100154
-0.0216132, 0.0987506
-0.0213559, 0.0973652
-0.0211007, 0.0959978
-0.0208479, 0.0946484
-0.0205973, 0.0933167
-0.020349, 0.0920025
-0.0201028, 0.0907056
-0.019859, 0.0894258
-0.0196175, 0.0881629
-0.0193783, 0.0869169
-0.0191413, 0.0856875
-0.0189068, 0.0844744
-0.0186744, 0.0832775
-0.0184443, 0.0820967
-0.0182165, 0.0809318
-0.017991, 0.0797826
-0.0177677, 0.0786489
-0.0175467, 0.0775306
-0.0173279, 0.0764273
-0.0171113, 0.0753391
-0.016897, 0.0742655
-0.0166849, 0.0732066
-0.016475, 0.0721621
-0.0162672, 0.0711319
-0.0160617, 0.0701157
-0.0158584, 0.0691134
-0.0156572, 0.0681247
-0.0154581, 0.0671496
-0.0152611, 0.066188
-0.0150662, 0.0652395
-0.0148735, 0.0643042
-0.0146828, 0.0633818
-0.0144943, 0.0624722
-0.0143078, 0.0615752
-0.0141235, 0.0606907
-0.0139411, 0.0598184
-0.0137607, 0.0589583
-0.0135824, 0.05811
-0.0134061, 0.0572736
-0.0132317, 0.0564488
-0.0130594, 0.0556355
-0.012889, 0.0548337
-0.0127205, 0.054043
-0.0125539, 0.0532634
-0.0123893, 0.0524948
-0.0122266, 0.051737
-0.0120658, 0.0509898
-0.0119069, 0.0502531
-0.0117499, 0.0495268
-0.0115947, 0.0488107
-0.0114413, 0.0481049
-0.0112898, 0.0474089
-0.01114, 0.0467228
-0.0109921, 0.0460463
-0.0108459, 0.0453796
-0.0107015, 0.0447223
-0.0105588, 0.0440743
-0.0104178, 0.0434355
-0.0102785, 0.0428057
-0.010141, 0.0421849
-0.0100051, 0.041573
-0.00987094, 0.0409698
-0.00973835, 0.0403752
-0.00960745, 0.0397891
-0.00947815, 0.0392114
-0.0093504, 0.0386418
-0.00922427, 0.0380804
-0.00909972, 0.037527
-0.0089767, 0.0369817
-0.0088553, 0.0364441
-0.00873531, 0.0359141
-0.00861686, 0.0353918
-0.0084999, 0.034877
-0.00838444, 0.0343695
-0.00827043, 0.0338694
-0.00815791, 0.0333765
-0.00804679, 0.0328906
-0.0079371, 0.0324118
-0.0078288, 0.0319398
-0.00772188, 0.0314746
-0.00761631, 0.0310162
-0.00751208, 0.0305642
-0.00740921, 0.0301189
-0.00730766, 0.0296799
-0.00720741, 0.0292473
-0.00710848, 0.0288209
-0.00701085, 0.0284007
-0.00691446, 0.0279866
-0.0068193, 0.0275785
-0.00672537, 0.0271762
-0.0066327, 0.0267798
-0.00654128, 0.0263891
-0.00645102, 0.0260041
-0.00636194, 0.0256246
-0.00627398, 0.0252506
-0.00618724, 0.0248821
-0.00610163, 0.0245189
-0.00601715, 0.0241609
-0.00593373, 0.0238082
-0.00585146, 0.0234605
-0.00577024, 0.0231178
-0.00569012, 0.0227802
-0.00561106, 0.0224475
-0.00553304, 0.0221196
-0.00545604, 0.0217965
-0.00538008, 0.021478
-0.00530516, 0.0211642
-0.00523126, 0.020855
-0.00515835, 0.0205502
-0.00508638, 0.0202499
-0.00501539, 0.0199539
-0.00494534, 0.0196623
-0.00487624, 0.0193749
-0.00480807, 0.0190917
-0.00474078, 0.0188126
-0.00467445, 0.0185376
-0.00460898, 0.0182666
-0.00454441, 0.0179995
-0.00448069, 0.0177363
-0.00441787, 0.017477
-0.0043559, 0.0172214
-0.00429477, 0.0169696
-0.00423446, 0.0167214
-0.00417492, 0.0164769
-0.00411624, 0.0162359
-0.00405833, 0.0159984
-0.00400127, 0.0157644
-0.00394495, 0.0155339
-0.00388937, 0.0153066
-0.00383456, 0.0150827
-0.00378048, 0.0148621
-0.00372719, 0.0146447
-0.00367461, 0.0144304
-0.00362279, 0.0142193
-0.00357166, 0.0140113
-0.00352121, 0.0138064
-0.00347147, 0.0136044
-0.0034224, 0.0134053
-0.003374, 0.0132092
-0.00332628, 0.0130159
-0.00327923, 0.0128255
-0.00323279, 0.0126378
-0.00318699, 0.0124529
-0.00314183, 0.0122706
-0.00309733, 0.0120911
-0.00305341, 0.0119141
-0.00301009, 0.0117398
-0.00296738, 0.011568
-0.00292529, 0.0113987
-0.00288377, 0.0112319
-0.00284284, 0.0110675
-0.00280248, 0.0109055
-0.00276266, 0.0107459
-0.00272342, 0.0105886
-0.00268469, 0.0104336
-0.00264651, 0.0102809
-0.00260886, 0.0101305
-0.00257173, 0.00998223
-0.00253513, 0.00983613
-0.00249901, 0.00969214
-0.00244831, 0.00949036
-0.00239868, 0.00929282
-0.00235, 0.00909946
-0.0023023, 0.00891005
-0.00225556, 0.00872461
-0.00220971, 0.0085431
-0.00216479, 0.00836534
-0.00212078, 0.00819131
-0.00207759, 0.0080209
-0.00203529, 0.00785401
-0.00199389, 0.00769059
-0.00195332, 0.00753062
-0.00191357, 0.00737397
-0.00187461, 0.00722061
-0.0018365, 0.00707041
-0.00179909, 0.00692337
-0.0017625, 0.00677935
-0.0017266, 0.00663833
-0.00169135, 0.00650032
-0.00165685, 0.00636521
-0.00162307, 0.00623286
-0.00158996, 0.00610327
-0.00155753, 0.00597641
-0.00152577, 0.00585218
-0.00149464, 0.00573048
-0.00146412, 0.0056114
-0.00143423, 0.00549471
-0.00140487, 0.00538048
-0.00137609, 0.00526871
-0.00134798, 0.00515928
-0.0013204, 0.00505205
-0.00129348, 0.00494703
-0.00126707, 0.00484423
-0.00124117, 0.00474361
-0.00121581, 0.00464508
-0.00119093, 0.0045486
-0.0011666, 0.00445407
-0.00114281, 0.00436149
-0.00111939, 0.00427084
-0.00109643, 0.00418214
-0.00107393, 0.00409533
-0.00105195, 0.00401029
-0.00103041, 0.00392698
-0.0010093, 0.00384544
-0.000988676, 0.00376562
-0.000968417, 0.0036874
-0.000948608, 0.00361079
-0.000929175, 0.0035358
-0.000910092, 0.0034624
-0.000891423, 0.00339049
-0.000873152, 0.00332014
-0.00085524, 0.00325116
-0.000837696, 0.00318368
-0.000820596, 0.00311763
-0.000803777, 0.00305291
-0.000787272, 0.00298955
-0.000771085, 0.00292748
-0.000755315, 0.00286672
-0.000739828, 0.00280722
-0.000724658, 0.00274894
-0.000709801, 0.0026919
-0.000695289, 0.00263604
-0.000681077, 0.0025813
-0.00066707, 0.00252771
-0.000653363, 0.00247527
-0.000639901, 0.0024239
-0.000626764, 0.00237363
-0.000613895, 0.00232438
-0.000601239, 0.00227616
-0.000588847, 0.00222895
-0.000576717, 0.00218275
-0.000564853, 0.00213747
-0.000553219, 0.00209311
-0.000541848, 0.00204973
-0.000530761, 0.0020072
-0.000519878, 0.00196557
-0.000509183, 0.00192477
-0.000498736, 0.00188488
-0.000488503, 0.00184578
-0.000478476, 0.0018075
-0.000468617, 0.00176999
-0.000458973, 0.0017333
-0.000449542, 0.00169733
-0.000440283, 0.00166213
-0.000431205, 0.00162767
-0.000422275, 0.0015939
-0.000413611, 0.00156088
-0.000405132, 0.00152853
-0.000396801, 0.00149685
-0.000388615, 0.00146585
-0.000380599, 0.00143548
-0.000372787, 0.00140572
-0.00036511, 0.00137656
-0.000357595, 0.00134807
-0.000350231, 0.00132013
-0.000343028, 0.00129276
-0.000336001, 0.00126596
-0.000329107, 0.00123972
-0.000322362, 0.001214
-0.000315745, 0.00118885
-0.00030924, 0.00116421
-0.000302883, 0.00114012
-0.000296637, 0.0011165
-0.000290493, 0.00109335
-0.000284486, 0.00107069
-0.000278628, 0.00104852
-0.000272895, 0.00102681
-0.000267256, 0.00100553
-0.000261734, 0.000984662
-0.000256365, 0.000964298
-0.000251058, 0.000944346
-0.000245867, 0.000924807
-0.000240808, 0.000905658
-0.000235842, 0.000886907
-0.000230984, 0.000868527
-0.000226223, 0.000850546
-0.000221557, 0.000832937
-0.000216997, 0.000815676
-0.000212505, 0.000798777
-0.000208078, 0.000782229
-0.000203738, 0.000766021
-0.000199544, 0.000750154
-0.000195436, 0.000734584
-0.000191397, 0.000719355
-0.000187445, 0.000704448
-0.000183575, 0.000689828
-0.000179772, 0.000675548
-0.000176082, 0.000661563
-0.000172424, 0.000647883
-0.000168855, 0.000634469
-0.000165376, 0.000621323
-0.000161939, 0.000608426
-0.000158587, 0.000595805
-0.00015529, 0.000583438
-0.000152067, 0.000571382
-0.000148924, 0.000559515
-0.000145859, 0.000547896
-0.000142841, 0.000536536
-0.000139877, 0.000525405
-0.00013697, 0.000514531
-0.000134111, 0.000503855
-0.000131337, 0.00049339
-0.000128614, 0.000483158
-0.000125966, 0.000473119
-0.000123345, 0.00046329
-0.000120771, 0.000453659
-0.000118261, 0.000444235
-0.000115795, 0.000434983
-0.000113403, 0.000425946
-0.000111049, 0.00041709
-0.00010875, 0.00040842
-0.000106493, 0.000399937
-0.000104284, 0.000391615
-0.000102109, 0.000383439
-9.99659e-05, 0.00037547
-9.79092e-05, 0.000367678
-9.5883e-05, 0.000360048
-9.38847e-05, 0.000352564
-9.19744e-05, 0.000345227
-9.00612e-05, 0.00033802
-8.81673e-05, 0.000330971
-8.63199e-05, 0.000324063
-8.45147e-05, 0.000317288
-8.27527e-05, 0.000310665
-8.10128e-05, 0.000304189
-7.93106e-05, 0.000297851
-7.76777e-05, 0.00029164
-7.60495e-05, 0.000285553
-7.44689e-05, 0.000279605
-7.29235e-05, 0.000273784
-7.13921e-05, 0.00026806
-6.99063e-05, 0.000262448
-6.84451e-05, 0.000256967
-6.70347e-05, 0.000251601
-6.5652e-05, 0.000246351
-6.42891e-05, 0.000241204
-6.29575e-05, 0.000236128
-6.1663e-05, 0.000231185
-6.03656e-05, 0.000226355
-5.91015e-05, 0.000221615
-5.78905e-05, 0.000216984
-5.66766e-05, 0.000212452
-5.54821e-05, 0.000208008
-5.43359e-05, 0.000203645
-5.32167e-05, 0.00019937
-5.21215e-05, 0.000195193
-5.10428e-05, 0.000191116
-4.99765e-05, 0.000187104
-4.89419e-05, 0.000183168
-4.79232e-05, 0.000179341
-4.69129e-05, 0.00017557
-4.59213e-05, 0.00017187
-4.49431e-05, 0.000168251
-4.39892e-05, 0.000164711
-4.30616e-05, 0.000161238
-4.21474e-05, 0.000157853
-4.12804e-05, 0.000154513
-4.04393e-05, 0.000151268
-3.9586e-05, 0.000148086
-3.8747e-05, 0.000144974
-3.79415e-05, 0.000141931
-3.71464e-05, 0.00013896
-3.63603e-05, 0.000136026
-3.56179e-05, 0.000133168
-3.48878e-05, 0.000130365
-3.4155e-05, 0.000127631
-3.34584e-05, 0.000124946
-3.27594e-05, 0.000122321
-3.20773e-05, 0.000119748
-3.14196e-05, 0.000117232
-3.07427e-05, 0.000114746
-3.01164e-05, 0.000112313
-2.94741e-05, 0.000109946
-2.88472e-05, 0.000107644
-2.82485e-05, 0.000105368
-2.76619e-05, 0.00010316
-2.70789e-05, 0.00010099
-2.65118e-05, 9.8868e-05
-2.59494e-05, 9.67768e-05
-2.53945e-05, 9.47428e-05
-2.48915e-05, 9.27394e-05
-2.43639e-05, 9.07962e-05
-2.38569e-05, 8.89025e-05
-2.33645e-05, 8.70299e-05
-2.28561e-05, 8.5193e-05
-2.23654e-05, 8.33952e-05
-2.19128e-05, 8.16381e-05
-2.14444e-05, 7.98855e-05
-2.09952e-05, 7.82001e-05
-2.0555e-05, 7.65468e-05
-2.01296e-05, 7.49168e-05
-1.9703e-05, 7.33611e-05
-1.92936e-05, 7.17902e-05
-1.88922e-05, 7.02603e-05
-1.85076e-05, 6.87911e-05
-1.81184e-05, 6.73377e-05
-1.77528e-05, 6.59193e-05
-1.73883e-05, 6.45433e-05
-1.70164e-05, 6.32203e-05
-1.6634e-05, 6.18813e-05
-1.62886e-05, 6.05571e-05
-1.59618e-05, 5.92914e-05
-1.5627e-05, 5.80597e-05
-1.52922e-05, 5.68381e-05
-1.49636e-05, 5.5634e-05
-1.46561e-05, 5.44831e-05
-1.43499e-05, 5.33105e-05
-1.40316e-05, 5.21718e-05
-1.37357e-05, 5.10526e-05
-1.34184e-05, 4.99726e-05
-1.31307e-05, 4.89312e-05
-1.2862e-05, 4.79223e-05
-1.25969e-05, 4.69106e-05
-1.23346e-05, 4.59341e-05
-1.20953e-05, 4.49612e-05
-1.18343e-05, 4.39998e-05
-1.15555e-05, 4.30577e-05
-1.12899e-05, 4.21382e-05
-1.10746e-05, 4.12364e-05
-1.08363e-05, 4.03566e-05
-1.06225e-05, 3.94992e-05
-1.04073e-05, 3.86555e-05
-1.01985e-05, 3.78369e-05
-9.99231e-06, 3.70441e-05
-9.77498e-06, 3.62733e-05
-9.56736e-06, 3.55009e-05
-9.39432e-06, 3.47514e-05
-9.19737e-06, 3.40197e-05
-9.00617e-06, 3.32915e-05
-8.82967e-06, 3.25913e-05
-8.63602e-06, 3.18891e-05
-8.46303e-06, 3.12237e-05
-8.28675e-06, 3.05608e-05
-8.11191e-06, 2.99007e-05
-7.93253e-06, 2.92602e-05
-7.76308e-06, 2.86176e-05
-7.59349e-06, 2.80045e-05
-7.44104e-06, 2.74197e-05
-7.29847e-06, 2.68263e-05
-7.14827e-06, 2.62525e-05
-7.01459e-06, 2.56965e-05
-6.87154e-06, 2.51618e-05
-6.71669e-06, 2.46378e-05
-6.56372e-06, 2.41072e-05
-6.41672e-06, 2.35779e-05
-6.28073e-06, 2.30776e-05
-6.15016e-06, 2.26081e-05
-6.02221e-06, 2.21342e-05
-5.87884e-06, 2.16748e-05
-5.76995e-06, 2.12378e-05
-5.64582e-06, 2.07887e-05
-5.52655e-06, 2.03539e-05
-5.41668e-06, 1.99355e-05
-5.29458e-06, 1.9498e-05
-5.18861e-06, 1.90888e-05
-5.06784e-06, 1.86898e-05
-4.96369e-06, 1.83009e-05
-4.85358e-06, 1.79111e-05
-4.74882e-06, 1.75408e-05
-4.65229e-06, 1.7165e-05
-4.55719e-06, 1.68124e-05
-4.46654e-06, 1.64597e-05
-4.37774e-06, 1.61124e-05
-4.27159e-06, 1.57706e-05
-4.17699e-06, 1.54389e-05
-4.08592e-06, 1.51201e-05
-3.99744e-06, 1.47972e-05
-3.91294e-06, 1.44872e-05
-3.82862e-06, 1.41734e-05
-3.7425e-06, 1.3876e-05
-3.66759e-06, 1.35926e-05
-3.59047e-06, 1.33058e-05
-3.508e-06, 1.30242e-05
-3.43874e-06, 1.27552e-05
-3.36674e-06, 1.24948e-05
-3.29928e-06, 1.22279e-05
-3.23342e-06, 1.1969e-05
-3.16693e-06, 1.172e-05
-3.09805e-06, 1.14764e-05
-3.04016e-06, 1.12359e-05
-2.97418e-06, 1.0995e-05
-2.90725e-06, 1.07619e-05
-2.84382e-06, 1.05351e-05
-2.77989e-06, 1.03146e-05
-2.71917e-06, 1.00948e-05
-2.66011e-06, 9.87825e-06
-2.61077e-06, 9.67267e-06
-2.55707e-06, 9.46609e-06
-2.50211e-06, 9.27052e-06
-2.44334e-06, 9.07243e-06
-2.39197e-06, 8.88437e-06
-2.33979e-06, 8.69995e-06
-2.28773e-06, 8.52083e-06
-2.23712e-06, 8.34014e-06
-2.19427e-06, 8.16876e-06
-2.14809e-06, 7.99884e-06
-2.10716e-06, 7.83489e-06
-2.0681e-06, 7.67184e-06
-2.02188e-06, 7.5096e-06
-1.97881e-06, 7.35339e-06
-1.93561e-06, 7.19924e-06
-1.89636e-06, 7.04914e-06
-1.85973e-06, 6.90175e-06
-1.82203e-06, 6.75789e-06
-1.7831e-06, 6.61651e-06
-1.74338e-06, 6.48002e-06
-1.7082e-06, 6.34814e-06
-1.67484e-06, 6.21583e-06
-1.63925e-06, 6.08808e-06
-1.60922e-06, 5.96338e-06
-1.57491e-06, 5.83875e-06
-1.5429e-06, 5.71892e-06
-1.51036e-06, 5.60076e-06
-1.47732e-06, 5.48118e-06
-1.4468e-06, 5.3666e-06
-1.4156e-06, 5.25507e-06
-1.38565e-06, 5.14638e-06
-1.35727e-06, 5.03945e-06
-1.32966e-06, 4.93496e-06
-1.30169e-06, 4.83189e-06
-1.27321e-06, 4.73005e-06
-1.2469e-06, 4.63215e-06
-1.22368e-06, 4.53684e-06
-1.1969e-06, 4.44014e-06
-1.17088e-06, 4.34705e-06
-1.1459e-06, 4.25497e-06
-1.12311e-06, 4.16613e-06
-1.10027e-06, 4.07828e-06
-1.07814e-06, 3.99443e-06
-1.05663e-06, 3.91239e-06
-1.03446e-06, 3.8309e-06
-1.01105e-06, 3.75328e-06
-9.89947e-07, 3.67541e-06
-9.69206e-07, 3.59843e-06
-9.48585e-07, 3.52312e-06
-9.2824e-07, 3.44918e-06
-9.09339e-07, 3.37669e-06
-8.91564e-07, 3.30789e-06
-8.74131e-07, 3.23937e-06
-8.55175e-07, 3.17266e-06
-8.37372e-07, 3.10505e-06
-8.20488e-07, 3.04219e-06
-8.03975e-07, 2.97892e-06
-7.8857e-07, 2.91901e-06
-7.71272e-07, 2.85906e-06
-7.5523e-07, 2.79987e-06
-7.39791e-07, 2.74247e-06
-7.23614e-07, 2.68614e-06
-7.08626e-07, 2.62993e-06
-6.93368e-07, 2.57469e-06
-6.78672e-07, 2.52179e-06
-6.6373e-07, 2.47025e-06
-6.50685e-07, 2.42018e-06
-6.38411e-07, 2.36935e-06
-6.24246e-07, 2.3198e-06
-6.12276e-07, 2.27199e-06
-5.99051e-07, 2.22516e-06
-5.86322e-07, 2.17928e-06
-5.73374e-07, 2.13282e-06
-5.61909e-07, 2.08911e-06
-5.44949e-07, 2.0317e-06
-5.28373e-07, 1.97551e-06
-5.09603e-07, 1.91796e-06
-4.95484e-07, 1.85973e-06
-4.74772e-07, 1.80497e-06
-4.57089e-07, 1.75361e-06
-4.49218e-07, 1.71059e-06
-4.32729e-07, 1.66476e-06
-4.22862e-07, 1.62159e-06
-4.07238e-07, 1.57436e-06
-3.96847e-07, 1.53328e-06
-3.85707e-07, 1.48758e-06
-3.71293e-07, 1.4465e-06
-3.58617e-07, 1.40932e-06
-3.44237e-07, 1.36865e-06
-3.35542e-07, 1.32997e-06
-3.25341e-07, 1.29009e-06
-3.20594e-07, 1.25461e-06
-3.15209e-07, 1.2211e-06
-3.04755e-07, 1.19013e-06
-2.96515e-07, 1.15616e-06
-2.87274e-07, 1.12395e-06
-2.78718e-07, 1.09161e-06
-2.7085e-07, 1.06251e-06
-2.65372e-07, 1.03339e-06
-2.57402e-07, 1.00376e-06
-2.48551e-07, 9.76964e-07
-2.42873e-07, 9.51154e-07
-2.34484e-07, 9.23606e-07
-2.27198e-07, 8.97687e-07
-2.20875e-07, 8.71996e-07
-2.16397e-07, 8.48671e-07
-2.10235e-07, 8.25517e-07
-2.03862e-07, 8.02023e-07
-1.9689e-07, 7.79923e-07
-1.89999e-07, 7.59041e-07
-1.85101e-07, 7.36733e-07
-1.79199e-07, 7.17915e-07
-1.7402e-07, 6.99195e-07
-1.68419e-07, 6.78968e-07
-1.61809e-07, 6.60002e-07
-1.57987e-07, 6.41234e-07
-1.53694e-07, 6.23883e-07
-1.49572e-07, 6.06906e-07
-1.44181e-07, 5.90023e-07
-1.40233e-07, 5.74767e-07
-1.35886e-07, 5.58366e-07
-1.29901e-07, 5.42988e-07
-1.23789e-07, 5.28068e-07
-1.20665e-07, 5.12853e-07
-1.18284e-07, 4.99393e-07
-1.14285e-07, 4.85213e-07
-1.10449e-07, 4.71747e-07
-1.0745e-07, 4.59445e-07
-1.04546e-07, 4.48167e-07
-1.01807e-07, 4.36115e-07
-1.0022e-07, 4.24837e-07
-9.68612e-08, 4.14283e-07
-9.43076e-08, 4.02812e-07
-9.19717e-08, 3.9134e-07
-9.00875e-08, 3.80335e-07
-8.64281e-08, 3.69497e-07
-8.41826e-08, 3.58598e-07
-8.1699e-08, 3.49422e-07
-8.02247e-08, 3.39897e-07
-7.73789e-08, 3.31699e-07
-7.51874e-08, 3.23582e-07
-7.28758e-08, 3.14353e-07
-7.02587e-08, 3.05293e-07
-6.88579e-08, 2.95683e-07
-6.70666e-08, 2.87477e-07
-6.488e-08, 2.7937e-07
-6.38418e-08, 2.71982e-07
-6.23417e-08, 2.65156e-07
-6.04524e-08, 2.57369e-07
-5.90961e-08, 2.50112e-07
-5.837e-08, 2.43132e-07
-5.73698e-08, 2.37695e-07
-5.73593e-08, 2.31741e-07
-5.54232e-08, 2.24814e-07
-5.36396e-08, 2.19054e-07
-5.14096e-08, 2.1301e-07
-4.97746e-08, 2.06914e-07
-4.84114e-08, 2.00945e-07
-4.71532e-08, 1.96485e-07
-4.65155e-08, 1.90895e-07
-4.57736e-08, 1.84776e-07
-4.54911e-08, 1.8017e-07
-4.51931e-08, 1.74847e-07
-4.46085e-08, 1.70482e-07
-4.42605e-08, 1.6611e-07
-4.2726e-08, 1.62024e-07
-4.19953e-08, 1.56922e-07
-4.17146e-08, 1.51885e-07
-4.11058e-08, 1.48155e-07
-3.98285e-08, 1.44132e-07
-3.89989e-08, 1.40594e-07
-3.79939e-08, 1.37072e-07
-3.66421e-08, 1.33992e-07
-3.52198e-08, 1.30985e-07
-3.41346e-08, 1.27452e-07
-3.27114e-08, 1.24455e-07
-3.17352e-08, 1.21363e-07
-3.10375e-08, 1.18612e-07
-3.08717e-08, 1.15196e-07
-3.07432e-08, 1.12016e-07
-3.01163e-08, 1.09091e-07
-2.95249e-08, 1.0699e-07
-2.89657e-08, 1.04404e-07
-2.85835e-08, 1.01791e-07
-2.81855e-08, 9.94e-08
-2.7291e-08, 9.72152e-08
-2.65758e-08, 9.41254e-08
-2.61493e-08, 9.17892e-08
-2.5191e-08, 8.95737e-08
-2.48361e-08, 8.69083e-08
-2.45475e-08, 8.52503e-08
-2.40171e-08, 8.38076e-08
-2.34224e-08, 8.15197e-08
-2.26002e-08, 7.94113e-08
-2.21833e-08, 7.76313e-08
-2.17253e-08, 7.57391e-08
-2.13983e-08, 7.4192e-08
-2.12046e-08, 7.3027e-08
-2.12452e-08, 7.13344e-08
-2.0701e-08, 6.98474e-08
-2.06789e-08, 6.8161e-08
-2.00696e-08, 6.66924e-08
-1.96118e-08, 6.58649e-08
-1.93365e-08, 6.39703e-08
-1.83532e-08, 6.25818e-08
-1.79943e-08, 6.15856e-08
-1.77377e-08, 6.0034e-08
-1.72793e-08, 5.90755e-08
-1.72081e-08, 5.81769e-08
-1.68188e-08, 5.6292e-08
-1.55814e-08, 5.51501e-08
-1.50104e-08, 5.40361e-08
-1.45726e-08, 5.34278e-08
-1.41471e-08, 5.24088e-08
-1.41102e-08, 5.13352e-08
-1.3878e-08, 5.03611e-08
-1.3603e-08, 4.95883e-08
-1.34368e-08, 4.86837e-08
-1.30415e-08, 4.74313e-08
-1.30116e-08, 4.62732e-08
-1.29696e-08, 4.49462e-08
-1.30615e-08, 4.34474e-08
-1.29909e-08, 4.27813e-08
-1.27971e-08, 4.20355e-08
-1.29822e-08, 4.12063e-08
-1.24986e-08, 4.09009e-08
-1.22431e-08, 3.98796e-08
-1.21029e-08, 3.9349e-08
-1.19688e-08, 3.89234e-08
-1.18177e-08, 3.8446e-08
-1.15194e-08, 3.81282e-08
-1.17422e-08, 3.78379e-08
-1.18314e-08, 3.70454e-08
-1.16121e-08, 3.63406e-08
-1.12289e-08, 3.57606e-08
-1.14129e-08, 3.47265e-08
-1.18711e-08, 3.36735e-08
-1.17044e-08, 3.34495e-08
-1.13812e-08, 3.24664e-08
-1.10888e-08, 3.13413e-08
-1.10842e-08, 3.07225e-08
-1.12875e-08, 3.03229e-08
-1.11627e-08, 2.9692e-08
-1.10306e-08, 2.90718e-08
-1.09841e-08, 2.79669e-08
-1.0897e-08, 2.74178e-08
-1.04497e-08, 2.71585e-08
-1.01081e-08, 2.67105e-08
-9.51809e-09, 2.63796e-08
-9.17888e-09, 2.60498e-08
-8.72524e-09, 2.57256e-08
-8.51769e-09, 2.52336e-08
-8.427e-09, 2.46218e-08
-8.26439e-09, 2.4916e-08
-7.96925e-09, 2.44016e-08
-7.44716e-09, 2.3858e-08
-7.44747e-09, 2.33888e-08
-7.24985e-09, 2.26583e-08
-7.5046e-09, 2.20815e-08
-7.25613e-09, 2.17644e-08
-7.12053e-09, 2.14836e-08
-7.24781e-09, 2.0986e-08
-7.11081e-09, 2.01637e-08
-6.84205e-09, 1.95857e-08
-7.01204e-09, 1.91795e-08
-7.09934e-09, 1.88113e-08
-7.18499e-09, 1.78971e-08
-6.85547e-09, 1.7256e-08
-6.70546e-09, 1.67992e-08
-6.43081e-09, 1.65097e-08
-6.41051e-09, 1.64829e-08
-5.79718e-09, 1.58808e-08
-5.47534e-09, 1.56411e-08
-5.58073e-09, 1.52929e-08
-5.41673e-09, 1.48824e-08
-5.10331e-09, 1.48533e-08
-5.26851e-09, 1.49506e-08
-5.3442e-09, 1.42739e-08
-5.51906e-09, 1.37643e-08
-5.40426e-09, 1.36333e-08
-5.39051e-09, 1.3754e-08
-5.40938e-09, 1.3652e-08
-5.59459e-09, 1.33891e-08
-5.27272e-09, 1.33151e-08
-5.05272e-09, 1.32589e-08
-4.71914e-09, 1.29748e-08
-4.66851e-09, 1.29812e-08
-4.60126e-09, 1.28471e-08
-4.49303e-09, 1.2542e-08
-4.38493e-09, 1.2345e-08
-4.23796e-09, 1.21431e-08
-3.92531e-09, 1.21835e-08
-3.6484e-09, 1.21463e-08
-3.90013e-09, 1.1954e-08
-3.80875e-09, 1.18968e-08
-3.76079e-09, 1.15133e-08
-3.56028e-09, 1.14469e-08
-3.39693e-09, 1.14158e-08
-3.13975e-09, 1.14204e-08
-3.27368e-09, 1.10076e-08
-3.17547e-09, 1.09937e-08
-3.01662e-09, 1.10924e-08
-3.15489e-09, 1.11172e-08
-2.96116e-09, 1.1049e-08
-3.03101e-09, 1.10973e-08
-3.09245e-09, 1.0829e-08
-3.21444e-09, 1.0779e-08
-3.07983e-09, 1.06567e-08
-3.0333e-09, 1.06676e-08
-2.854e-09, 1.03158e-08
-2.79329e-09, 1.02154e-08
-2.45756e-09, 1.01806e-08
-2.60033e-09, 1.01759e-08
-2.53968e-09, 1.00568e-08
-2.41473e-09, 9.91322e-09
-2.56249e-09, 9.84247e-09
-2.5861e-09, 9.76806e-09
-2.64768e-09, 9.99505e-09
-2.63524e-09, 1.003e-08
-2.54892e-09, 1.00719e-08
-2.40525e-09, 9.64293e-09
-2.2858e-09, 1.01094e-08
-1.66984e-09, 9.44871e-09
-1.55294e-09, 9.35814e-09
-1.85185e-09, 9.12722e-09
-1.84288e-09, 9.28414e-09
-1.86866e-09, 8.82085e-09
-2.17319e-09, 9.49826e-09
-2.3851e-09, 1.02381e-08
-2.69958e-09, 1.04835e-08
-2.5118e-09, 9.5124e-09
-2.6818e-09, 9.7748e-09
-3.08168e-09, 1.04793e-08
-3.54147e-09, 1.09859e-08
-2.74394e-09, 1.02749e-08
-2.77118e-09, 9.93693e-09
-2.28208e-09, 8.79333e-09
-2.08255e-09, 8.94739e-09
-2.34124e-09, 9.43178e-09
-2.53102e-09, 9.41691e-09
-2.99713e-09, 1.01159e-08
-2.72798e-09, 9.39355e-09
-3.0167e-09, 9.888e-09
-2.36978e-09, 8.99138e-09
-2.60623e-09, 9.40372e-09
-1.87211e-09, 1.05628e-08
-2.22591e-09, 1.12811e-08
-2.10611e-09, 1.1276e-08
-2.08144e-09, 1.19383e-08
-1.73111e-09, 1.09299e-08
-1.82153e-09, 1.14547e-08
-1.2531e-09, 1.26827e-08
-1.41934e-09, 1.30946e-08
-1.20169e-09, 1.13855e-08
-1.44703e-09, 1.13775e-08
-1.37805e-09, 1.05492e-08
-1.71065e-09, 9.88352e-09
-2.07726e-09, 1.01219e-08
-2.62089e-09, 9.61049e-09
-1.74487e-09, 9.66714e-09
-1.50226e-09, 9.25026e-09
-2.09169e-09, 8.5799e-09
-1.99058e-09, 8.45465e-09
-1.20396e-09, 8.15799e-09
-1.8844e-09, 7.42319e-09
-2.10099e-09, 8.56878e-09
-2.89494e-09, 9.23331e-09
-2.80677e-09, 9.11102e-09
-2.98001e-09, 8.90638e-09
-2.36251e-09, 8.97728e-09
-2.29539e-09, 8.89849e-09
-3.26268e-09, 9.68391e-09
-2.7697e-09, 1.02758e-08
-2.23733e-09, 9.66639e-09
-2.13846e-09, 8.50458e-09
-2.15259e-09, 9.24425e-09
-1.54524e-09, 9.47561e-09
-1.62177e-09, 9.01914e-09
-1.90971e-09, 8.52383e-09
-2.43866e-09, 7.75214e-09
-2.6822e-09, 8.39254e-09
-3.3779e-09, 1.02887e-08
-2.42513e-09, 1.05338e-08
-2.36913e-09, 1.04297e-08
-2.08222e-09, 1.10853e-08
-2.40349e-09, 1.3519e-08
-2.59106e-09, 1.37191e-08
-2.3373e-09, 1.41851e-08
-2.34024e-09, 1.476e-08
-2.74582e-09, 1.51147e-08
-3.861e-09, 1.55199e-08
-3.31081e-09, 1.41431e-08
-3.30545e-09, 1.37434e-08
-3.18722e-09, 1.37894e-08
-3.04415e-09, 1.38096e-08
-3.47204e-09, 1.27578e-08
-3.7139e-09, 1.44722e-08
-4.39154e-09, 1.51788e-08
-3.96616e-09, 1.41901e-08
-4.50821e-09, 1.38545e-08
-4.22368e-09, 1.33538e-08
-4.30075e-09, 1.24924e-08
-3.93917e-09, 1.14241e-08
-4.45975e-09, 1.2492e-08
-4.00866e-09, 1.24352e-08
-3.51442e-09, 1.17581e-08
-1.72929e-09, 9.27412e-09
-1.87619e-09, 9.64043e-09
-1.27525e-09, 1.0202e-08
-1.22049e-09, 1.04225e-08
-5.32088e-10, 1.07061e-08
-7.12696e-10, 9.89063e-09
-1.63962e-09, 1.11106e-08
-2.42499e-09, 1.09807e-08
-2.77262e-09, 1.16522e-08
-2.78467e-09, 1.08144e-08
-2.0406e-09, 1.00428e-08
-3.14274e-09, 1.25975e-08
-3.22187e-09, 1.35697e-08
-3.53593e-09, 1.48877e-08
-3.99036e-09, 1.67938e-08
-3.88166e-09, 1.81351e-08
-3.95993e-09, 1.7431e-08
-4.02467e-09, 1.75857e-08
-4.33021e-09, 1.80989e-08
-3.66602e-09, 1.53209e-08
-3.88702e-09, 1.6112e-08
-3.83513e-09, 1.56228e-08
-3.37853e-09, 1.35366e-08
-2.78811e-09, 1.1186e-08
-2.50221e-09, 1.01852e-08
-2.09053e-09, 9.23132e-09
-1.85927e-09, 8.66937e-09
-1.83198e-09, 8.592e-09
-1.89064e-09, 8.70402e-09
-1.81963e-09, 8.5463e-09
-1.8051e-09, 8.50274e-09
-1.78443e-09, 8.44775e-09
-1.77707e-09, 8.42013e-09
-1.76909e-09, 8.39203e-09
-1.76103e-09, 8.36433e-09
-1.75098e-09, 8.33905e-09
-1.73815e-09, 8.3175e-09
-1.72555e-09, 8.29676e-09
-1.7132e-09, 8.27682e-09
-1.7011e-09, 8.25766e-09
-1.68924e-09, 8.23927e-09
-1.67762e-09, 8.2216e-09
-1.66624e-09, 8.20463e-09
-1.65551e-09, 8.18903e-09
-1.64505e-09, 8.17411e-09
-1.63786e-09, 8.16398e-09
-1.63786e-09, 8.16398e-09
-1.63786e-09, 8.16398e-09
-1.63786e-09, 8.16398e-09
-1.63786e-09, 8.16398e-09
-1.63786e-09, 8.16398e-09
-1.63786e-09, 8.16398e-09
-1.63786e-09, 8.16398e-09
-1.63786e-09, 8.16398e-09
-1.63786e-09, 8.16398e-09
-1.63786e-09, 8.16398e-09
-1.63786e-09, 8.16398e-09
-1.63786e-09, 8.16398e-09
-1.63786e-09, 8.16398e-09
-1.63786e-09, 8.16398e-09
-1.63786e-09, 8.16398e-09
-1.63786e-09, 8.16398e-09
-1.63786e-09, 8.16398e-09
-1.63786e-09, 8.16398e-09
-1.63786e-09, 8.16398e-09
-1.63786e-09, 8.16398e-09
-1.63786e-09, 8.16398e-09
-1.63786e-09, 8.16398e-09
-1.63786e-09, 8.16398e-09
-1.63786e-09, 8.16398e-09
-1.63786e-09, 8.16398e-09
-1.63786e-09, 8.16398e-09
-1.63786e-09, 8.16398e-09
-1.63786e-09, 8.16398e-09
-1.63786e-09, 8.16398e-09
-1.63786e-09, 8.16398e-09
-1.63786e-09, 8.16398e-09
-1.63786e-09, 8.16398e-09
-1.63786e-09, 8.16398e-09
-1.63786e-09, 8.16398e-09
-1.63786e-09, 8.16398e-09
-1.63786e-09, 8.16398e-09
-1.63786e-09, 8.16397e-09
-1.63786e-09, 8.16397e-09
-1.63786e-09, 8.16397e-09
-1.63786e-09, 8.16397e-09
-1.63786e-09, 8.16397e-09
-1.63786e-09, 8.16397e-09
-1.63786e-09, 8.16397e-09
-1.63786e-09, 8.16397e-09
-1.63786e-09, 8.16397e-09
-1.63786e-09, 8.16397e-09
-1.63786e-09, 8.16397e-09
-1.63786e-09, 8.16397e-09
-1.63786e-09, 8.16397e-09
-1.63786e-09, 8.16397e-09
-1.63786e-09, 8.16397e-09
-1.63786e-09, 8.16397e-09
-1.63786e-09, 8.16397e-09
-1.63786e-09, 8.16397e-09
-1.63786e-09, 8.16397e-09
-1.63786e-09, 8.16397e-09
-1.63786e-09, 8.16397e-09
-1.63786e-09, 8.16397e-09
-1.63786e-09, 8.16397e-09
-1.63786e-09, 8.16397e-09
-1.63786e-09, 8.16397e-09
-1.63786e-09, 8.16397e-09
-1.63786e-09, 8.16397e-09
-1.63786e-09, 8.16397e-09
-1.63786e-09, 8.16397e-09
-1.63786e-09, 8.16397e-09
-1.63786e-09, 8.16397e-09
-1.63786e-09, 8.16397e-09
-1.63786e-09, 8.16397e-09
-1.63786e-09, 8.16397e-09
-1.63786e-09, 8.16397e-09
-1.63786e-09, 8.16397e-09
-1.63786e-09, 8.16396e-09
-1.63786e-09, 8.16396e-09
-1.63786e-09, 8.16397e-09
-1.63786e-09, 8.16396e-09
-1.63786e-09, 8.16396e-09
-1.63786e-09, 8.16396e-09
-1.63786e-09, 8.16396e-09
-1.63786e-09, 8.16396e-09
-1.63786e-09, 8.16396e-09
-1.63786e-09, 8.16396e-09
-1.63786e-09, 8.16397e-09
-1.63786e-09, 8.16396e-09
-1.63786e-09, 8.16396e-09
-1.63786e-09, 8.16396e-09
-1.63786e-09, 8.16396e-09
-1.63786e-09, 8.16396e-09
-1.63786e-09, 8.16396e-09
-1.63786e-09, 8.16396e-09
-1.63786e-09, 8.16396e-09
-1.63786e-09, 8.16396e-09
-1.63786e-09, 8.16396e-09
-1.63786e-09, 8.16396e-09
-1.63786e-09, 8.16396e-09
-1.63786e-09, 8.16396e-09
-1.63786e-09, 8.16396e-09
-1.63786e-09, 8.16396e-09
-1.63786e-09, 8.16396e-09
-1.63786e-09, 8.16396e-09
-1.63786e-09, 8.16396e-09
-1.63786e-09, 8.16396e-09
-1.63786e-09, 8.16396e-09
-1.63786e-09, 8.16396e-09
-1.63786e-09, 8.16396e-09
-1.63786e-09, 8.16396e-09
-1.63786e-09, 8.16396e-09
-1.63786e-09, 8.16396e-09
-1.63786e-09, 8.16396e-09
-1.63786e-09, 8.16396e-09
-1.63786e-09, 8.16396e-09
-1.63785e-09, 8.16396e-09
-1.63785e-09, 8.16396e-09
-1.63786e-09, 8.16396e-09
-1.63785e-09, 8.16396e-09
-1.63785e-09, 8.16396e-09
-1.63785e-09, 8.16396e-09
-1.63785e-09, 8.16396e-09
-1.63785e-09, 8.16396e-09
-1.63785e-09, 8.16396e-09
-1.63785e-09, 8.16396e-09
-1.63785e-09, 8.16395e-09
-1.63785e-09, 8.16395e-09
-1.63785e-09, 8.16395e-09
-1.63785e-09, 8.16395e-09
-1.63785e-09, 8.16395e-09
-1.63785e-09, 8.16395e-09
-1.63785e-09, 8.16395e-09
-1.63785e-09, 8.16395e-09
-1.63785e-09, 8.16395e-09
-1.63785e-09, 8.16395e-09
-1.63785e-09, 8.16395e-09
-1.63785e-09, 8.16395e-09
-1.63786e-09, 8.16395e-09
-1.63785e-09, 8.16395e-09
-1.63785e-09, 8.16395e-09
-1.63785e-09, 8.16395e-09
-1.63785e-09, 8.16395e-09
-1.63786e-09, 8.16395e-09
-1.63786e-09, 8.16395e-09
-1.63785e-09, 8.16395e-09
-1.63785e-09, 8.16395e-09
-1.63785e-09, 8.16395e-09
-1.63785e-09, 8.16395e-09
-1.63785e-09, 8.16395e-09
-1.63785e-09, 8.16395e-09
-1.63786e-09, 8.16395e-09
-1.63786e-09, 8.16395e-09
-1.63785e-09, 8.16395e-09
-1.63785e-09, 8.16395e-09
-1.63785e-09, 8.16395e-09
-1.63785e-09, 8.16395e-09
-1.63785e-09, 8.16395e-09
-1.63785e-09, 8.16395e-09
-1.63785e-09, 8.16395e-09
-1.63785e-09, 8.16395e-09
-1.63785e-09, 8.16395e-09
-1.63785e-09, 8.16395e-09
-1.63785e-09, 8.16395e-09
-1.63785e-09, 8.16395e-09
-1.63785e-09, 8.16395e-09
-1.63785e-09, 8.16395e-09
-1.63785e-09, 8.16395e-09
-1.63786e-09, 8.16395e-09
-1.63786e-09, 8.16395e-09
-1.63785e-09, 8.16395e-09
-1.63785e-09, 8.16395e-09
-1.63785e-09, 8.16395e-09
-1.63785e-09, 8.16395e-09
-1.63785e-09, 8.16395e-09
-1.63785e-09, 8.16395e-09
-1.63785e-09, 8.16395e-09
-1.63785e-09, 8.16395e-09
-1.63785e-09, 8.16395e-09
-1.63785e-09, 8.16395e-09
-1.63785e-09, 8.16395e-09
-1.63785e-09, 8.16395e-09
-1.63785e-09, 8.16395e-09
-1.63785e-09, 8.16395e-09
-1.63785e-09, 8.16395e-09
-1.63785e-09, 8.16395e-09
-1.63785e-09, 8.16395e-09
-1.63785e-09, 8.16395e-09
-1.63785e-09, 8.16395e-09
-1.63785e-09, 8.16395e-09
-1.63785e-09, 8.16395e-09
-1.63785e-09, 8.16395e-09
-1.63785e-09, 8.16395e-09
-1.63785e-09, 8.16395e-09
-1.63785e-09, 8.16395e-09
-1.63785e-09, 8.16395e-09
-1.63786e-09, 8.16395e-09
-1.63786e-09, 8.16395e-09
-1.63785e-09, 8.16395e-09
-1.63785e-09, 8.16395e-09
-1.63786e-09, 8.16395e-09
-1.63786e-09, 8.16395e-09
-1.63786e-09, 8.16395e-09
-1.63786e-09, 8.16395e-09
-1.63786e-09, 8.16395e-09
-1.63786e-09, 8.16395e-09
-1.63786e-09, 8.16395e-09
-1.63786e-09, 8.16395e-09
-1.63786e-09, 8.16395e-09
-1.63786e-09, 8.16395e-09
-1.63786e-09, 8.16394e-09
-1.63786e-09, 8.16395e-09
-1.63786e-09, 8.16395e-09
-1.63786e-09, 8.16395e-09
-1.63786e-09, 8.16395e-09
-1.63786e-09, 8.16395e-09
-1.63786e-09, 8.16395e-09
-1.63786e-09, 8.16395e-09
-1.63786e-09, 8.16394e-09
-1.63786e-09, 8.16394e-09
-1.63786e-09, 8.16394e-09
-1.63786e-09, 8.16394e-09
-1.63786e-09, 8.16394e-09
-1.63786e-09, 8.16394e-09
-1.63786e-09, 8.16394e-09
-1.63786e-09, 8.16394e-09
-1.63786e-09, 8.16394e-09
-1.63786e-09, 8.16394e-09
-1.63786e-09, 8.16394e-09
-1.63785e-09, 8.16394e-09
-1.63785e-09, 8.16394e-09
-1.63785e-09, 8.16394e-09
-1.63786e-09, 8.16394e-09
-1.63785e-09, 8.16394e-09
-1.63786e-09, 8.16394e-09
-1.63786e-09, 8.16394e-09
-1.63786e-09, 8.16394e-09
-1.63786e-09, 8.16394e-09
-1.63786e-09, 8.16394e-09
-1.63786e-09, 8.16394e-09
-1.63786e-09, 8.16394e-09
-1.63786e-09, 8.16394e-09
-1.63786e-09, 8.16394e-09
-1.63786e-09, 8.16394e-09
-1.63786e-09, 8.16394e-09
-1.63785e-09, 8.16394e-09
-1.63785e-09, 8.16394e-09
-1.63786e-09, 8.16394e-09
-1.63785e-09, 8.16394e-09
-1.63786e-09, 8.16394e-09
-1.63786e-09, 8.16394e-09
-1.63785e-09, 8.16394e-09
-1.63785e-09, 8.16394e-09
-1.63785e-09, 8.16394e-09
-1.63785e-09, 8.16394e-09
-1.63785e-09, 8.16394e-09
-1.63785e-09, 8.16394e-09
-1.63785e-09, 8.16394e-09
-1.63785e-09, 8.16394e-09
-1.63785e-09, 8.16394e-09
-1.63785e-09, 8.16394e-09
-1.63785e-09, 8.16394e-09
-1.63785e-09, 8.16393e-09
-1.63785e-09, 8.16393e-09
-1.63785e-09, 8.16393e-09
-1.63786e-09, 8.16393e-09
-1.63786e-09, 8.16393e-09
-1.63785e-09, 8.16393e-09
-1.63786e-09, 8.16393e-09
-1.63786e-09, 8.16393e-09
-1.63786e-09, 8.16393e-09
-1.63786e-09, 8.16393e-09
-1.63785e-09, 8.16393e-09
-1.63785e-09, 8.16393e-09
-1.63785e-09, 8.16393e-09
-1.63785e-09, 8.16393e-09
-1.63785e-09, 8.16393e-09
-1.63785e-09, 8.16393e-09
-1.63786e-09, 8.16393e-09
-1.63786e-09, 8.16393e-09
-1.63785e-09, 8.16393e-09
-1.63785e-09, 8.16393e-09
-1.63785e-09, 8.16393e-09
-1.63785e-09, 8.16393e-09
-1.63785e-09, 8.16393e-09
-1.63785e-09, 8.16393e-09
-1.63785e-09, 8.16393e-09
-1.63785e-09, 8.16393e-09
-1.63785e-09, 8.16393e-09
-1.63785e-09, 8.16393e-09
-1.63785e-09, 8.16393e-09
-1.63785e-09, 8.16393e-09
-1.63785e-09, 8.16393e-09
-1.63785e-09, 8.16393e-09
-1.63785e-09, 8.16393e-09
-1.63785e-09, 8.16393e-09
-1.63786e-09, 8.16393e-09
-1.63785e-09, 8.16393e-09
-1.63786e-09, 8.16393e-09
-1.63786e-09, 8.16393e-09
-1.63786e-09, 8.16393e-09
-1.63786e-09, 8.16393e-09
-1.63786e-09, 8.16393e-09
-1.63786e-09, 8.16393e-09
-1.63786e-09, 8.16393e-09
-1.63786e-09, 8.16393e-09
-1.63786e-09, 8.16393e-09
-1.63786e-09, 8.16393e-09
-1.63786e-09, 8.16393e-09
-1.63786e-09, 8.16393e-09
-1.63786e-09, 8.16393e-09
-1.63786e-09, 8.16393e-09
-1.63786e-09, 8.16393e-09
-1.63786e-09, 8.16393e-09
-1.63786e-09, 8.16393e-09
-1.63786e-09, 8.16393e-09
-1.63786e-09, 8.16393e-09
-1.63786e-09, 8.16393e-09
-1.63786e-09, 8.16393e-09
-1.63786e-09, 8.16393e-09
-1.63786e-09, 8.16393e-09
-1.63786e-09, 8.16393e-09
-1.63786e-09, 8.16393e-09
-1.63786e-09, 8.16393e-09
-1.63786e-09, 8.16393e-09
-1.63786e-09, 8.16393e-09
-1.63786e-09, 8.16393e-09
-1.63786e-09, 8.16393e-09
-1.63786e-09, 8.16393e-09
-1.63786e-09, 8.16392e-09
-1.63786e-09, 8.16392e-09
-1.63786e-09, 8.16393e-09
-1.63785e-09, 8.16393e-09
-1.63785e-09, 8.16393e-09
-1.63785e-09, 8.16393e-09
-1.63785e-09, 8.16393e-09
-1.63785e-09, 8.16393e-09
-1.63785e-09, 8.16393e-09
-1.63785e-09, 8.16392e-09
-1.63785e-09, 8.16393e-09
-1.63785e-09, 8.16393e-09
-1.63785e-09, 8.16393e-09
-1.63785e-09, 8.16393e-09
-1.63785e-09, 8.16393e-09
-1.63786e-09, 8.16393e-09
-1.63786e-09, 8.16393e-09
-1.63785e-09, 8.16393e-09
-1.63786e-09, 8.16392e-09
-1.63786e-09, 8.16392e-09
-1.63786e-09, 8.16392e-09
-1.63786e-09, 8.16392e-09
-1.63785e-09, 8.16392e-09
-1.63786e-09, 8.16392e-09
-1.63786e-09, 8.16392e-09
-1.63786e-09, 8.16392e-09
-1.63786e-09, 8.16392e-09
-1.63786e-09, 8.16392e-09
-1.63786e-09, 8.16392e-09
-1.63786e-09, 8.16392e-09
-1.63786e-09, 8.16392e-09
-1.63786e-09, 8.16392e-09
-1.63786e-09, 8.16392e-09
-1.63786e-09, 8.16392e-09
-1.63786e-09, 8.16392e-09
-1.63786e-09, 8.16392e-09
-1.63786e-09, 8.16392e-09
-1.63786e-09, 8.16392e-09
-1.63785e-09, 8.16392e-09
-1.63785e-09, 8.16392e-09
-1.63785e-09, 8.16392e-09
-1.63785e-09, 8.16392e-09
-1.63785e-09, 8.16392e-09
-1.63785e-09, 8.16392e-09
-1.63785e-09, 8.16392e-09
-1.63785e-09, 8.16392e-09
-1.63785e-09, 8.16392e-09
-1.63785e-09, 8.16392e-09
-1.63785e-09, 8.16392e-09
-1.63785e-09, 8.16392e-09
-1.63785e-09, 8.16392e-09
-1.63785e-09, 8.16392e-09
-1.63785e-09, 8.16392e-09
-1.63785e-09, 8.16392e-09
-1.63785e-09, 8.16392e-09
-1.63785e-09, 8.16392e-09
-1.63785e-09, 8.16392e-09
-1.63785e-09, 8.16391e-09
-1.63785e-09, 8.16391e-09
-1.63785e-09, 8.16391e-09
-1.63785e-09, 8.16391e-09
-1.63785e-09, 8.16391e-09
-1.63785e-09, 8.16391e-09
-1.63785e-09, 8.16391e-09
-1.63785e-09, 8.16391e-09
-1.63785e-09, 8.16391e-09
-1.63785e-09, 8.16391e-09
-1.63785e-09, 8.16391e-09
-1.63785e-09, 8.16391e-09
-1.63785e-09, 8.16391e-09
-1.63785e-09, 8.16391e-09
-1.63785e-09, 8.16391e-09
-1.63785e-09, 8.16391e-09
-1.63785e-09, 8.16391e-09
-1.63785e-09, 8.16391e-09
-1.63785e-09, 8.16391e-09
-1.63785e-09, 8.16391e-09
-1.63785e-09, 8.16391e-09
-1.63785e-09, 8.16391e-09
-1.63785e-09, 8.16391e-09
-1.63785e-09, 8.16391e-09
-1.63785e-09, 8.16391e-09
-1.63785e-09, 8.16391e-09
-1.63785e-09, 8.16391e-09
-1.63785e-09, 8.16391e-09
-1.63785e-09, 8.16391e-09
-1.63785e-09, 8.16391e-09
-1.63785e-09, 8.16391e-09
-1.63785e-09, 8.16391e-09
-1.63785e-09, 8.16391e-09
-1.63785e-09, 8.16391e-09
-1.63785e-09, 8.16391e-09
-1.63785e-09, 8.16391e-09
-1.63785e-09, 8.16391e-09
-1.63785e-09, 8.16391e-09
-1.63785e-09, 8.16391e-09
-1.63785e-09, 8.16391e-09
-1.63785e-09, 8.16391e-09
-1.63785e-09, 8.16391e-09
-1.63785e-09, 8.16391e-09
-1.63785e-09, 8.16391e-09
-1.63785e-09, 8.16391e-09
-1.63785e-09, 8.16391e-09
-1.63785e-09, 8.16391e-09
-1.63785e-09, 8.16391e-09
-1.63785e-09, 8.16391e-09
-1.63785e-09, 8.16391e-09
-1.63785e-09, 8.16391e-09
-1.63785e-09, 8.16391e-09
-1.63785e-09, 8.16391e-09
-1.63785e-09, 8.16391e-09
-1.63785e-09, 8.16391e-09
-1.63785e-09, 8.16391e-09
-1.63785e-09, 8.16391e-09
-1.63785e-09, 8.16391e-09
-1.63785e-09, 8.16391e-09
-1.63785e-09, 8.16391e-09
-1.63785e-09, 8.16391e-09
-1.63785e-09, 8.16391e-09
-1.63785e-09, 8.16391e-09
-1.63785e-09, 8.1639e-09
-1.63785e-09, 8.1639e-09
-1.63785e-09, 8.1639e-09
-1.63785e-09, 8.1639e-09
-1.63785e-09, 8.1639e-09
-1.63785e-09, 8.1639e-09
-1.63785e-09, 8.1639e-09
-1.63785e-09, 8.1639e-09
-1.63785e-09, 8.1639e-09
-1.63785e-09, 8.1639e-09
-1.63785e-09, 8.1639e-09
-1.63785e-09, 8.1639e-09
-1.63785e-09, 8.1639e-09
-1.63785e-09, 8.1639e-09
-1.63785e-09, 8.1639e-09
-1.63785e-09, 8.1639e-09
-1.63785e-09, 8.1639e-09
-1.63785e-09, 8.1639e-09
-1.63785e-09, 8.1639e-09
-1.63785e-09, 8.1639e-09
-1.63785e-09, 8.1639e-09
-1.63785e-09, 8.1639e-09
-1.63785e-09, 8.1639e-09
-1.63785e-09, 8.1639e-09
-1.63785e-09, 8.1639e-09
-1.63785e-09, 8.1639e-09
-1.63785e-09, 8.1639e-09
-1.63785e-09, 8.1639e-09
-1.63785e-09, 8.1639e-09
-1.63785e-09, 8.1639e-09
-1.63785e-09, 8.1639e-09
-1.63785e-09, 8.1639e-09
-1.63785e-09, 8.1639e-09
-1.63785e-09, 8.1639e-09
-1.63785e-09, 8.1639e-09
-1.63785e-09, 8.1639e-09
-1.63785e-09, 8.16389e-09
-1.63785e-09, 8.16389e-09
-1.63784e-09, 8.16389e-09
-1.63784e-09, 8.16389e-09
-1.63784e-09, 8.16389e-09
-1.63784e-09, 8.16389e-09
-1.63784e-09, 8.16389e-09
-1.63784e-09, 8.16389e-09
-1.63784e-09, 8.16389e-09
-1.63784e-09, 8.16389e-09
-1.63784e-09, 8.16389e-09
-1.63784e-09, 8.16389e-09
-1.63784e-09, 8.16389e-09
-1.63784e-09, 8.16389e-09
-1.63784e-09, 8.16389e-09
-1.63784e-09, 8.16389e-09
-1.63784e-09, 8.16389e-09
-1.63784e-09, 8.16389e-09
-1.63784e-09, 8.16389e-09
-1.63784e-09, 8.16389e-09
-1.63784e-09, 8.16389e-09
-1.63784e-09, 8.16389e-09
-1.63784e-09, 8.16389e-09
-1.63784e-09, 8.16389e-09
-1.63784e-09, 8.16389e-09
-1.63784e-09, 8.16389e-09
-1.63784e-09, 8.16388e-09
-1.63784e-09, 8.16388e-09
-1.63784e-09, 8.16388e-09
-1.63784e-09, 8.16389e-09
-1.63784e-09, 8.16389e-09
-1.63784e-09, 8.16389e-09
-1.63784e-09, 8.16388e-09
-1.63783e-09, 8.16388e-09
-1.63783e-09, 8.16388e-09
-1.63783e-09, 8.16388e-09
-1.63783e-09, 8.16388e-09
-1.63783e-09, 8.16388e-09
-1.63783e-09, 8.16388e-09
-1.63783e-09, 8.16388e-09
-1.63783e-09, 8.16388e-09
-1.63783e-09, 8.16388e-09
-1.63783e-09, 8.16388e-09
-1.63783e-09, 8.16388e-09
-1.63783e-09, 8.16388e-09
-1.63783e-09, 8.16388e-09
-1.63783e-09, 8.16388e-09
-1.63783e-09, 8.16388e-09
-1.63783e-09, 8.16388e-09
-1.63783e-09, 8.16387e-09
-1.63783e-09, 8.16387e-09
-1.63783e-09, 8.16387e-09
-1.63783e-09, 8.16387e-09
-1.63783e-09, 8.16387e-09
-1.63783e-09, 8.16387e-09
-1.63783e-09, 8.16387e-09
-1.63783e-09, 8.16387e-09
-1.63783e-09, 8.16387e-09
-1.63783e-09, 8.16387e-09
-1.63783e-09, 8.16387e-09
-1.63783e-09, 8.16387e-09
-1.63783e-09, 8.16387e-09
-1.63783e-09, 8.16387e-09
-1.63783e-09, 8.16387e-09
-1.63783e-09, 8.16387e-09
-1.63783e-09, 8.16387e-09
-1.63783e-09, 8.16387e-09
-1.63783e-09, 8.16387e-09
-1.63783e-09, 8.16387e-09
-1.63783e-09, 8.16387e-09
-1.63783e-09, 8.16387e-09
-1.63783e-09, 8.16387e-09
-1.63783e-09, 8.16387e-09
-1.63783e-09, 8.16387e-09
-1.63783e-09, 8.16387e-09
-1.63783e-09, 8.16387e-09
-1.63783e-09, 8.16387e-09
-1.63783e-09, 8.16387e-09
-1.63783e-09, 8.16387e-09
-1.63783e-09, 8.16387e-09
-1.63783e-09, 8.16386e-09
-1.63783e-09, 8.16386e-09
-1.63783e-09, 8.16386e-09
-1.63783e-09, 8.16386e-09
-1.63783e-09, 8.16386e-09
-1.63783e-09, 8.16386e-09
-1.63783e-09, 8.16386e-09
-1.63783e-09, 8.16386e-09
-1.63783e-09, 8.16386e-09
-1.63783e-09, 8.16386e-09
-1.63783e-09, 8.16386e-09
-1.63783e-09, 8.16386e-09
-1.63783e-09, 8.16386e-09
-1.63783e-09, 8.16386e-09
-1.63783e-09, 8.16386e-09
-1.63782e-09, 8.16386e-09
-1.63783e-09, 8.16386e-09
-1.63782e-09, 8.16386e-09
-1.63782e-09, 8.16386e-09
-1.63782e-09, 8.16386e-09
-1.63782e-09, 8.16386e-09
-1.63783e-09, 8.16386e-09
-1.63782e-09, 8.16386e-09
-1.63782e-09, 8.16386e-09
-1.63782e-09, 8.16386e-09
-1.63782e-09, 8.16386e-09
-1.63782e-09, 8.16386e-09
-1.63782e-09, 8.16386e-09
-1.63782e-09, 8.16386e-09
-1.63782e-09, 8.16386e-09
-1.63783e-09, 8.16386e-09
-1.63782e-09, 8.16386e-09
-1.63782e-09, 8.16386e-09
-1.63782e-09, 8.16386e-09
-1.63782e-09, 8.16386e-09
-1.63782e-09, 8.16386e-09
-1.63782e-09, 8.16386e-09
-1.63782e-09, 8.16386e-09
-1.63782e-09, 8.16386e-09
-1.63782e-09, 8.16386e-09
-1.63782e-09, 8.16386e-09
-1.63782e-09, 8.16386e-09
-1.63782e-09, 8.16386e-09
-1.63782e-09, 8.16386e-09
-1.63782e-09, 8.16386e-09
-1.63782e-09, 8.16386e-09
-1.63782e-09, 8.16386e-09
-1.63782e-09, 8.16386e-09
-1.63782e-09, 8.16386e-09
-1.63782e-09, 8.16386e-09
-1.63782e-09, 8.16386e-09
-1.63782e-09, 8.16386e-09
-1.63782e-09, 8.16386e-09
-1.63782e-09, 8.16386e-09
-1.63782e-09, 8.16386e-09
-1.63782e-09, 8.16386e-09
-1.63782e-09, 8.16385e-09
-1.63782e-09, 8.16385e-09
-1.63782e-09, 8.16386e-09
-1.63782e-09, 8.16386e-09
-1.63782e-09, 8.16386e-09
-1.63782e-09, 8.16386e-09
