0, 0
-0.00200109, 0.0032888
-0.00204428, 0.0033035
-0.0020883, 0.00332337
-0.00213299, 0.0033483
-0.00217821, 0.00337814
-0.00222381, 0.00341273
-0.00226965, 0.0034519
-0.00231557, 0.00349548
-0.00236146, 0.00354325
-0.00240717, 0.00359502
-0.00245255, 0.00365055
-0.00249747, 0.00370963
-0.00254179, 0.00377206
-0.00258541, 0.0038376
-0.00262819, 0.00390606
-0.00267002, 0.00397722
-0.00271081, 0.00405087
-0.00275046, 0.00412682
-0.00278887, 0.00420489
-0.00282595, 0.00428491
-0.00286162, 0.00436671
-0.00289582, 0.00445013
-0.00292846, 0.00453502
-0.00295949, 0.00462124
-0.00298884, 0.00470866
-0.00301648, 0.00479717
-0.00304235, 0.00488663
-0.00306642, 0.00497696
-0.00308866, 0.00506804
-0.00310904, 0.00515979
-0.00312754, 0.00525213
-0.00314416, 0.00534498
-0.00315888, 0.00543826
-0.00317168, 0.00553192
-0.00318258, 0.0056259
-0.00319157, 0.00572013
-0.00319865, 0.00581459
-0.00320385, 0.00590922
-0.00320717, 0.00600399
-0.00320863, 0.00609886
-0.00320824, 0.00619381
-0.00320604, 0.00628881
-0.00320204, 0.00638384
-0.00319627, 0.0064789
-0.00318875, 0.00657396
-0.00317951, 0.00666902
-0.00316859, 0.00676408
-0.00315601, 0.00685913
-0.0031418, 0.00695418
-0.003126, 0.00704922
-0.00310864, 0.00714427
-0.00308976, 0.00723934
-0.00306938, 0.00733444
-0.00304754, 0.00742959
-0.00302428, 0.00752479
-0.00299963, 0.00762008
-0.00297363, 0.00771548
-0.00294632, 0.007811
-0.00291771, 0.00790666
-0.00288786, 0.00800251
-0.00285679, 0.00809855
-0.00282453, 0.00819482
-0.00279113, 0.00829135
-0.00275661, 0.00838817
-0.00272101, 0.00848531
-0.00268435, 0.00858279
-0.00264667, 0.00868066
-0.00260801, 0.00877893
-0.00256838, 0.00887765
-0.00252782, 0.00897685
-0.00248636, 0.00907655
-0.00244402, 0.00917678
-0.00240084, 0.00927758
-0.00235684, 0.00937898
-0.00231205, 0.009481
-0.0022665, 0.00958368
-0.0022202, 0.00968704
-0.00217319, 0.00979111
-0.00212548, 0.00989591
-0.00207712, 0.0100015
-0.0020281, 0.0101078
-0.00197847, 0.010215
-0.00192824, 0.010323
-0.00187743, 0.0104318
-0.00182607, 0.0105415
-0.00177418, 0.0106521
-0.00172176, 0.0107636
-0.00166886, 0.010876
-0.00161547, 0.0109894
-0.00156163, 0.0111036
-0.00150735, 0.0112189
-0.00145266, 0.0113351
-0.00139755, 0.0114523
-0.00134206, 0.0115705
-0.00128621, 0.0116897
-0.00122999, 0.0118098
-0.00117344, 0.011931
-0.00111657, 0.0120532
-0.0010594, 0.0121763
-0.00100193, 0.0123005
-0.000769412, 0.0128072
-0.000533308, 0.0133295
-0.000294394, 0.0138671
-5.33771e-05, 0.0144191
0.000189106, 0.0149847
0.000432481, 0.0155629
0.000676229, 0.0161525
0.000919884, 0.0167523
0.00116303, 0.017361
0.00140529, 0.0179776
0.00164632, 0.0186006
0.00188583, 0.0192289
0.00212356, 0.0198613
0.00235924, 0.0204966
0.00259268, 0.0211337
0.00282369, 0.0217716
0.00305208, 0.0224093
0.00327771, 0.0230458
0.00350044, 0.0236802
0.00372015, 0.0243116
0.00393673, 0.0249394
0.00415007, 0.0255628
0.0043601, 0.0261811
0.00456672, 0.0267936
0.00476986, 0.0273999
0.00496945, 0.0279993
0.00516544, 0.0285915
0.00535776, 0.0291759
0.00554636, 0.0297523
0.00573119, 0.0303201
0.00591221, 0.0308792
0.00608937, 0.0314292
0.00626263, 0.0319699
0.00643196, 0.0325011
0.00659731, 0.0330226
0.00675867, 0.0335343
0.00691599, 0.034036
0.00706926, 0.0345277
0.00721845, 0.0350093
0.00736353, 0.0354808
0.00750449, 0.035942
0.00764131, 0.0363931
0.00777398, 0.036834
0.00790248, 0.0372648
0.0080268, 0.0376856
0.00814694, 0.0380963
0.0082629, 0.0384971
0.00837468, 0.0388881
0.00848227, 0.0392694
0.00858568, 0.039641
0.00868492, 0.0400032
0.00877999, 0.0403561
0.00887092, 0.0406997
0.00895771, 0.0410343
0.00904039, 0.04136
0.00911896, 0.041677
0.00919346, 0.0419854
0.00926391, 0.0422854
0.00933034, 0.0425772
0.00939278, 0.042861
0.00945125, 0.0431368
0.00950579, 0.043405
0.00955644, 0.0436657
0.00960323, 0.0439191
0.0096462, 0.0441653
0.0096854, 0.0444045
0.00972085, 0.044637
0.00975262, 0.0448628
0.00978073, 0.0450823
0.00980524, 0.0452954
0.00982619, 0.0455025
0.00984363, 0.0457037
0.0098576, 0.0458991
0.00986816, 0.0460889
0.00987535, 0.0462734
0.00987923, 0.0464525
0.00987984, 0.0466266
0.00987723, 0.0467958
0.00987147, 0.0469602
0.00986259, 0.0471199
0.00985066, 0.0472752
0.00983571, 0.0474261
0.0098178, 0.0475728
0.00979698, 0.0477154
0.00977329, 0.0478541
0.00974679, 0.047989
0.00971753, 0.0481202
0.00968556, 0.0482478
0.00965093, 0.048372
0.00961368, 0.0484929
0.00957385, 0.0486106
0.00953149, 0.0487252
0.00948666, 0.0488368
0.0094394, 0.0489455
0.00938978, 0.0490514
0.00933784, 0.0491546
0.00928361, 0.0492552
0.00922713, 0.0493534
0.00916844, 0.0494491
0.00910758, 0.0495425
0.00890394, 0.0498201
0.00868074, 0.0500782
0.00843907, 0.0503189
0.00817998, 0.0505442
0.0079044, 0.0507559
0.0076132, 0.0509554
0.00730718, 0.0511442
0.00698705, 0.0513235
0.00665345, 0.0514946
0.00630698, 0.0516583
0.00594816, 0.0518156
0.00557744, 0.0519672
0.00519523, 0.052114
0.00480191, 0.0522565
0.00439778, 0.0523952
0.00398312, 0.0525308
0.00355817, 0.0526635
0.00312313, 0.0527939
0.00267817, 0.0529224
0.00222345, 0.0530491
0.00175907, 0.0531744
0.00128514, 0.0532985
0.000801737, 0.0534217
0.000308914, 0.0535441
-0.00019328, 0.0536659
-0.000704817, 0.0537874
-0.00122568, 0.0539085
-0.00175586, 0.0540295
-0.00229536, 0.0541504
-0.00284419, 0.0542714
-0.00340237, 0.0543924
-0.00396992, 0.0545137
-0.00454687, 0.0546353
-0.00513326, 0.0547571
-0.00572911, 0.0548793
-0.00633448, 0.055002
-0.00694941, 0.0551251
-0.00757393, 0.0552486
-0.00820809, 0.0553727
-0.00885195, 0.0554974
-0.00950554, 0.0556225
-0.0101689, 0.0557483
-0.0108421, 0.0558747
-0.0115252, 0.0560016
-0.0122183, 0.0561292
-0.0129213, 0.0562574
-0.0136343, 0.0563862
-0.0143574, 0.0565157
-0.0150907, 0.0566458
-0.0158341, 0.0567765
-0.0165877, 0.0569079
-0.0173515, 0.0570399
-0.0181257, 0.0571725
-0.0189102, 0.0573058
-0.0197051, 0.0574397
-0.0205104, 0.0575742
-0.0213261, 0.0577094
-0.0221524, 0.0578451
-0.0229891, 0.0579815
-0.0238365, 0.0581184
-0.0246944, 0.058256
-0.0255629, 0.0583941
-0.0264422, 0.0585328
-0.0273321, 0.058672
-0.0282327, 0.0588118
-0.0291441, 0.0589522
-0.0300662, 0.0590931
-0.0309992, 0.0592345
-0.031943, 0.0593764
-0.0328976, 0.0595188
-0.0338631, 0.0596617
-0.0348395, 0.059805
-0.0358268, 0.0599489
-0.0368251, 0.0600931
-0.0378343, 0.0602379
-0.0388545, 0.060383
-0.0398856, 0.0605285
-0.0409278, 0.0606745
-0.041981, 0.0608208
-0.0430452, 0.0609675
-0.0441204, 0.0611146
-0.0452067, 0.061262
-0.0463041, 0.0614097
-0.0474126, 0.0615578
-0.0485323, 0.0617061
-0.0496631, 0.0618548
-0.050805, 0.0620037
-0.0519581, 0.0621528
-0.0531222, 0.0623022
-0.0542974, 0.0624518
-0.0554838, 0.0626016
-0.0566813, 0.0627516
-0.0578899, 0.0629018
-0.0591097, 0.0630521
-0.0603405, 0.0632026
-0.0615825, 0.0633532
-0.0628356, 0.0635039
-0.0640997, 0.0636546
-0.0653749, 0.0638055
-0.0666613, 0.0639564
-0.0679587, 0.0641073
-0.0692672, 0.0642583
-0.0705867, 0.0644093
-0.0719174, 0.0645603
-0.0732591, 0.0647112
-0.0746118, 0.0648621
-0.0759756, 0.065013
-0.0773505, 0.0651637
-0.0787363, 0.0653144
-0.0801332, 0.0654649
-0.081541, 0.0656153
-0.0829598, 0.0657655
-0.0843896, 0.0659155
-0.0858303, 0.0660654
-0.0872819, 0.066215
-0.0887444, 0.0663644
-0.0902178, 0.0665136
-0.091702, 0.0666625
-0.0931971, 0.0668111
-0.094703, 0.0669594
-0.0962196, 0.0671073
-0.097747, 0.067255
-0.0992852, 0.0674022
-0.100834, 0.0675491
-0.102394, 0.0676955
-0.103964, 0.0678416
-0.105544, 0.0679872
-0.107136, 0.0681323
-0.108738, 0.0682769
-0.11035, 0.068421
-0.111973, 0.0685646
-0.113606, 0.0687077
-0.11525, 0.0688502
-0.116904, 0.0689921
-0.118569, 0.0691334
-0.120244, 0.069274
-0.121929, 0.0694141
-0.123624, 0.0695534
-0.125329, 0.0696921
-0.127045, 0.06983
-0.128771, 0.0699672
-0.130506, 0.0701037
-0.132252, 0.0702394
-0.134008, 0.0703743
-0.135773, 0.0705084
-0.137549, 0.0706417
-0.139334, 0.0707742
-0.141129, 0.0709057
-0.142934, 0.0710364
-0.144748, 0.0711662
-0.146572, 0.0712951
-0.148406, 0.071423
-0.150249, 0.0715499
-0.152102, 0.0716759
-0.153963, 0.0718009
-0.155835, 0.0719248
-0.157715, 0.0720477
-0.159605, 0.0721695
-0.161504, 0.0722902
-0.163412, 0.0724099
-0.165329, 0.0725284
-0.167255, 0.0726457
-0.16919, 0.0727619
-0.171134, 0.072877
-0.173086, 0.0729908
-0.175047, 0.0731034
-0.177017, 0.0732148
-0.178996, 0.0733249
-0.180983, 0.0734337
-0.182978, 0.0735413
-0.184982, 0.0736475
-0.186994, 0.0737524
-0.189015, 0.073856
-0.191043, 0.0739582
-0.19308, 0.0740591
-0.195124, 0.0741585
-0.197177, 0.0742565
-0.199237, 0.0743531
-0.201306, 0.0744482
-0.203382, 0.0745419
-0.205465, 0.074634
-0.207557, 0.0747247
-0.209655, 0.0748139
-0.211761, 0.0749015
-0.213875, 0.0749875
-0.215995, 0.075072
-0.218123, 0.075155
-0.220258, 0.0752363
-0.2224, 0.075316
-0.224549, 0.0753941
-0.226705, 0.0754706
-0.228867, 0.0755454
-0.231036, 0.0756185
-0.233212, 0.0756899
-0.235394, 0.0757597
-0.237583, 0.0758277
-0.239778, 0.075894
-0.241979, 0.0759586
-0.244186, 0.0760214
-0.246399, 0.0760825
-0.248619, 0.0761418
-0.250844, 0.0761992
-0.253075, 0.0762549
-0.255312, 0.0763088
-0.257554, 0.0763609
-0.259802, 0.0764111
-0.262055, 0.0764595
-0.264314, 0.076506
-0.266578, 0.0765506
-0.268847, 0.0765934
-0.271121, 0.0766342
-0.2734, 0.0766732
-0.275684, 0.0767103
-0.277973, 0.0767455
-0.280267, 0.0767787
-0.282565, 0.07681
-0.284867, 0.0768393
-0.287174, 0.0768668
-0.289486, 0.0768922
-0.291801, 0.0769157
-0.294121, 0.0769372
-0.296445, 0.0769567
-0.298772, 0.0769743
-0.301104, 0.0769898
-0.303439, 0.0770034
-0.305778, 0.0770149
-0.30812, 0.0770245
-0.310466, 0.077032
-0.312815, 0.0770375
-0.315167, 0.077041
-0.317523, 0.0770424
-0.319881, 0.0770418
-0.322243, 0.0770392
-0.324607, 0.0770346
-0.326975, 0.0770279
-0.329345, 0.0770191
-0.331717, 0.0770083
-0.334092, 0.0769955
-0.336469, 0.0769806
-0.338849, 0.0769636
-0.34123, 0.0769446
-0.343614, 0.0769236
-0.346, 0.0769005
-0.348388, 0.0768753
-0.350777, 0.076848
-0.353168, 0.0768188
-0.355561, 0.0767874
-0.357955, 0.076754
-0.360351, 0.0767186
-0.362748, 0.076681
-0.365146, 0.0766415
-0.367545, 0.0765999
-0.369945, 0.0765562
-0.372346, 0.0765105
-0.374748, 0.0764627
-0.377151, 0.0764129
-0.379554, 0.0763611
-0.381958, 0.0763073
-0.384363, 0.0762514
-0.386767, 0.0761935
-0.389172, 0.0761335
-0.391577, 0.0760716
-0.393982, 0.0760076
-0.396387, 0.0759416
-0.398792, 0.0758737
-0.401197, 0.0758037
-0.403601, 0.0757317
-0.406005, 0.0756578
-0.408409, 0.0755818
-0.410812, 0.0755039
-0.413214, 0.0754241
-0.415616, 0.0753423
-0.418016, 0.0752585
-0.420416, 0.0751728
-0.422815, 0.0750852
-0.425212, 0.0749956
-0.427608, 0.0749042
-0.430003, 0.0748108
-0.432397, 0.0747155
-0.434789, 0.0746184
-0.43718, 0.0745193
-0.439568, 0.0744184
-0.441956, 0.0743157
-0.444341, 0.0742111
-0.446724, 0.0741046
-0.449106, 0.0739963
-0.451485, 0.0738862
-0.453862, 0.0737743
-0.456237, 0.0736606
-0.45861, 0.0735452
-0.46098, 0.0734279
-0.463348, 0.0733089
-0.465713, 0.0731882
-0.468076, 0.0730657
-0.470435, 0.0729415
-0.472792, 0.0728156
-0.475147, 0.0726879
-0.477498, 0.0725586
-0.479846, 0.0724277
-0.482191, 0.072295
-0.484533, 0.0721608
-0.486871, 0.0720249
-0.489206, 0.0718873
-0.491538, 0.0717482
-0.493867, 0.0716075
-0.496191, 0.0714652
-0.498512, 0.0713213
-0.50083, 0.0711759
-0.503144, 0.071029
-0.505453, 0.0708805
-0.507759, 0.0707306
-0.510061, 0.0705791
-0.512359, 0.0704262
-0.514653, 0.0702718
-0.516943, 0.070116
-0.519228, 0.0699587
-0.521509, 0.0698
-0.523786, 0.06964
-0.526058, 0.0694785
-0.528326, 0.0693157
-0.530589, 0.0691515
-0.532848, 0.068986
-0.535102, 0.0688192
-0.537351, 0.0686511
-0.539595, 0.0684817
-0.541835, 0.068311
-0.544069, 0.068139
-0.546299, 0.0679659
-0.548524, 0.0677915
-0.550743, 0.0676158
-0.552958, 0.0674391
-0.555167, 0.0672611
-0.557371, 0.067082
-0.559569, 0.0669017
-0.561763, 0.0667203
-0.563951, 0.0665379
-0.566133, 0.0663543
-0.56831, 0.0661696
-0.570481, 0.0659839
-0.572647, 0.0657972
-0.574807, 0.0656094
-0.576962, 0.0654207
-0.579111, 0.0652309
-0.581254, 0.0650402
-0.583391, 0.0648485
-0.585522, 0.0646559
-0.587647, 0.0644623
-0.589767, 0.0642679
-0.59188, 0.0640725
-0.593988, 0.0638763
-0.596089, 0.0636793
-0.598184, 0.0634814
-0.600273, 0.0632826
-0.602356, 0.0630831
-0.604433, 0.0628828
-0.606503, 0.0626817
-0.608567, 0.0624799
-0.610625, 0.0622773
-0.612676, 0.062074
-0.614721, 0.06187
-0.616759, 0.0616653
-0.618791, 0.06146
-0.620817, 0.0612539
-0.622836, 0.0610473
-0.624848, 0.06084
-0.626854, 0.0606321
-0.628853, 0.0604237
-0.630846, 0.0602146
-0.632832, 0.060005
-0.634811, 0.0597949
-0.636783, 0.0595842
-0.638749, 0.0593731
-0.640708, 0.0591614
-0.64266, 0.0589492
-0.644605, 0.0587366
-0.646544, 0.0585236
-0.648475, 0.0583101
-0.6504, 0.0580962
-0.652318, 0.0578819
-0.654228, 0.0576672
-0.656132, 0.0574521
-0.658029, 0.0572367
-0.659919, 0.057021
-0.661802, 0.0568049
-0.663678, 0.0565885
-0.665547, 0.0563718
-0.667408, 0.0561549
-0.669263, 0.0559377
-0.671111, 0.0557202
-0.672951, 0.0555025
-0.674785, 0.0552845
-0.676611, 0.0550664
-0.67843, 0.0548481
-0.680242, 0.0546296
-0.682047, 0.0544109
-0.683845, 0.0541921
-0.685635, 0.0539731
-0.687418, 0.053754
-0.689194, 0.0535348
-0.690963, 0.0533155
-0.694479, 0.0528767
-0.697966, 0.0524376
-0.701424, 0.0519985
-0.704853, 0.0515592
-0.708253, 0.0511201
-0.711624, 0.0506811
-0.714966, 0.0502424
-0.718279, 0.0498041
-0.721563, 0.0493662
-0.724818, 0.0489289
-0.728043, 0.0484921
-0.73124, 0.0480561
-0.734408, 0.0476209
-0.737547, 0.0471866
-0.740656, 0.0467532
-0.743737, 0.0463209
-0.74679, 0.0458897
-0.749813, 0.0454597
-0.752808, 0.045031
-0.755774, 0.0446036
-0.758712, 0.0441776
-0.761621, 0.0437531
-0.764502, 0.0433301
-0.767355, 0.0429087
-0.770179, 0.042489
-0.772976, 0.042071
-0.775744, 0.0416547
-0.778485, 0.0412403
-0.781198, 0.0408278
-0.783884, 0.0404173
-0.786542, 0.0400087
-0.789172, 0.0396022
-0.791776, 0.0391977
-0.794352, 0.0387954
-0.796902, 0.0383952
-0.799424, 0.0379973
-0.801921, 0.0376016
-0.80439, 0.0372082
-0.806834, 0.0368172
-0.809251, 0.0364285
-0.811642, 0.0360422
-0.814007, 0.0356583
-0.816347, 0.0352769
-0.818661, 0.034898
-0.82095, 0.0345216
-0.823214, 0.0341478
-0.825452, 0.0337765
-0.827666, 0.0334078
-0.829855, 0.0330417
-0.83202, 0.0326783
-0.83416, 0.0323175
-0.836277, 0.0319594
-0.838369, 0.0316039
-0.840438, 0.0312512
-0.842483, 0.0309011
-0.844505, 0.0305538
-0.846503, 0.0302093
-0.848478, 0.0298675
-0.850431, 0.0295284
-0.852361, 0.0291922
-0.854269, 0.0288587
-0.856154, 0.028528
-0.858017, 0.0282
-0.859859, 0.0278749
-0.861679, 0.0275526
-0.863477, 0.0272331
-0.865254, 0.0269163
-0.86701, 0.0266024
-0.868745, 0.0262913
-0.870459, 0.025983
-0.872152, 0.0256775
-0.873826, 0.0253747
-0.875479, 0.0250748
-0.877112, 0.0247777
-0.878726, 0.0244833
-0.88032, 0.0241918
-0.881894, 0.023903
-0.88345, 0.0236169
-0.884986, 0.0233337
-0.886504, 0.0230531
-0.888003, 0.0227753
-0.889483, 0.0225003
-0.890945, 0.022228
-0.892389, 0.0219583
-0.893816, 0.0216914
-0.895224, 0.0214272
-0.896615, 0.0211657
-0.897989, 0.0209068
-0.899346, 0.0206506
-0.900685, 0.020397
-0.902008, 0.0201461
-0.903314, 0.0198977
-0.904604, 0.019652
-0.905878, 0.0194089
-0.907135, 0.0191683
-0.908376, 0.0189303
-0.909602, 0.0186949
-0.910812, 0.018462
-0.912007, 0.0182316
-0.913187, 0.0180036
-0.914352, 0.0177782
-0.915501, 0.0175553
-0.916636, 0.0173348
-0.917757, 0.0171167
-0.918863, 0.016901
-0.919955, 0.0166877
-0.921032, 0.0164768
-0.922096, 0.0162683
-0.923146, 0.0160621
-0.924183, 0.0158583
-0.925206, 0.0156567
-0.926216, 0.0154575
-0.927213, 0.0152605
-0.928197, 0.0150658
-0.929168, 0.0148733
-0.930126, 0.014683
-0.931072, 0.014495
-0.932006, 0.0143091
-0.932927, 0.0141253
-0.933836, 0.0139438
-0.934734, 0.0137643
-0.935619, 0.013587
-0.936493, 0.0134117
-0.937356, 0.0132385
-0.938207, 0.0130674
-0.939047, 0.0128982
-0.939876, 0.0127311
-0.940693, 0.012566
-0.941501, 0.0124029
-0.942297, 0.0122417
-0.943083, 0.0120825
-0.943858, 0.0119252
-0.944623, 0.0117697
-0.945378, 0.0116162
-0.946123, 0.0114645
-0.946858, 0.0113147
-0.947584, 0.0111667
-0.948299, 0.0110205
-0.949005, 0.010876
-0.949702, 0.0107334
-0.950389, 0.0105925
-0.951068, 0.0104534
-0.951737, 0.0103159
-0.952397, 0.0101802
-0.953048, 0.0100461
-0.953691, 0.00991375
-0.954325, 0.009783
-0.95495, 0.00965389
-0.955567, 0.00952638
-0.956176, 0.00940046
-0.956777, 0.00927612
-0.957369, 0.00915334
-0.957954, 0.0090321
-0.95853, 0.00891239
-0.959099, 0.00879419
-0.95966, 0.00867747
-0.960214, 0.00856224
-0.96076, 0.00844846
-0.961299, 0.00833613
-0.96183, 0.00822522
-0.962354, 0.00811573
-0.962872, 0.00800763
-0.963382, 0.00790091
-0.963885, 0.00779555
-0.964382, 0.00769154
-0.964871, 0.00758886
-0.965354, 0.0074875
-0.965831, 0.00738744
-0.966301, 0.00728866
-0.966764, 0.00719116
-0.967222, 0.00709492
-0.967673, 0.00699991
-0.968118, 0.00690614
-0.968557, 0.00681357
-0.96899, 0.00672221
-0.969417, 0.00663202
-0.969838, 0.00654301
-0.970254, 0.00645516
-0.970663, 0.00636844
-0.971068, 0.00628286
-0.971466, 0.00619839
-0.97186, 0.00611502
-0.972247, 0.00603274
-0.97263, 0.00595154
-0.973007, 0.0058714
-0.97338, 0.0057923
-0.973747, 0.00571425
-0.974109, 0.00563721
-0.974466, 0.00556119
-0.974818, 0.00548617
-0.975166, 0.00541213
-0.975508, 0.00533907
-0.975846, 0.00526697
-0.976179, 0.00519582
-0.976508, 0.00512561
-0.976832, 0.00505633
-0.977152, 0.00498796
-0.977468, 0.00492049
-0.977779, 0.00485392
-0.978085, 0.00478823
-0.978388, 0.00472341
-0.978687, 0.00465945
-0.978981, 0.00459634
-0.979271, 0.00453407
-0.979557, 0.00447262
-0.97984, 0.00441199
-0.980118, 0.00435216
-0.980393, 0.00429314
-0.980664, 0.0042349
-0.980931, 0.00417743
-0.981194, 0.00412073
-0.981454, 0.00406479
-0.98171, 0.00400959
-0.981963, 0.00395514
-0.982212, 0.00390141
-0.982458, 0.0038484
-0.982701, 0.00379609
-0.98294, 0.00374449
-0.983176, 0.00369358
-0.983408, 0.00364335
-0.983637, 0.0035938
-0.983864, 0.00354491
-0.984087, 0.00349667
-0.984307, 0.00344909
-0.984524, 0.00340214
-0.984738, 0.00335582
-0.984949, 0.00331013
-0.985157, 0.00326505
-0.985362, 0.00322058
-0.985564, 0.00317671
-0.985764, 0.00313343
-0.985961, 0.00309073
-0.986155, 0.0030486
-0.986346, 0.00300705
-0.986535, 0.00296605
-0.986721, 0.00292561
-0.986905, 0.00288572
-0.987086, 0.00284636
-0.987264, 0.00280754
-0.98744, 0.00276923
-0.987614, 0.00273145
-0.987785, 0.00269418
-0.987954, 0.00265741
-0.988121, 0.00262114
-0.988285, 0.00258536
-0.988447, 0.00255007
-0.988607, 0.00251525
-0.988764, 0.00248091
-0.98892, 0.00244703
-0.989073, 0.00241361
-0.989224, 0.00238064
-0.989373, 0.00234812
-0.98952, 0.00231604
-0.989665, 0.0022844
-0.989808, 0.00225319
-0.989949, 0.0022224
-0.990088, 0.00219202
-0.990225, 0.00216207
-0.99036, 0.00213251
-0.990493, 0.00210336
-0.990625, 0.00207461
-0.990754, 0.00204625
-0.990882, 0.00201827
-0.991008, 0.00199067
-0.991132, 0.00196345
-0.991255, 0.0019366
-0.991376, 0.00191011
-0.991495, 0.00188399
-0.991613, 0.00185822
-0.991729, 0.0018328
-0.991843, 0.00180773
-0.991956, 0.001783
-0.992067, 0.00175861
-0.992177, 0.00173455
-0.992285, 0.00171082
-0.992391, 0.00168741
-0.992497, 0.00166432
-0.9926, 0.00164154
-0.992703, 0.00161908
-0.992803, 0.00159692
-0.992903, 0.00157507
-0.993001, 0.00155351
-0.993098, 0.00153225
-0.993193, 0.00151128
-0.993287, 0.00149059
-0.99338, 0.00147019
-0.993471, 0.00145007
-0.993562, 0.00143022
-0.99365, 0.00141064
-0.993738, 0.00139133
-0.993825, 0.00137228
-0.99391, 0.0013535
-0.993994, 0.00133497
-0.994077, 0.00131669
-0.994159, 0.00129866
-0.99424, 0.00128088
-0.994319, 0.00126335
-0.994398, 0.00124605
-0.994475, 0.00122899
-0.994551, 0.00121216
-0.994627, 0.00119556
-0.994701, 0.00117919
-0.994774, 0.00116304
-0.994846, 0.00114712
-0.994917, 0.00113141
-0.994987, 0.00111592
-0.995057, 0.00110064
-0.995125, 0.00108557
-0.995192, 0.0010707
-0.995259, 0.00105604
-0.995324, 0.00104158
-0.995389, 0.00102731
-0.995452, 0.00101325
-0.995515, 0.000999372
-0.995577, 0.000985688
-0.995638, 0.000972189
-0.995698, 0.000958879
-0.995758, 0.00094575
-0.995816, 0.000932801
-0.995874, 0.000920029
-0.995931, 0.000907431
-0.995987, 0.000895006
-0.996042, 0.000882751
-0.996097, 0.000870663
-0.996151, 0.000858741
-0.996204, 0.000846982
-0.996256, 0.000835385
-0.996308, 0.000823946
-0.996359, 0.000812664
-0.996409, 0.000801536
-0.996459, 0.000790561
-0.996507, 0.000779736
-0.996556, 0.000769059
-0.996603, 0.000758529
-0.99665, 0.000748143
-0.996696, 0.0007379
-0.996742, 0.000727797
-0.996787, 0.000717832
-0.996831, 0.000708004
-0.996875, 0.000698311
-0.996918, 0.00068875
-0.99696, 0.000679321
-0.997002, 0.000670021
-0.997043, 0.000660848
-0.997084, 0.000651801
-0.997124, 0.000642879
-0.997164, 0.000634078
-0.997203, 0.000625398
-0.997242, 0.000616837
-0.99728, 0.000608393
-0.997317, 0.000600066
-0.997354, 0.000591852
-0.997391, 0.000583751
-0.997427, 0.000575761
-0.997462, 0.000567881
-0.997497, 0.000560109
-0.997531, 0.000552443
-0.997565, 0.000544882
-0.997599, 0.000537425
-0.997632, 0.00053007
-0.997665, 0.000522817
-0.997697, 0.000515662
-0.997729, 0.000508606
-0.99776, 0.000501646
-0.997791, 0.000494782
-0.997821, 0.000488012
-0.997851, 0.000481335
-0.997881, 0.000474749
-0.99791, 0.000468254
-0.997939, 0.000461847
-0.997967, 0.000455529
-0.997995, 0.000449297
-0.998023, 0.000443151
-0.99805, 0.000437089
-0.998077, 0.00043111
-0.998103, 0.000425213
-0.998129, 0.000419397
-0.998155, 0.00041366
-0.99818, 0.000408002
-0.998205, 0.000402422
-0.99823, 0.000396919
-0.998254, 0.000391491
-0.998278, 0.000386137
-0.998302, 0.000380856
-0.998326, 0.000375649
-0.998349, 0.000370512
-0.998371, 0.000365446
-0.998394, 0.000360449
-0.998416, 0.000355521
-0.998438, 0.000350661
-0.998459, 0.000345867
-0.99848, 0.000341139
-0.998501, 0.000336475
-0.998522, 0.000331876
-0.998542, 0.00032734
-0.998562, 0.000322865
-0.998582, 0.000318452
-0.998601, 0.0003141
-0.998621, 0.000309807
-0.99864, 0.000305574
-0.998658, 0.000301398
-0.998677, 0.000297279
-0.998695, 0.000293217
-0.998713, 0.000289211
-0.998731, 0.000285259
-0.998748, 0.000281362
-0.998765, 0.000277517
-0.998782, 0.000273726
-0.998799, 0.000269986
-0.998815, 0.000266298
-0.998832, 0.000262661
-0.998848, 0.000259073
-0.998864, 0.000255534
-0.998879, 0.000252044
-0.998895, 0.000248602
-0.99891, 0.000245207
-0.998925, 0.000241858
-0.998939, 0.000238555
-0.998954, 0.000235298
-0.998968, 0.000232085
-0.998983, 0.000228916
-0.998997, 0.00022579
-0.99901, 0.000222708
-0.999024, 0.000219667
-0.999037, 0.000216669
-0.999051, 0.000213711
-0.999064, 0.000210793
-0.999076, 0.000207916
-0.999089, 0.000205078
-0.999102, 0.000202279
-0.999114, 0.000199518
-0.999126, 0.000196795
-0.999138, 0.000194109
-0.99915, 0.00019146
-0.999162, 0.000188848
-0.999173, 0.000186271
-0.999184, 0.000183729
-0.999196, 0.000181222
-0.999207, 0.000178749
-0.999218, 0.000176311
-0.999228, 0.000173905
-0.999239, 0.000171533
-0.999249, 0.000169193
-0.99926, 0.000166885
-0.99927, 0.000164609
-0.99928, 0.000162363
-0.99929, 0.000160149
-0.999299, 0.000157965
-0.999309, 0.00015581
-0.999318, 0.000153685
-0.999328, 0.000151589
-0.999337, 0.000149523
-0.999346, 0.000147484
-0.999355, 0.000145473
-0.999364, 0.000143489
-0.999373, 0.000141533
-0.999381, 0.000139603
-0.99939, 0.0001377
-0.999398, 0.000135823
-0.999406, 0.000133971
-0.999414, 0.000132144
-0.999422, 0.000130343
-0.99943, 0.000128566
-0.999438, 0.000126814
-0.999446, 0.000125085
-0.999454, 0.00012338
-0.999461, 0.000121699
-0.999468, 0.00012004
-0.999476, 0.000118404
-0.999483, 0.00011679
-0.99949, 0.000115198
-0.999497, 0.000113628
-0.999504, 0.00011208
-0.999511, 0.000110552
-0.999517, 0.000109046
-0.999524, 0.00010756
-0.99953, 0.000106095
-0.999537, 0.000104649
-0.999543, 0.000103223
-0.999549, 0.000101817
-0.999556, 0.00010043
-0.999562, 9.9061e-05
-0.999568, 9.77113e-05
-0.999574, 9.63802e-05
-0.999579, 9.50674e-05
-0.999585, 9.37723e-05
-0.999591, 9.2495e-05
-0.999597, 9.1235e-05
-0.999602, 8.99922e-05
-0.999607, 8.87664e-05
-0.999613, 8.75573e-05
-0.999618, 8.63644e-05
-0.999623, 8.51882e-05
-0.999629, 8.40279e-05
-0.999634, 8.28832e-05
-0.999639, 8.17542e-05
-0.999644, 8.06408e-05
-0.999648, 7.95425e-05
-0.999653, 7.84591e-05
-0.999658, 7.73904e-05
-0.999663, 7.63364e-05
-0.999667, 7.52966e-05
-0.999672, 7.42713e-05
-0.999676, 7.32598e-05
-0.999681, 7.22622e-05
-0.999685, 7.12782e-05
-0.999689, 7.03077e-05
-0.999694, 6.93504e-05
-0.999698, 6.84062e-05
-0.999702, 6.74747e-05
-0.999706, 6.65561e-05
-0.99971, 6.56498e-05
-0.999714, 6.47559e-05
-0.999718, 6.38743e-05
-0.999722, 6.30049e-05
-0.999726, 6.21471e-05
-0.999729, 6.13009e-05
-0.999733, 6.04665e-05
-0.999737, 5.96434e-05
-0.99974, 5.88315e-05
-0.999744, 5.80309e-05
-0.999747, 5.72411e-05
-0.999751, 5.64619e-05
-0.999754, 5.56935e-05
-0.999758, 5.49354e-05
-0.999761, 5.41877e-05
-0.999764, 5.34503e-05
-0.999767, 5.2723e-05
-0.999771, 5.20055e-05
-0.999774, 5.12977e-05
-0.999777, 5.05997e-05
-0.99978, 4.99112e-05
-0.999783, 4.92322e-05
-0.999786, 4.85625e-05
-0.999789, 4.79019e-05
-0.999792, 4.72501e-05
-0.999794, 4.66074e-05
-0.999797, 4.59734e-05
-0.9998, 4.5348e-05
-0.999803, 4.47311e-05
-0.999805, 4.41226e-05
-0.999808, 4.35224e-05
-0.999811, 4.29305e-05
-0.999813, 4.23467e-05
-0.999816, 4.17708e-05
-0.999818, 4.12028e-05
-0.999821, 4.06425e-05
-0.999823, 4.00897e-05
-0.999826, 3.95446e-05
-0.999828, 3.90069e-05
-0.99983, 3.84766e-05
-0.999833, 3.79534e-05
-0.999835, 3.74374e-05
-0.999837, 3.69285e-05
-0.99984, 3.64266e-05
-0.999842, 3.59315e-05
-0.999844, 3.54431e-05
-0.999846, 3.49614e-05
-0.999848, 3.44862e-05
-0.99985, 3.40175e-05
-0.999852, 3.35552e-05
-0.999854, 3.30992e-05
-0.999856, 3.26495e-05
-0.999858, 3.22059e-05
-0.99986, 3.17684e-05
-0.999862, 3.13368e-05
-0.999864, 3.09111e-05
-0.999866, 3.04913e-05
-0.999868, 3.00772e-05
-0.999869, 2.96687e-05
-0.999871, 2.92658e-05
-0.999873, 2.88684e-05
-0.999875, 2.84763e-05
-0.999876, 2.80897e-05
-0.999878, 2.77082e-05
-0.99988, 2.7332e-05
-0.999881, 2.69611e-05
-0.999883, 2.6595e-05
-0.999885, 2.6234e-05
-0.999886, 2.58779e-05
-0.999888, 2.55267e-05
-0.999889, 2.518e-05
-0.999891, 2.48383e-05
-0.999892, 2.45011e-05
-0.999894, 2.41686e-05
-0.999895, 2.38406e-05
-0.999897, 2.35171e-05
-0.999898, 2.3198e-05
-0.999899, 2.28833e-05
-0.999901, 2.25729e-05
-0.999902, 2.22667e-05
-0.999903, 2.19646e-05
-0.999905, 2.16667e-05
-0.999906, 2.13728e-05
-0.999907, 2.10829e-05
-0.999909, 2.0797e-05
-0.99991, 2.05149e-05
-0.999911, 2.02367e-05
-0.999912, 1.99623e-05
-0.999913, 1.96916e-05
-0.999915, 1.94247e-05
-0.999916, 1.91614e-05
-0.999917, 1.89017e-05
-0.999918, 1.86455e-05
-0.999919, 1.83928e-05
-0.99992, 1.81435e-05
-0.999921, 1.78977e-05
-0.999922, 1.76552e-05
-0.999924, 1.74159e-05
-0.999925, 1.718e-05
-0.999926, 1.69473e-05
-0.999927, 1.67177e-05
-0.999928, 1.64912e-05
-0.999929, 1.62678e-05
-0.99993, 1.60475e-05
-0.999931, 1.583e-05
-0.999931, 1.56157e-05
-0.999932, 1.54042e-05
-0.999933, 1.51955e-05
-0.999934, 1.49898e-05
-0.999935, 1.47868e-05
-0.999936, 1.45865e-05
-0.999937, 1.43889e-05
-0.999938, 1.41941e-05
-0.999939, 1.40019e-05
-0.999939, 1.38124e-05
-0.99994, 1.36254e-05
-0.999941, 1.3441e-05
-0.999942, 1.3259e-05
-0.999943, 1.30795e-05
-0.999943, 1.29025e-05
-0.999944, 1.27279e-05
-0.999945, 1.25556e-05
-0.999946, 1.23856e-05
-0.999946, 1.2218e-05
-0.999947, 1.20526e-05
-0.999948, 1.18895e-05
-0.999949, 1.17286e-05
-0.999949, 1.15699e-05
-0.99995, 1.14134e-05
-0.999951, 1.1259e-05
-0.999951, 1.11066e-05
-0.999952, 1.09563e-05
-0.999953, 1.0808e-05
-0.999953, 1.06618e-05
-0.999954, 1.05176e-05
-0.999955, 1.03753e-05
-0.999955, 1.0235e-05
-0.999956, 1.00965e-05
-0.999956, 9.95993e-06
-0.999957, 9.82525e-06
-0.999958, 9.69244e-06
-0.999958, 9.5614e-06
-0.999959, 9.4321e-06
-0.999959, 9.30453e-06
-0.99996, 9.17868e-06
-0.99996, 9.05458e-06
-0.999961, 8.93209e-06
-0.999961, 8.81132e-06
-0.999962, 8.69211e-06
-0.999963, 8.57457e-06
-0.999963, 8.45864e-06
-0.999964, 8.34425e-06
-0.999964, 8.23144e-06
-0.999965, 8.12013e-06
-0.999965, 8.01031e-06
-0.999965, 7.90199e-06
-0.999966, 7.79517e-06
-0.999966, 7.68976e-06
-0.999967, 7.58577e-06
-0.999967, 7.48321e-06
-0.999968, 7.38209e-06
-0.999968, 7.28231e-06
-0.999969, 7.18388e-06
-0.999969, 7.08678e-06
-0.999969, 6.991e-06
-0.99997, 6.89648e-06
-0.99997, 6.80327e-06
-0.999971, 6.71139e-06
-0.999971, 6.62069e-06
-0.999971, 6.53125e-06
-0.999972, 6.44301e-06
-0.999972, 6.35595e-06
-0.999973, 6.27005e-06
-0.999973, 6.18536e-06
-0.999973, 6.10183e-06
-0.999974, 6.0194e-06
-0.999974, 5.93807e-06
-0.999974, 5.85783e-06
-0.999975, 5.77871e-06
-0.999975, 5.70072e-06
-0.999975, 5.62372e-06
-0.999976, 5.54781e-06
-0.999976, 5.47285e-06
-0.999976, 5.39898e-06
-0.999977, 5.326e-06
-0.999977, 5.25412e-06
-0.999977, 5.18317e-06
-0.999978, 5.11322e-06
-0.999978, 5.04419e-06
-0.999978, 4.97616e-06
-0.999979, 4.90901e-06
-0.999979, 4.84279e-06
-0.999979, 4.77741e-06
-0.999979, 4.71295e-06
-0.99998, 4.64932e-06
-0.99998, 4.58653e-06
-0.99998, 4.52467e-06
-0.999981, 4.46371e-06
-0.999981, 4.40354e-06
-0.999981, 4.3441e-06
-0.999981, 4.28549e-06
-0.999982, 4.22773e-06
-0.999982, 4.17077e-06
-0.999982, 4.11446e-06
-0.999982, 4.05903e-06
-0.999983, 4.0043e-06
-0.999983, 3.95027e-06
-0.999983, 3.89696e-06
-0.999983, 3.84444e-06
-0.999984, 3.79257e-06
-0.999984, 3.74141e-06
-0.999984, 3.6909e-06
-0.999984, 3.64116e-06
-0.999984, 3.59197e-06
-0.999985, 3.54356e-06
-0.999985, 3.49571e-06
-0.999985, 3.44856e-06
-0.999985, 3.40217e-06
-0.999985, 3.35625e-06
-0.999986, 3.31106e-06
-0.999986, 3.26655e-06
-0.999986, 3.22251e-06
-0.999986, 3.17917e-06
-0.999986, 3.13628e-06
-0.999987, 3.0941e-06
-0.999987, 3.05247e-06
-0.999987, 3.0114e-06
-0.999987, 2.97081e-06
-0.999987, 2.93084e-06
-0.999987, 2.89136e-06
-0.999988, 2.85243e-06
-0.999988, 2.81409e-06
-0.999988, 2.7762e-06
-0.999988, 2.73888e-06
-0.999988, 2.70194e-06
-0.999988, 2.66552e-06
-0.999989, 2.62964e-06
-0.999989, 2.59421e-06
-0.999989, 2.55929e-06
-0.999989, 2.52481e-06
-0.999989, 2.4907e-06
-0.999989, 2.45711e-06
-0.99999, 2.42411e-06
-0.99999, 2.39142e-06
-0.99999, 2.35926e-06
-0.99999, 2.3274e-06
-0.99999, 2.29613e-06
-0.99999, 2.26525e-06
-0.99999, 2.23473e-06
-0.99999, 2.20474e-06
-0.999991, 2.17496e-06
-0.999991, 2.14574e-06
-0.999991, 2.11688e-06
-0.999991, 2.08845e-06
-0.999991, 2.06027e-06
-0.999991, 2.0326e-06
-0.999991, 2.00524e-06
-0.999991, 1.97824e-06
-0.999992, 1.9516e-06
-0.999992, 1.92528e-06
-0.999992, 1.8995e-06
-0.999992, 1.87379e-06
-0.999992, 1.84871e-06
-0.999992, 1.82364e-06
-0.999992, 1.79916e-06
-0.999992, 1.77515e-06
-0.999992, 1.75131e-06
-0.999993, 1.72792e-06
-0.999993, 1.70467e-06
-0.999993, 1.68169e-06
-0.999993, 1.65909e-06
-0.999993, 1.63669e-06
-0.999993, 1.6147e-06
-0.999993, 1.593e-06
-0.999993, 1.5717e-06
-0.999993, 1.55058e-06
-0.999993, 1.52964e-06
-0.999994, 1.509e-06
-0.999994, 1.48881e-06
-0.999994, 1.46873e-06
-0.999994, 1.44902e-06
-0.999994, 1.42935e-06
-0.999994, 1.41015e-06
-0.999994, 1.39117e-06
-0.999994, 1.37232e-06
-0.999994, 1.35408e-06
-0.999994, 1.33542e-06
-0.999994, 1.31755e-06
-0.999994, 1.29969e-06
