0, 0
6.71537e-05, 0
0.000268676, 0
0.000604504, 0
0.00107457, 0
0.00167875, 0
0.00241685, 0
0.00328863, 0
0.00429381, 0
0.00543204, 0
0.0067029, 0
0.00810595, 0
0.00964069, 0
0.0113066, 0
0.0131029, 0
0.0150292, 0
0.0170847, 0
0.0192685, 0
0.0215799, 0
0.024018, 0
0.026582, 0
0.0292708, 0
0.0320835, 0
0.035019, 0
0.0380764, 0
0.0412543, 0
0.0445516, 0
0.0479672, 0
0.0514997, 0
0.0551478, 0
0.0589104, 0
0.0627858, 0
0.0667728, 0
0.0708697, 0
0.0750754, 0
0.079388, 0
0.0838062, 0
0.0883283, 0
0.0929527, 0
0.0976778, 0
0.102502, 0
0.107423, 0
0.11244, 0
0.117551, 0
0.122753, 0
0.128046, 0
0.133428, 0
0.138896, 0
0.144448, 0
0.150084, 0
0.1558, 0
0.161596, 0
0.167468, 0
0.173416, 0
0.179437, 0
0.185529, 0
0.191691, 0
0.19792, 0
0.204214, 0
0.210572, 0
0.216991, 0
0.22347, 0
0.230006, 0
0.236598, 0
0.243243, 0
0.249939, 0
0.256685, 0
0.263479, 0
0.270318, 0
0.2772, 0
0.284125, 0
0.291089, 0
0.29809, 0
0.305128, 0
0.312199, 0
0.319302, 0
0.326435, 0
0.333597, 0
0.340785, 0
0.347997, 0
0.355231, 0
0.362487, 0
0.369762, 0
0.377053, 0
0.38436, 0
0.39168, 0
0.399014, 0
0.406357, 0
0.413708, 0
0.421066, 0
0.42843, 0
0.435797, 0
0.443166, 0
0.450535, 0
0.457903, 0
0.46527, 0
0.472631, 0
0.479987, 0
0.487336, 0
0.494676, 0
0.502008, 0
0.509327, 0
0.516633, 0
0.523926, 0
0.531203, 0
0.538464, 0
0.545709, 0
0.552934, 0
0.560138, 0
0.56732, 0
0.574481, 0
0.581618, 0
0.588731, 0
0.59582, 0
0.60288, 0
0.609913, 0
0.616917, 0
0.623892, 0
0.630836, 0
0.637752, 0
0.644633, 0
0.651481, 0
0.658296, 0
0.665076, 0
0.67182, 0
0.678529, 0
0.685204, 0
0.691839, 0
0.698436, 0
0.704995, 0
0.711514, 0
0.717993, 0
0.724433, 0
0.730831, 0
0.73719, 0
0.743508, 0
0.749781, 0
0.756012, 0
0.7622, 0
0.768345, 0
0.774446, 0
0.780503, 0
0.786516, 0
0.792486, 0
0.798411, 0
0.804289, 0
0.810122, 0
0.815909, 0
0.821651, 0
0.827347, 0
0.832996, 0
0.8386, 0
0.844159, 0
0.849673, 0
0.855137, 0
0.860555, 0
0.865926, 0
0.871251, 0
0.876529, 0
0.881761, 0
0.886946, 0
0.892085, 0
0.89718, 0
0.902228, 0
0.907228, 0
0.912181, 0
0.917088, 0
0.92195, 0
0.926765, 0
0.931534, 0
0.936258, 0
0.940937, 0
0.94557, 0
0.950162, 0
0.954709, 0
0.959208, 0
0.963662, 0
0.968073, 0
0.972439, 0
0.976762, 0
0.981041, 0
0.985277, 0
0.98947, 0
0.99362, 0
0.997728, 0
1.00179, 0
1.00583, 0
1.00981, 0
1.01375, 0
1.01765, 0
1.02151, 0
1.02533, 0
1.02911, 0
1.03285, 0
1.03655, 0
1.04022, 0
1.04384, 0
1.04743, 0
1.05098, 0
1.05449, 0
1.05796, 0
1.06141, 0
1.06481, 0
1.06817, 0
1.0715, 0
1.0748, 0
1.07806, 0
1.08128, 0
1.08447, 0
1.08763, 0
1.09075, 0
1.09385, 0
1.0969, 0
1.09993, 0
1.10293, 0
1.1059, 0
1.10883, 0
1.11174, 0
1.11461, 0
1.11745, 0
1.12027, 0
1.12305, 0
1.12581, 0
1.12853, 0
1.13123, 0
1.13391, 0
1.13655, 0
1.13917, 0
1.14177, 0
1.14433, 0
1.14687, 0
1.14939, 0
1.1519, 0
1.15437, 0
1.15681, 0
1.15923, 0
1.16163, 0
1.164, 0
1.16636, 0
1.16869, 0
1.171, 0
1.17329, 0
1.17555, 0
1.1778, 0
1.18002, 0
1.18223, 0
1.18442, 0
1.18659, 0
1.18874, 0
1.19087, 0
1.19298, 0
1.19507, 0
1.19715, 0
1.19921, 0
1.20126, 0
1.20329, 0
1.2053, 0
1.20731, 0
1.20929, 0
1.21126, 0
1.21321, 0
1.21515, 0
1.21707, 0
1.21898, 0
1.22088, 0
1.22276, 0
1.22463, 0
1.22648, 0
1.22833, 0
1.23016, 0
1.23198, 0
1.23379, 0
1.23559, 0
1.23738, 0
1.23916, 0
1.24092, 0
1.24268, 0
1.24443, 0
1.24617, 0
1.2479, 0
1.24961, 0
1.25133, 0
1.25303, 0
1.25472, 0
1.25641, 0
1.25809, 0
1.25976, 0
1.26142, 0
1.26308, 0
1.26473, 0
1.26638, 0
1.26801, 0
1.26966, 0
1.27129, 0
1.27291, 0
1.27453, 0
1.27614, 0
1.27774, 0
1.27934, 0
1.28094, 0
1.28253, 0
1.28411, 0
1.2857, 0
1.28728, 0
1.28885, 0
1.29042, 0
1.29199, 0
1.29355, 0
1.29512, 0
1.29668, 0
1.29823, 0
1.29979, 0
1.30134, 0
1.30289, 0
1.30444, 0
1.30598, 0
1.30753, 0
1.30907, 0
1.31061, 0
1.31215, 0
1.31369, 0
1.31523, 0
1.31677, 0
1.31831, 0
1.31984, 0
1.32138, 0
1.32292, 0
1.32445, 0
1.32599, 0
1.32752, 0
1.32906, 0
1.3306, 0
1.33214, 0
1.33367, 0
1.33521, 0
1.33675, 0
1.33829, 0
1.33983, 0
1.34137, 0
1.34292, 0
1.34446, 0
1.34601, 0
1.34756, 0
1.3491, 0
1.35065, 0
1.35221, 0
1.35376, 0
1.35532, 0
1.35688, 0
1.35844, 0
1.36, 0
1.36156, 0
1.36313, 0
1.3647, 0
1.36627, 0
1.36784, 0
1.36942, 0
1.371, 0
1.37258, 0
1.37416, 0
1.37575, 0
1.37734, 0
1.37893, 0
1.38053, 0
1.38212, 0
1.38373, 0
1.38533, 0
1.38694, 0
1.38855, 0
1.39016, 0
1.39178, 0
1.3934, 0
1.39502, 0
1.39665, 0
1.39828, 0
1.39991, 0
1.40155, 0
1.40319, 0
1.40483, 0
1.40648, 0
1.40813, 0
1.40978, 0
1.41144, 0
1.4131, 0
1.41479, 0
1.41648, 0
1.41815, 0
1.41983, 0
1.42151, 0
1.42319, 0
1.42487, 0
1.42656, 0
1.42826, 0
1.42995, 0
1.43165, 0
1.43336, 0
1.43506, 0
1.43678, 0
1.43849, 0
1.44021, 0
1.44193, 0
1.46625, 0
1.4766, 0
1.4871, 0
1.49766, 0
1.5084, 0
1.51927, 0
1.53025, 0
1.54135, 0
1.55255, 0
1.56384, 0
1.57522, 0
1.58669, 0
1.59822, 0
1.60981, 0
1.62145, 0
1.63313, 0
1.64485, 0
1.65658, 0
1.66832, 0
1.68007, 0
1.6918, 0
1.70351, 0
1.71519, 0
1.72683, 0
1.73842, 0
1.74995, 0
1.76141, 0
1.77278, 0
1.78407, 0
1.79525, 0
1.80633, 0
1.81729, 0
1.82812, 0
1.83881, 0
1.84937, 0
1.85977, 0
1.87001, 0
1.88009, 0
1.88999, 0
1.8997, 0
1.90923, 0
1.91857, 0
1.9277, 0
1.93662, 0
1.94533, 0
1.95382, 0
1.96208, 0
1.97011, 0
1.97791, 0
1.98546, 0
1.99277, 0
1.99983, 0
2.00663, 0
2.01318, 0
2.01946, 0
2.02548, 0
2.03124, 0
2.03672, 0
2.04192, 0
2.04685, 0
2.0515, 0
2.05587, 0
2.05996, 0
2.06376, 0
2.06728, 0
2.07051, 0
2.07345, 0
2.0761, 0
2.07847, 0
2.08054, 0
2.08233, 0
2.08382, 0
2.08503, 0
2.08594, 0
2.08657, 0
2.08691, 0
2.08696, 0
2.08673, 0
2.08621, 0
2.08541, 0
2.08433, 0
2.08297, 0
2.08133, 0
2.07941, 0
2.07723, 0
2.07477, 0
2.07204, 0
2.06905, 0
2.06579, 0
2.06228, 0
2.05851, 0
2.05448, 0
2.0502, 0
2.04568, 0
2.04091, 0
2.03591, 0
2.03066, 0
2.02518, 0
2.01948, 0
2.01355, 0
2.01328, 0
2.00232, 0
1.99076, 0
1.97865, 0
1.96599, 0
1.95281, 0
1.93913, 0
1.92497, 0
1.91036, 0
1.8953, 0
1.87982, 0
1.86395, 0
1.8477, 0
1.83109, 0
1.81415, 0
1.79689, 0
1.77934, 0
1.76151, 0
1.74342, 0
1.7251, 0
1.70655, 0
1.68781, 0
1.66889, 0
1.6498, 0
1.63057, 0
1.6112, 0
1.59173, 0
1.57215, 0
1.5525, 0
1.53278, 0
1.51301, 0
1.4932, 0
1.47337, 0
1.45353, 0
1.43369, 0
1.41386, 0
1.39407, 0
1.37431, 0
1.3546, 0
1.33495, 0
1.31537, 0
1.29587, 0
1.27646, 0
1.25715, 0
1.23794, 0
1.21885, 0
1.19988, 0
1.18103, 0
1.16232, 0
1.14376, 0
1.12533, 0
1.10706, 0
1.08895, 0
1.071, 0
1.05322, 0
1.03561, 0
1.01817, 0
1.00091, 0
0.983838, 0
0.966946, 0
0.950242, 0
0.933727, 0
0.917404, 0
0.901275, 0
0.885341, 0
0.869604, 0
0.854065, 0
0.838726, 0
0.823587, 0
0.808648, 0
0.793911, 0
0.779375, 0
0.765041, 0
0.750909, 0
0.736978, 0
0.723248, 0
0.709719, 0
0.69639, 0
0.683261, 0
0.67033, 0
0.657596, 0
0.64506, 0
0.632719, 0
0.620573, 0
0.608619, 0
0.596857, 0
0.585286, 0
0.573903, 0
0.562708, 0
0.551698, 0
0.540872, 0
0.530229, 0
0.519765, 0
0.50948, 0
0.499372, 0
0.489439, 0
0.479678, 0
0.470088, 0
0.460667, 0
0.451413, 0
0.43344, 0
0.390906, 0
0.352195, 0
0.317032, 0
0.285149, 0
0.256283, 0
0.230187, 0
0.206624, 0
0.185373, 0
0.166227, 0
0.148993, 0
0.133493, 0
0.119563, 0
0.107053, 0
0.0958258, 0
0.0857542, 0
0.0767241, 0
0.0686321, 0
0.0613826, 0
0.0548915, 0
0.0490803, 0
0.0438795, 0
0.0392264, 0
0.0350645, 0
0.0313419, 0
0.0280133, 0
0.0250373, 0
0.0223768, 0
0.0199985, 0
0.0178728, 0
0.0159731, 0
0.0142753, 0
0.0127585, 0
0.011403, 0
0.0101912, 0
0.00910868, 0
0.00814157, 0
0.00727786, 0
0.00650534, 0
0.00581545, 0
0.00519916, 0
0.00464687, 0
0.0041553, 0
0.00371413, 0
0.00332085, 0
0.00297015, 0
0.00265481, 0
0.002375, 0
0.00212265, 0
0.00189827, 0
0.00169752, 0
0.00151814, 0
0.00135768, 0
0.00121518, 0
0.00108665, 0
0.000971775, 0
0.000869138, 0
0.00077594, 0
0.000694728, 0
0.000622217, 0
0.000555773, 0
0.000497075, 0
0.000444579, 0
0.000398443, 0
0.000354754, 0
0.000319008, 0
0.000284225, 0
0.000255268, 0
0.000228001, 0
0.000204016, 0
0.000182377, 0
0.00016285, 0
0.000145817, 0
0.000130526, 0
0.00011653, 0
0.00010392, 0
9.31275e-05, 0
8.3267e-05, 0
7.4205e-05, 0
6.6586e-05, 0
5.97486e-05, 0
5.31815e-05, 0
4.72759e-05, 0
4.25243e-05, 0
3.80312e-05, 0
3.39974e-05, 0
3.03826e-05, 0
2.68589e-05, 0
2.43225e-05, 0
2.14242e-05, 0
1.91579e-05, 0
1.713e-05, 0
1.53157e-05, 0
1.36926e-05, 0
1.22407e-05, 0
1.0942e-05, 0
9.78026e-06, 0
8.74135e-06, 0
7.81224e-06, 0
6.9814e-06, 0
6.23845e-06, 0
5.57419e-06, 0
4.98028e-06, 0
4.4494e-06, 0
3.97485e-06, 0
3.55058e-06, 0
3.17146e-06, 0
2.83254e-06, 0
2.52974e-06, 0
2.25911e-06, 0
2.01731e-06, 0
1.80134e-06, 0
1.60825e-06, 0
1.43584e-06, 0
1.28183e-06, 0
1.14427e-06, 0
1.02137e-06, 0
9.11611e-07, 0
8.13611e-07, 0
7.26087e-07, 0
6.4793e-07, 0
5.78206e-07, 0
5.15906e-07, 0
4.60312e-07, 0
4.10642e-07, 0
3.66312e-07, 0
3.26824e-07, 0
2.91478e-07, 0
2.60005e-07, 0
2.31882e-07, 0
2.06744e-07, 0
1.8446e-07, 0
1.64481e-07, 0
1.4654e-07, 0
1.30753e-07, 0
1.16666e-07, 0
1.03787e-07, 0
9.27072e-08, 0
8.25784e-08, 0
7.36223e-08, 0
6.56188e-08, 0
5.83987e-08, 0
5.22085e-08, 0
4.64359e-08, 0
4.14019e-08, 0
3.68191e-08, 0
3.28019e-08, 0
2.93238e-08, 0
2.61348e-08, 0
2.32098e-08, 0
2.06479e-08, 0
1.85114e-08, 0
1.63351e-08, 0
1.46788e-08, 0
1.29815e-08, 0
1.16521e-08, 0
1.02805e-08, 0
9.2404e-09, 0
8.21723e-09, 0
7.24754e-09, 0
6.49936e-09, 0
5.83484e-09, 0
5.12871e-09, 0
4.56486e-09, 0
4.06384e-09, 0
3.77379e-09, 0
3.17781e-09, 0
2.82913e-09, 0
2.59452e-09, 0
2.31095e-09, 0
2.02656e-09, 0
1.82127e-09, 0
1.60679e-09, 0
1.39312e-09, 0
1.26247e-09, 0
1.13957e-09, 0
1.07695e-09, 0
8.28367e-10, 0
8.25335e-10, 0
7.2542e-10, 0
5.74779e-10, 0
5.58106e-10, 0
5.57624e-10, 0
4.51223e-10, 0
2.52923e-10, 0
5.61387e-10, 0
1.3158e-10, 0
3.98225e-10, 0
2.38707e-10, 0
1.35081e-10, 0
2.7844e-10, 0
4.78053e-11, 0
2.16982e-10, 0
6.68705e-11, 0
1.77805e-10, 0
8.6569e-11, 0
1.62136e-10, 0
5.65987e-11, 0
1.90251e-11, 0
1.40687e-10, 0
2.57931e-11, 0
6.50191e-11, 0
1.24559e-10, 0
-3.30491e-11, 0
4.66488e-11, 0
8.73421e-11, 0
-6.09602e-11, 0
-3.41416e-11, 0
-3.44175e-11, 0
2.498e-10, 0
-2.23825e-10, 0
8.46043e-11, 0
-7.81707e-11, 0
1.43254e-11, 0
1.44385e-11, 0
-7.27596e-11, 0
4.39975e-11, 0
-5.17306e-11, 0
1.86187e-10, 0
-1.50102e-11, 0
-9.07554e-11, 0
9.90732e-11, 0
-1.76624e-10, 0
1.54756e-11, 0
1.7932e-10, 0
-1.33543e-10, 0
4.7488e-11, 0
7.97407e-12, 0
-4.82021e-11, 0
-2.42806e-11, 0
6.52287e-11, 0
1.64277e-11, 0
-1.65488e-11, 0
0, 0
-1.34337e-10, 0
1.69145e-11, 0
1.70373e-11, 0
1.20123e-10, 0
-8.64209e-11, 0
5.22249e-11, 0
-2.10394e-10, 0
1.76579e-10, 0
-5.335e-11, 0
-8.95461e-12, 0
-8.11601e-11, 0
1.63461e-10, 0
-7.31584e-11, 0
1.56547e-10, 0
-2.13272e-10, 0
3.73479e-11, 0
3.76059e-11, 0
1.32527e-10, 0
0, 0
-7.67706e-11, 0
-7.72937e-11, 0
6.80913e-11, 0
8.81385e-11, 0
-3.94369e-11, 0
-1.48883e-10, 0
4.996e-11, 0
4.02349e-11, 0
1.41759e-10, 0
-1.83471e-10, 0
0, 0
1.23934e-10, 0
-1.24748e-10, 0
8.37099e-11, 0
6.31921e-11, 0
-1.06005e-10, 0
-1.06692e-10, 0
2.57717e-10, 0
-1.6211e-10, 0
2.28412e-10, 0
-1.97034e-10, 0
-1.54227e-10, 0
1.33035e-10, 0
2.566e-10, 0
-1.90859e-10, 0
-2.93741e-10, 0
1.59162e-10, 0
3.43195e-11, 0
-3.45337e-11, 0
0, 0
-8.15827e-11, 0
-1.05541e-10, 0
2.12382e-10, 0
2.13687e-10, 0
-5.97211e-11, 0
-2.76395e-10, 0
2.41807e-10, 0
-2.31111e-10, 0
2.93696e-10, 0
-3.93957e-10, 0
2.10548e-10, 0
1.12135e-10, 0
-2.13078e-10, 0
1.8913e-10, 0
1.14153e-10, 0
-1.27588e-11, 0
-1.28342e-11, 0
-5.16391e-11, 0
-6.49281e-11, 0
2.61233e-11, 0
0, 0
-1.05715e-10, 0
6.64557e-11, 0
2.67362e-11, 0
-5.3781e-11, 0
-5.40905e-11, 0
0, 0
1.50459e-10, 0
-3.02634e-10, 0
2.62853e-10, 0
2.50432e-10, 0
-2.23865e-10, 0
1.54776e-10, 0
-2.97143e-10, 0
1.28062e-10, 0
-1.71704e-10, 0
3.30935e-10, 0
-3.18308e-10, 0
2.90976e-11, 0
-7.31465e-11, 0
2.5007e-10, 0
-1.47909e-10, 0
-2.97442e-11, 0
1.34581e-10, 0
-1.35316e-10, 0
3.02338e-11, 0
6.07958e-11, 0
1.2225e-10, 0
-1.84365e-10, 0
-1.54464e-10, 0
2.79528e-10, 0
-1.56125e-10, 0
1.41263e-10, 0
-2.36692e-10, 0
3.17266e-11, 0
2.23263e-10, 0
4.80949e-11, 0
-1.93393e-10, 0
-6.48033e-11, 0
-8.14288e-11, 0
1.30967e-10, 0
-6.58251e-11, 0
-3.30838e-11, 0
4.15692e-10, 0
-1.50424e-10, 0
-1.848e-10, 0
1.68865e-10, 0
-2.03678e-10, 0
2.55902e-10, 0
-3.42946e-10, 0
4.8257e-10, 0
-3.46445e-10, 0
1.39281e-10, 0
-2.62472e-10, 0
7.03455e-11, 0
1.76749e-11, 0
7.10543e-11, 0
4.2846e-10, 0
-3.94716e-10, 0
-1.8031e-11, 0
-7.24825e-11, 0
2.18525e-10, 0
-1.28103e-10, 0
0, 0
-2.21775e-10, 0
1.48575e-10, 0
2.05291e-10, 0
-2.8131e-10, 0
2.4499e-10, 0
-2.84054e-10, 0
1.90288e-11, 0
3.05933e-10, 0
-4.80327e-10, 0
8.10833e-10, 0
-1.93983e-10, 0
-2.33894e-10, 0
3.91687e-10, 0
-3.54199e-10, 0
1.5817e-10, 0
-5.95953e-11, 0
-1.99591e-10, 0
6.01602e-11, 0
-2.41775e-10, 0
2.42911e-10, 0
-3.86413e-10, 0
1.02163e-10, 0
3.69504e-10, 0
-8.24945e-11, 0
-3.5223e-10, 0
1.66524e-10, 0
1.46382e-10, 0
-2.10082e-10, 0
2.11049e-11, 0
7.42064e-10, 0
-3.62082e-10, 0
-3.63738e-10, 0
3.22409e-10, 0
