4.37284, 0
4.37281, 0
4.37271, 0
4.37254, 0
4.37231, 0
4.372, 0
4.37163, 0
4.3712, 0
4.37069, 0
4.37012, 0
4.36949, 0
4.36878, 0
4.36801, 0
4.36718, 0
4.36627, 0
4.36531, 0
4.36427, 0
4.36317, 0
4.362, 0
4.36077, 0
4.35948, 0
4.35811, 0
4.35669, 0
4.3552, 0
4.35364, 0
4.35203, 0
4.35034, 0
4.3486, 0
4.34679, 0
4.34492, 0
4.34299, 0
4.34099, 0
4.33894, 0
4.33682, 0
4.33464, 0
4.3324, 0
4.33011, 0
4.32775, 0
4.32533, 0
4.32286, 0
4.32032, 0
4.31773, 0
4.31508, 0
4.31238, 0
4.30962, 0
4.3068, 0
4.30392, 0
4.301, 0
4.29801, 0
4.29498, 0
4.29189, 0
4.28875, 0
4.28555, 0
4.28231, 0
4.27901, 0
4.27566, 0
4.27226, 0
4.26881, 0
4.26532, 0
4.26177, 0
4.25818, 0
4.25454, 0
4.25085, 0
4.24712, 0
4.24334, 0
4.23952, 0
4.23565, 0
4.23174, 0
4.22779, 0
4.22379, 0
4.21975, 0
4.21567, 0
4.21155, 0
4.20739, 0
4.20319, 0
4.19896, 0
4.19468, 0
4.19037, 0
4.18602, 0
4.18163, 0
4.17721, 0
4.17275, 0
4.16826, 0
4.16373, 0
4.15917, 0
4.15458, 0
4.14995, 0
4.1453, 0
4.14061, 0
4.1359, 0
4.13115, 0
4.12638, 0
4.12157, 0
4.11674, 0
4.11189, 0
4.107, 0
4.10209, 0
4.09715, 0
4.09219, 0
4.08721, 0
4.0822, 0
4.07717, 0
4.07212, 0
4.06704, 0
4.06194, 0
4.05682, 0
4.05169, 0
4.04653, 0
4.04135, 0
4.03616, 0
4.03094, 0
4.02571, 0
4.02046, 0
4.0152, 0
4.00992, 0
4.00462, 0
3.99931, 0
3.99399, 0
3.98865, 0
3.98329, 0
3.97793, 0
3.97255, 0
3.96716, 0
3.96176, 0
3.95635, 0
3.95092, 0
3.94549, 0
3.94005, 0
3.93459, 0
3.92913, 0
3.92366, 0
3.91819, 0
3.9127, 0
3.90721, 0
3.90171, 0
3.89621, 0
3.8907, 0
3.88518, 0
3.87966, 0
3.87414, 0
3.86861, 0
3.86307, 0
3.85754, 0
3.852, 0
3.84645, 0
3.84091, 0
3.83536, 0
3.82981, 0
3.82426, 0
3.81871, 0
3.81315, 0
3.8076, 0
3.80205, 0
3.79649, 0
3.79094, 0
3.78539, 0
3.77984, 0
3.77429, 0
3.76874, 0
3.76319, 0
3.75765, 0
3.7521, 0
3.74656, 0
3.74103, 0
3.73549, 0
3.72996, 0
3.72444, 0
3.71892, 0
3.7134, 0
3.70788, 0
3.70237, 0
3.69687, 0
3.69137, 0
3.68587, 0
3.68038, 0
3.6749, 0
3.66942, 0
3.66395, 0
3.65848, 0
3.65302, 0
3.64757, 0
3.64212, 0
3.63668, 0
3.63125, 0
3.62582, 0
3.6204, 0
3.61499, 0
3.60959, 0
3.60419, 0
3.5988, 0
3.59342, 0
3.58805, 0
3.58269, 0
3.57733, 0
3.57198, 0
3.56665, 0
3.56132, 0
3.55599, 0
3.55068, 0
3.54538, 0
3.54008, 0
3.5348, 0
3.52952, 0
3.52426, 0
3.519, 0
3.51375, 0
3.50851, 0
3.50328, 0
3.49807, 0
3.49286, 0
3.48766, 0
3.48247, 0
3.47729, 0
3.47212, 0
3.46696, 0
3.46181, 0
3.45667, 0
3.45155, 0
3.44643, 0
3.44132, 0
3.43622, 0
3.43114, 0
3.42606, 0
3.42099, 0
3.41594, 0
3.41089, 0
3.40586, 0
3.40084, 0
3.39582, 0
3.39082, 0
3.38583, 0
3.38085, 0
3.37588, 0
3.37092, 0
3.36597, 0
3.36103, 0
3.3561, 0
3.35119, 0
3.34628, 0
3.34138, 0
3.3365, 0
3.33163, 0
3.32676, 0
3.32191, 0
3.31707, 0
3.31224, 0
3.30742, 0
3.30261, 0
3.29781, 0
3.29302, 0
3.28824, 0
3.28348, 0
3.27872, 0
3.27398, 0
3.26924, 0
3.26452, 0
3.2598, 0
3.2551, 0
3.25041, 0
3.24573, 0
3.24106, 0
3.2364, 0
3.23174, 0
3.2271, 0
3.22247, 0
3.21786, 0
3.21325, 0
3.20865, 0
3.20406, 0
3.19948, 0
3.19491, 0
3.19036, 0
3.18581, 0
3.18127, 0
3.17674, 0
3.17223, 0
3.16772, 0
3.16322, 0
3.15873, 0
3.15425, 0
3.14979, 0
3.14533, 0
3.14088, 0
3.13644, 0
3.13201, 0
3.12759, 0
3.12318, 0
3.11878, 0
3.11439, 0
3.11001, 0
3.10564, 0
3.10128, 0
3.09693, 0
3.09258, 0
3.08825, 0
3.08392, 0
3.07961, 0
3.0753, 0
3.071, 0
3.06672, 0
3.06244, 0
3.05817, 0
3.0539, 0
3.04965, 0
3.04541, 0
3.04117, 0
3.03694, 0
3.03273, 0
3.02852, 0
3.02432, 0
3.02012, 0
3.01594, 0
3.01177, 0
3.0076, 0
3.00344, 0
2.99929, 0
2.99515, 0
2.99102, 0
2.98689, 0
2.98277, 0
2.97866, 0
2.97456, 0
2.97047, 0
2.96638, 0
2.96231, 0
2.95824, 0
2.95417, 0
2.95012, 0
2.94607, 0
2.94203, 0
2.938, 0
2.93398, 0
2.92996, 0
2.92595, 0
2.92195, 0
2.91796, 0
2.91397, 0
2.90999, 0
2.90602, 0
2.90206, 0
2.8981, 0
2.89415, 0
2.8902, 0
2.88627, 0
2.88234, 0
2.87841, 0
2.8745, 0
2.87059, 0
2.86669, 0
2.86279, 0
2.8589, 0
2.85502, 0
2.85114, 0
2.84727, 0
2.84341, 0
2.83956, 0
2.83571, 0
2.83186, 0
2.82802, 0
2.82419, 0
2.82037, 0
2.81655, 0
2.81274, 0
2.80893, 0
2.80513, 0
2.80134, 0
2.79755, 0
2.79377, 0
2.78999, 0
2.78622, 0
2.78246, 0
2.7787, 0
2.77495, 0
2.7712, 0
2.76746, 0
2.76372, 0
2.75999, 0
2.75627, 0
2.75255, 0
2.74883, 0
2.74512, 0
2.74142, 0
2.73772, 0
2.73403, 0
2.73035, 0
2.72666, 0
2.72299, 0
2.71932, 0
2.71565, 0
2.71199, 0
2.70833, 0
2.70468, 0
2.70103, 0
2.69739, 0
2.69376, 0
2.69013, 0
2.6865, 0
2.68288, 0
2.67926, 0
2.67565, 0
2.67204, 0
2.65039, 0
2.62881, 0
2.60738, 0
2.58611, 0
2.56499, 0
2.54402, 0
2.52318, 0
2.50247, 0
2.48189, 0
2.46143, 0
2.44109, 0
2.42086, 0
2.40075, 0
2.38074, 0
2.36083, 0
2.34103, 0
2.32132, 0
2.30171, 0
2.28219, 0
2.26276, 0
2.24342, 0
2.22416, 0
2.20499, 0
2.1859, 0
2.1669, 0
2.14797, 0
2.12913, 0
2.11036, 0
2.09168, 0
2.07306, 0
2.05453, 0
2.03608, 0
2.01769, 0
1.99939, 0
1.98116, 0
1.96301, 0
1.94493, 0
1.92693, 0
1.90901, 0
1.89116, 0
1.87339, 0
1.85569, 0
1.83808, 0
1.82054, 0
1.80308, 0
1.7857, 0
1.7684, 0
1.75117, 0
1.73403, 0
1.71697, 0
1.7, 0
1.6831, 0
1.66629, 0
1.64957, 0
1.63293, 0
1.61637, 0
1.5999, 0
1.58352, 0
1.56723, 0
1.55102, 0
1.53491, 0
1.51889, 0
1.50295, 0
1.48711, 0
1.47137, 0
1.45571, 0
1.44015, 0
1.42469, 0
1.40932, 0
1.39405, 0
1.37887, 0
1.3638, 0
1.34882, 0
1.33394, 0
1.31916, 0
1.30448, 0
1.2899, 0
1.27543, 0
1.26106, 0
1.24679, 0
1.23262, 0
1.21856, 0
1.2046, 0
1.19074, 0
1.17699, 0
1.16335, 0
1.14981, 0
1.13638, 0
1.12306, 0
1.10984, 0
1.09673, 0
1.08373, 0
1.07084, 0
1.05805, 0
1.04537, 0
1.0328, 0
1.02034, 0
1.00799, 0
0.995742, 0
0.983607, 0
0.963572, 0
0.94379, 0
0.924311, 0
0.905135, 0
0.88626, 0
0.867687, 0
0.849414, 0
0.831441, 0
0.813766, 0
0.796388, 0
0.779305, 0
0.762516, 0
0.746019, 0
0.729812, 0
0.713894, 0
0.698261, 0
0.682912, 0
0.667844, 0
0.653054, 0
0.638541, 0
0.624301, 0
0.610332, 0
0.596631, 0
0.583194, 0
0.57002, 0
0.557104, 0
0.544443, 0
0.532036, 0
0.519877, 0
0.507964, 0
0.496294, 0
0.484863, 0
0.473668, 0
0.462706, 0
0.451972, 0
0.441464, 0
0.431178, 0
0.421111, 0
0.411259, 0
0.401619, 0
0.392186, 0
0.382959, 0
0.373933, 0
0.365105, 0
0.356471, 0
0.348028, 0
0.339773, 0
0.331701, 0
0.323811, 0
0.316098, 0
0.308559, 0
0.301191, 0
0.293991, 0
0.286955, 0
0.28008, 0
0.273364, 0
0.266802, 0
0.260392, 0
0.25413, 0
0.248015, 0
0.242042, 0
0.236209, 0
0.230513, 0
0.224951, 0
0.219521, 0
0.214218, 0
0.209042, 0
0.203989, 0
0.199056, 0
0.194241, 0
0.189541, 0
0.184954, 0
0.180477, 0
0.176109, 0
0.171845, 0
0.167685, 0
0.163625, 0
0.159664, 0
0.155799, 0
0.152029, 0
0.14835, 0
0.144762, 0
0.141261, 0
0.137846, 0
0.134514, 0
0.131265, 0
0.128096, 0
0.125004, 0
0.121989, 0
0.119049, 0
0.116181, 0
0.113384, 0
0.110657, 0
0.107997, 0
0.105404, 0
0.102875, 0
0.100409, 0
0.0980044, 0
0.0956598, 0
0.0933738, 0
0.0824453, 0
0.0725058, 0
0.0637569, 0
0.056059, 0
0.049288, 0
0.043334, 0
0.0380995, 0
0.0334984, 0
0.0294545, 0
0.0259006, 0
0.0227777, 0
0.0200334, 0
0.0176218, 0
0.0155026, 0
0.0136403, 0
0.0120035, 0
0.0105648, 0
0.0093001, 0
0.00818825, 0
0.00721063, 0
0.0063509, 0
0.00559474, 0
0.00492955, 0
0.00434429, 0
0.00382926, 0
0.00337594, 0
0.00297688, 0
0.0026255, 0
0.00231604, 0
0.00204346, 0
0.00180331, 0
0.00159169, 0
0.00140517, 0
0.00124074, 0
0.00109575, 0
0.000967883, 0
0.00085509, 0
0.00075557, 0
0.000667744, 0
0.000590224, 0
0.000521784, 0
0.000461356, 0
0.000407989, 0
0.000360849, 0
0.000319207, 0
0.000282404, 0
0.000249879, 0
0.000221127, 0
0.000195707, 0
0.000173237, 0
0.000153364, 0
0.000135786, 0
0.000120236, 0
0.000106473, 0
9.42896e-05, 0
8.35091e-05, 0
7.39676e-05, 0
6.55287e-05, 0
5.80611e-05, 0
5.14412e-05, 0
4.55788e-05, 0
4.03908e-05, 0
3.5796e-05, 0
3.17223e-05, 0
2.81174e-05, 0
2.49233e-05, 0
2.20904e-05, 0
1.95805e-05, 0
1.73528e-05, 0
1.53796e-05, 0
1.36307e-05, 0
1.20822e-05, 0
1.071e-05, 0
9.49228e-06, 0
8.41314e-06, 0
7.45856e-06, 0
6.61265e-06, 0
5.86184e-06, 0
5.19723e-06, 0
4.608e-06, 0
4.08367e-06, 0
3.61881e-06, 0
3.20868e-06, 0
2.84503e-06, 0
2.52144e-06, 0
2.2344e-06, 0
1.97988e-06, 0
1.75534e-06, 0
1.55615e-06, 0
1.37948e-06, 0
1.22395e-06, 0
1.08595e-06, 0
9.63483e-07, 0
8.54813e-07, 0
7.58385e-07, 0
6.72821e-07, 0
5.96899e-07, 0
5.29533e-07, 0
4.6976e-07, 0
4.16725e-07, 0
3.69669e-07, 0
3.27919e-07, 0
2.90878e-07, 0
2.58015e-07, 0
2.2886e-07, 0
2.02994e-07, 0
1.80047e-07, 0
1.5969e-07, 0
1.41632e-07, 0
1.25613e-07, 0
1.11402e-07, 0
9.87971e-08, 0
8.76159e-08, 0
7.76983e-08, 0
6.89016e-08, 0
6.10991e-08, 0
5.41788e-08, 0
4.80412e-08, 0
4.25978e-08, 0
3.77702e-08, 0
3.3489e-08, 0
2.96922e-08, 0
2.63251e-08, 0
2.33392e-08, 0
2.06914e-08, 0
1.83437e-08, 0
1.62618e-08, 0
1.44158e-08, 0
1.27791e-08, 0
1.13278e-08, 0
1.00413e-08, 0
8.90059e-09, 0
7.88899e-09, 0
6.99252e-09, 0
6.19785e-09, 0
5.49283e-09, 0
4.86821e-09, 0
4.31462e-09, 0
3.82354e-09, 0
3.38837e-09, 0
3.00259e-09, 0
2.66089e-09, 0
2.35781e-09, 0
2.08898e-09, 0
1.8509e-09, 0
1.64002e-09, 0
1.45334e-09, 0
1.28765e-09, 0
1.14052e-09, 0
1.0103e-09, 0
8.95169e-10, 0
7.92911e-10, 0
7.02385e-10, 0
6.22234e-10, 0
5.51116e-10, 0
4.88105e-10, 0
4.32287e-10, 0
3.8286e-10, 0
3.38879e-10, 0
3.00114e-10, 0
2.65827e-10, 0
2.35217e-10, 0
2.08142e-10, 0
1.84321e-10, 0
1.63221e-10, 0
1.44149e-10, 0
1.27313e-10, 0
1.12837e-10, 0
9.98295e-11, 0
8.81206e-11, 0
7.7816e-11, 0
6.87184e-11, 0
6.0651e-11, 0
5.36247e-11, 0
4.74341e-11, 0
4.18598e-11, 0
3.67404e-11, 0
3.2359e-11, 0
2.85745e-11, 0
2.50413e-11, 0
2.20926e-11, 0
1.95355e-11, 0
1.70282e-11, 0
1.47704e-11, 0
1.3201e-11, 0
1.13971e-11, 0
9.865e-12, 0
8.70148e-12, 0
7.30704e-12, 0
6.49258e-12, 0
5.59641e-12, 0
4.89031e-12, 0
4.32188e-12, 0
3.71347e-12, 0
3.19211e-12, 0
2.63078e-12, 0
2.10498e-12, 0
1.64402e-12, 0
1.48503e-12, 0
1.15197e-12, 0
8.05578e-13, 0
6.17284e-13, 0
2.26485e-13, 0
3.81917e-14, 0
1.06581e-14, 0
-2.62013e-13, 0
-3.16192e-13, 0
-1.24345e-13, 0
1.33227e-14, 0
-4.17444e-13, 0
-4.71623e-13, 0
-1.93623e-13, 0
-2.06946e-13, 0
-8.08242e-14, 0
-1.37668e-13, 0
-2.39808e-14, 0
3.28626e-14, 0
4.70735e-14, 0
-2.12275e-13, 0
-5.42677e-13, 0
-3.40172e-13, 0
-3.55271e-13, 0
-2.08722e-13, 0
9.76996e-14, 0
-2.70006e-13, 0
-3.57048e-13, 0
-1.94511e-13, 0
-2.98428e-13, 0
-2.23821e-13, 0
-8.9706e-14, 0
-1.65201e-13, 0
-3.15303e-13, 0
-3.15303e-13, 0
-2.85105e-13, 0
-4.08562e-14, 0
1.73195e-13, 0
1.1191e-13, 0
-1.35003e-13, 0
-1.96287e-13, 0
-1.35003e-13, 0
1.46549e-13, 0
2.07834e-13, 0
-1.06581e-14, 0
9.9476e-14, 0
2.57572e-13, 0
1.14575e-13, 0
-4.35207e-14, 0
-1.87406e-13, 0
-9.05942e-14, 0
2.14051e-13, 0
8.52651e-14, 0
-2.06057e-13, 0
-4.32543e-13, 0
-3.01981e-13, 0
-3.9968e-14, 0
-2.39808e-14, 0
-2.8777e-13, 0
-3.7037e-13, 0
-5.50671e-14, 0
1.11022e-13, 0
-3.90799e-14, 0
-3.40172e-13, 0
-2.71783e-13, 0
3.10862e-14, 0
-1.72307e-13, 0
-1.71418e-13, 0
-1.03917e-13, 0
-3.42837e-13, 0
-2.73559e-13, 0
7.01661e-14, 0
-1.72307e-13, 0
-3.2685e-13, 0
-4.31655e-13, 0
-4.83169e-13, 0
7.54952e-14, 0
1.10134e-13, 0
-5.05374e-13, 0
-6.10179e-13, 0
1.50102e-13, 0
3.61489e-13, 0
5.9508e-14, 0
5.9508e-14, 0
1.12799e-13, 0
2.3892e-13, 0
5.27578e-13, 0
3.64153e-13, 0
-2.88658e-13, 0
-5.24025e-13, 0
-1.33227e-14, 0
3.9968e-14, 0
2.30926e-14, 0
-7.01661e-14, 0
7.90479e-14, 0
3.55271e-13, 0
-1.2701e-13, 0
2.30926e-14, 0
5.9508e-14, 0
-3.8991e-13, 0
-5.40012e-13, 0
-5.02709e-13, 0
-4.07674e-13, 0
-2.37144e-13, 0
-1.803e-13, 0
-2.18492e-13, 0
-6.4837e-14, 0
-7.99361e-15, 0
-1.42997e-13, 0
-1.03917e-13, 0
5.06262e-14, 0
1.27898e-13, 0
-8.61533e-14, 0
1.29674e-13, 0
1.87406e-13, 0
-5.38236e-13, 0
-5.76428e-13, 0
-4.78728e-13, 0
-2.79776e-13, 0
-4.26326e-14, 0
1.77636e-14, 0
-2.02505e-13, 0
-2.21156e-13, 0
1.79412e-13, 0
2.39808e-13, 0
-2.66454e-15, 0
-1.43885e-13, 0
9.9476e-14, 0
-4.35207e-14, 0
-4.26326e-14, 0
1.00364e-13, 0
-2.30926e-14, 0
-2.70006e-13, 0
-1.87406e-13, 0
2.67342e-13, 0
1.00364e-13, 0
-6.4837e-14, 0
-4.44089e-14, 0
8.17124e-14, 0
3.53495e-13, 0
1.68754e-14, 0
-3.41061e-13, 0
-1.50102e-13, 0
1.88294e-13, 0
3.79252e-13, 0
3.15303e-13, 0
2.30038e-13, 0
3.57936e-13, 0
-1.35891e-13, 0
-4.78728e-13, 0
-4.70735e-14, 0
-2.57572e-14, 0
1.86517e-14, 0
-4.70735e-14, 0
6.30607e-14, 0
-1.12799e-13, 0
-2.86882e-13, 0
-2.39808e-14, 0
1.30562e-13, 0
3.73035e-13, 0
2.62901e-13, 0
1.51879e-13, 0
-4.71623e-13, 0
-5.15143e-13, 0
-1.77636e-15, 0
1.10134e-13, 0
-7.01661e-14, 0
-1.82077e-13, 0
-2.39808e-14, 0
2.47802e-13, 0
3.38396e-13, 0
-9.32587e-14, 0
-1.77636e-15, 0
4.35207e-14, 0
8.9706e-14, 0
4.10338e-13, 0
1.86517e-14, 0
2.27374e-13, 0
-1.67866e-13, 0
-9.07718e-13, 0
-3.97016e-13, 0
-5.84421e-13, 0
-6.29718e-13, 0
-3.96128e-13, 0
-5.13367e-13, 0
-2.07834e-13, 0
-4.35207e-14, 0
1.69642e-13, 0
1.68754e-13, 0
3.35731e-13, 0
6.6791e-13, 0
1.19016e-13, 0
-2.14939e-13, 0
2.88658e-13, 0
5.03597e-13, 0
1.42997e-13, 0
2.15827e-13, 0
4.33431e-13, 0
-4.39648e-13, 0
-8.75744e-13, 0
-4.79616e-14, 0
0, 0
