0, 0
-0.00626964, 0.0406179
-0.0177157, 0.0402123
-0.0290813, 0.0398237
-0.0403627, 0.0394514
-0.0515563, 0.0390946
-0.0626584, 0.0387524
-0.0736656, 0.0384243
-0.0845743, 0.0381094
-0.0953812, 0.0378071
-0.106083, 0.0375166
-0.116677, 0.0372374
-0.12716, 0.0369687
-0.137528, 0.0367099
-0.14778, 0.0364605
-0.157913, 0.03622
-0.167924, 0.0359877
-0.177811, 0.0357631
-0.187572, 0.0355459
-0.197204, 0.0353355
-0.206707, 0.0351315
-0.216078, 0.0349335
-0.225316, 0.0347411
-0.23442, 0.0345541
-0.243388, 0.0343719
-0.25222, 0.0341944
-0.260914, 0.0340213
-0.269471, 0.0338523
-0.277888, 0.0336871
-0.286167, 0.0335254
-0.294307, 0.0333672
-0.302307, 0.0332121
-0.310168, 0.0330601
-0.31789, 0.0329108
-0.325474, 0.0327642
-0.332919, 0.0326201
-0.340226, 0.0324784
-0.347397, 0.0323389
-0.354431, 0.0322016
-0.36133, 0.0320664
-0.368095, 0.0319331
-0.374726, 0.0318016
-0.381225, 0.031672
-0.387594, 0.031544
-0.393832, 0.0314177
-0.399943, 0.0312929
-0.405927, 0.0311697
-0.411786, 0.031048
-0.417522, 0.0309277
-0.423135, 0.0308088
-0.428629, 0.0306913
-0.434003, 0.0305751
-0.439261, 0.0304602
-0.444404, 0.0303466
-0.449433, 0.0302342
-0.454351, 0.030123
-0.459159, 0.030013
-0.46386, 0.0299042
-0.468454, 0.0297966
-0.472945, 0.0296901
-0.477333, 0.0295848
-0.481621, 0.0294806
-0.48581, 0.0293775
-0.489903, 0.0292755
-0.493901, 0.0291746
-0.497806, 0.0290748
-0.50162, 0.0289761
-0.505345, 0.0288784
-0.508982, 0.0287818
-0.512534, 0.0286862
-0.516002, 0.0285916
-0.519388, 0.0284981
-0.522693, 0.0284056
-0.52592, 0.0283141
-0.52907, 0.0282237
-0.532145, 0.0281342
-0.535146, 0.0280457
-0.538075, 0.0279582
-0.540934, 0.0278717
-0.543724, 0.0277861
-0.546447, 0.0277015
-0.549104, 0.0276179
-0.551697, 0.0275352
-0.554227, 0.0274535
-0.556696, 0.0273727
-0.559105, 0.0272929
-0.561456, 0.0272141
-0.56375, 0.0271361
-0.565988, 0.0270591
-0.568171, 0.0269831
-0.570302, 0.0269079
-0.57238, 0.0268337
-0.574408, 0.0267604
-0.576387, 0.026688
-0.578317, 0.0266166
-0.5802, 0.026546
-0.582038, 0.0264764
-0.58383, 0.0264076
-0.585579, 0.0263397
-0.587285, 0.0262728
-0.58895, 0.0262067
-0.591634, 0.0260986
-0.59421, 0.0259929
-0.596682, 0.0258897
-0.599054, 0.0257889
-0.601331, 0.0256906
-0.603516, 0.0255947
-0.605612, 0.0255012
-0.607624, 0.0254101
-0.609554, 0.0253215
-0.611407, 0.0252352
-0.613185, 0.0251512
-0.614891, 0.0250697
-0.616528, 0.0249905
-0.618099, 0.0249136
-0.619607, 0.0248391
-0.621054, 0.0247668
-0.622442, 0.0246969
-0.623774, 0.0246292
-0.625052, 0.0245638
-0.626278, 0.0245006
-0.627455, 0.0244397
-0.628583, 0.0243809
-0.629666, 0.0243244
-0.630705, 0.0242699
-0.631701, 0.0242177
-0.632657, 0.0241675
-0.633573, 0.0241194
-0.634452, 0.0240734
-0.635294, 0.0240295
-0.636102, 0.0239875
-0.636876, 0.0239476
-0.637618, 0.0239096
-0.638329, 0.0238736
-0.63901, 0.0238395
-0.639662, 0.0238073
-0.640287, 0.023777
-0.640885, 0.0237484
-0.641457, 0.0237217
-0.642005, 0.0236968
-0.642529, 0.0236736
-0.64303, 0.0236521
-0.643508, 0.0236324
-0.643966, 0.0236143
-0.644403, 0.0235978
-0.64482, 0.023583
-0.645218, 0.0235697
-0.645598, 0.023558
-0.64596, 0.0235478
-0.646305, 0.0235391
-0.646633, 0.0235319
-0.646945, 0.0235262
-0.647242, 0.0235218
-0.647523, 0.0235189
-0.647791, 0.0235173
-0.648044, 0.0235171
-0.648284, 0.0235181
-0.648511, 0.0235205
-0.648725, 0.0235241
-0.648927, 0.023529
-0.649118, 0.0235351
-0.649297, 0.0235423
-0.649464, 0.0235507
-0.649622, 0.0235603
-0.649768, 0.023571
-0.649905, 0.0235827
-0.650032, 0.0235956
-0.65015, 0.0236095
-0.650259, 0.0236244
-0.650358, 0.0236403
-0.650449, 0.0236572
-0.650532, 0.0236751
-0.650607, 0.0236939
-0.650674, 0.0237136
-0.650733, 0.0237343
-0.650785, 0.0237558
-0.65083, 0.0237781
-0.650868, 0.0238014
-0.650899, 0.0238254
-0.650923, 0.0238503
-0.650942, 0.023876
-0.650954, 0.0239024
-0.650959, 0.0239296
-0.65096, 0.0239576
-0.650954, 0.0239863
-0.650943, 0.0240157
-0.650926, 0.0240458
-0.650904, 0.0240766
-0.650877, 0.024108
-0.650845, 0.0241402
-0.650809, 0.0241729
-0.650767, 0.0242063
-0.650721, 0.0242403
-0.65067, 0.024275
-0.650615, 0.0243102
-0.650556, 0.024346
-0.650493, 0.0243824
-0.650425, 0.0244193
-0.650354, 0.0244568
-0.650279, 0.0244948
-0.6502, 0.0245333
-0.649995, 0.0246279
-0.64977, 0.0247253
-0.649527, 0.0248254
-0.649265, 0.0249281
-0.648987, 0.0250333
-0.648692, 0.0251408
-0.648382, 0.0252506
-0.648057, 0.0253625
-0.647719, 0.0254765
-0.647367, 0.0255925
-0.647003, 0.0257103
-0.646627, 0.02583
-0.646239, 0.0259514
-0.64584, 0.0260745
-0.645431, 0.0261991
-0.645011, 0.0263253
-0.644582, 0.026453
-0.644144, 0.026582
-0.643696, 0.0267125
-0.643241, 0.0268442
-0.642777, 0.0269771
-0.642305, 0.0271112
-0.641825, 0.0272465
-0.641339, 0.0273829
-0.640845, 0.0275202
-0.640344, 0.0276586
-0.639837, 0.027798
-0.639324, 0.0279382
-0.638804, 0.0280793
-0.638279, 0.0282211
-0.637748, 0.0283638
-0.637212, 0.0285072
-0.63667, 0.0286512
-0.636123, 0.0287959
-0.635572, 0.0289412
-0.635016, 0.0290871
-0.634455, 0.0292335
-0.63389, 0.0293803
-0.63332, 0.0295276
-0.632747, 0.0296754
-0.632169, 0.0298234
-0.631588, 0.0299718
-0.631003, 0.0301205
-0.630415, 0.0302694
-0.629823, 0.0304185
-0.629228, 0.0305678
-0.62863, 0.0307173
-0.628029, 0.0308668
-0.627426, 0.0310164
-0.626819, 0.031166
-0.62621, 0.0313156
-0.625598, 0.0314651
-0.624984, 0.0316145
-0.624368, 0.0317638
-0.623749, 0.031913
-0.623129, 0.032062
-0.622506, 0.0322107
-0.621882, 0.0323592
-0.621256, 0.0325073
-0.620628, 0.0326552
-0.619999, 0.0328026
-0.619369, 0.0329497
-0.618737, 0.0330964
-0.618104, 0.0332425
-0.61747, 0.0333882
-0.616834, 0.0335333
-0.616198, 0.0336779
-0.615561, 0.0338219
-0.614924, 0.0339652
-0.614286, 0.0341079
-0.613647, 0.0342499
-0.613008, 0.0343912
-0.612368, 0.0345318
-0.611728, 0.0346716
-0.611088, 0.0348106
-0.610448, 0.0349487
-0.609808, 0.035086
-0.609168, 0.0352225
-0.608528, 0.035358
-0.607889, 0.0354926
-0.60725, 0.0356263
-0.606611, 0.035759
-0.605973, 0.0358906
-0.605335, 0.0360213
-0.604698, 0.0361509
-0.604062, 0.0362795
-0.603426, 0.036407
-0.602792, 0.0365334
-0.602158, 0.0366586
-0.601526, 0.0367827
-0.600894, 0.0369057
-0.600264, 0.0370275
-0.599635, 0.0371481
-0.599007, 0.0372675
-0.598381, 0.0373857
-0.597756, 0.0375027
-0.597133, 0.0376184
-0.596511, 0.0377329
-0.595891, 0.0378461
-0.595273, 0.037958
-0.594503, 0.0380961
-0.593735, 0.0382321
-0.592971, 0.0383661
-0.592209, 0.038498
-0.591451, 0.0386278
-0.590696, 0.0387556
-0.589944, 0.0388812
-0.589196, 0.0390046
-0.588452, 0.039126
-0.587711, 0.0392452
-0.586974, 0.0393622
-0.586241, 0.0394771
-0.585512, 0.0395898
-0.584786, 0.0397004
-0.584065, 0.0398088
-0.583348, 0.039915
-0.582635, 0.0400191
-0.581926, 0.040121
-0.581222, 0.0402208
-0.580522, 0.0403184
-0.579826, 0.0404138
-0.579135, 0.0405071
-0.578448, 0.0405982
-0.577766, 0.0406873
-0.577089, 0.0407742
-0.576416, 0.040859
-0.575747, 0.0409417
-0.575084, 0.0410223
-0.574425, 0.0411009
-0.573771, 0.0411773
-0.573121, 0.0412517
-0.572477, 0.0413241
-0.571837, 0.0413945
-0.571202, 0.0414629
-0.570572, 0.0415292
-0.569946, 0.0415936
-0.569326, 0.0416561
-0.56871, 0.0417166
-0.568099, 0.0417752
-0.567493, 0.0418319
-0.566892, 0.0418867
-0.566295, 0.0419396
-0.565704, 0.0419907
-0.565117, 0.04204
-0.564535, 0.0420874
-0.563958, 0.0421331
-0.563386, 0.042177
-0.562818, 0.0422192
-0.562255, 0.0422596
-0.561697, 0.0422984
-0.561144, 0.0423354
-0.560595, 0.0423708
-0.560051, 0.0424046
-0.559512, 0.0424368
-0.558977, 0.0424673
-0.558447, 0.0424963
-0.557921, 0.0425237
-0.5574, 0.0425496
-0.556884, 0.042574
-0.556371, 0.0425969
-0.555864, 0.0426183
-0.555361, 0.0426383
-0.554862, 0.0426568
-0.554367, 0.042674
-0.553877, 0.0426898
-0.553391, 0.0427043
-0.55291, 0.0427174
-0.552432, 0.0427292
-0.551959, 0.0427397
-0.55149, 0.0427489
-0.551025, 0.0427569
-0.550564, 0.0427636
-0.550107, 0.0427691
-0.549654, 0.0427735
-0.549205, 0.0427766
-0.548759, 0.0427786
-0.548318, 0.0427795
-0.54788, 0.0427793
-0.547447, 0.042778
-0.547017, 0.0427756
-0.54659, 0.0427722
-0.546168, 0.0427677
-0.545748, 0.0427622
-0.545333, 0.0427557
-0.544921, 0.0427482
-0.544512, 0.0427397
-0.544107, 0.0427303
-0.543706, 0.04272
-0.543307, 0.0427088
-0.542912, 0.0426967
-0.542521, 0.0426837
-0.542132, 0.0426698
-0.541747, 0.0426551
-0.541365, 0.0426395
-0.540986, 0.0426232
-0.54061, 0.042606
-0.540237, 0.0425881
-0.539867, 0.0425694
-0.5395, 0.04255
-0.539137, 0.0425298
-0.538536, 0.0424945
-0.537944, 0.0424574
-0.53736, 0.0424183
-0.536782, 0.0423775
-0.536213, 0.0423348
-0.53565, 0.0422905
-0.535094, 0.0422446
-0.534546, 0.042197
-0.534003, 0.042148
-0.533468, 0.0420974
-0.532938, 0.0420455
-0.532415, 0.0419921
-0.531898, 0.0419374
-0.531387, 0.0418815
-0.530882, 0.0418243
-0.530382, 0.041766
-0.529888, 0.0417064
-0.5294, 0.0416458
-0.528916, 0.0415841
-0.528438, 0.0415215
-0.527964, 0.0414578
-0.527496, 0.0413931
-0.527032, 0.0413276
-0.526573, 0.0412611
-0.526118, 0.0411938
-0.525668, 0.0411257
-0.525222, 0.0410568
-0.52478, 0.0409871
-0.524342, 0.0409167
-0.523909, 0.0408456
-0.523479, 0.0407737
-0.523053, 0.0407013
-0.522631, 0.0406282
-0.522213, 0.0405545
-0.521798, 0.0404802
-0.521387, 0.0404054
-0.520979, 0.04033
-0.520574, 0.0402541
-0.520172, 0.0401777
-0.519774, 0.0401008
-0.519379, 0.0400235
-0.518987, 0.0399458
-0.518597, 0.0398676
-0.518211, 0.0397891
-0.517828, 0.0397102
-0.517447, 0.039631
-0.517069, 0.0395514
-0.516693, 0.0394714
-0.51632, 0.0393912
-0.51595, 0.0393106
-0.515582, 0.0392298
-0.515217, 0.0391487
-0.514853, 0.0390673
-0.514493, 0.0389856
-0.514134, 0.0389037
-0.513778, 0.0388216
-0.513423, 0.0387392
-0.513071, 0.0386567
-0.512721, 0.0385739
-0.512374, 0.038491
-0.512028, 0.0384079
-0.511684, 0.0383246
-0.511342, 0.0382412
-0.511001, 0.0381576
-0.510663, 0.0380738
-0.510326, 0.0379899
-0.509992, 0.0379059
-0.509659, 0.0378218
-0.509327, 0.0377375
-0.508998, 0.0376532
-0.50867, 0.0375687
-0.508344, 0.0374841
-0.508019, 0.0373995
-0.507696, 0.0373148
-0.507374, 0.03723
-0.507054, 0.0371451
-0.506735, 0.0370602
-0.506418, 0.0369752
-0.506103, 0.0368901
-0.505788, 0.0368051
-0.505476, 0.0367199
-0.505164, 0.0366348
-0.504854, 0.0365496
-0.504545, 0.0364643
-0.504238, 0.0363791
-0.503932, 0.0362938
-0.503627, 0.0362085
-0.503323, 0.0361232
-0.503021, 0.0360379
-0.50272, 0.0359526
-0.50242, 0.0358673
-0.502122, 0.035782
-0.501824, 0.0356967
-0.501528, 0.0356114
-0.501233, 0.0355261
-0.500939, 0.0354409
-0.500646, 0.0353556
-0.500354, 0.0352704
-0.500064, 0.0351852
-0.499774, 0.0351001
-0.499486, 0.0350149
-0.499198, 0.0349298
-0.498912, 0.0348448
-0.498627, 0.0347598
-0.498343, 0.0346748
-0.498059, 0.0345898
-0.497777, 0.0345049
-0.497496, 0.03442
-0.497216, 0.0343352
-0.496937, 0.0342505
-0.496659, 0.0341658
-0.496382, 0.0340811
-0.496105, 0.0339965
-0.49583, 0.033912
-0.495556, 0.0338275
-0.495282, 0.0337431
-0.49501, 0.0336588
-0.494738, 0.0335746
-0.494468, 0.0334904
-0.494198, 0.0334062
-0.493929, 0.0333221
-0.493661, 0.0332381
-0.493394, 0.0331542
-0.493128, 0.0330703
-0.492863, 0.0329865
-0.492599, 0.0329028
-0.492335, 0.0328192
-0.492073, 0.0327356
-0.491811, 0.0326522
-0.49155, 0.0325688
-0.49129, 0.0324855
-0.491031, 0.0324023
-0.490773, 0.0323192
-0.490515, 0.0322361
-0.490258, 0.0321532
-0.490002, 0.0320703
-0.489747, 0.0319875
-0.489493, 0.0319049
-0.48924, 0.0318223
-0.488987, 0.0317398
-0.488735, 0.0316575
-0.488484, 0.0315752
-0.488234, 0.031493
-0.487985, 0.0314109
-0.487736, 0.0313289
-0.487488, 0.031247
-0.487241, 0.0311653
-0.486995, 0.0310836
-0.486749, 0.031002
-0.486504, 0.0309205
-0.48626, 0.0308392
-0.486017, 0.0307579
-0.485775, 0.0306768
-0.485533, 0.0305957
-0.485292, 0.0305148
-0.485051, 0.0304339
-0.484812, 0.0303532
-0.484573, 0.0302726
-0.484335, 0.0301921
-0.484098, 0.0301118
-0.483861, 0.0300315
-0.483625, 0.0299513
-0.48339, 0.0298713
-0.483156, 0.0297914
-0.482922, 0.0297115
-0.482689, 0.0296319
-0.482457, 0.0295523
-0.482226, 0.0294728
-0.481995, 0.0293935
-0.481765, 0.0293142
-0.481535, 0.0292351
-0.481307, 0.0291562
-0.481079, 0.0290773
-0.480852, 0.0289985
-0.480625, 0.0289199
-0.480399, 0.0288414
-0.480174, 0.0287631
-0.479949, 0.0286848
-0.479726, 0.0286067
-0.479502, 0.0285287
-0.47928, 0.0284508
-0.479058, 0.028373
-0.478837, 0.0282953
-0.478617, 0.0282178
-0.478397, 0.0281404
-0.478178, 0.0280632
-0.47796, 0.0279861
-0.477742, 0.0279091
-0.477525, 0.0278322
-0.477309, 0.0277555
-0.477093, 0.0276789
-0.476878, 0.0276024
-0.476663, 0.027526
-0.47645, 0.0274498
-0.476237, 0.0273737
-0.476024, 0.0272978
-0.475812, 0.0272219
-0.475601, 0.0271462
-0.475391, 0.0270707
-0.475181, 0.0269952
-0.474972, 0.0269199
-0.474763, 0.0268448
-0.474555, 0.0267697
-0.474348, 0.0266948
-0.474141, 0.0266201
-0.473935, 0.0265454
-0.47373, 0.0264709
-0.473525, 0.0263966
-0.473321, 0.0263223
-0.473118, 0.0262482
-0.472915, 0.0261743
-0.472712, 0.0261005
-0.472511, 0.0260268
-0.47231, 0.0259532
-0.472109, 0.0258798
-0.47191, 0.0258066
-0.471711, 0.0257334
-0.471512, 0.0256604
-0.471314, 0.0255875
-0.471117, 0.0255148
-0.47092, 0.0254423
-0.470724, 0.0253699
-0.470528, 0.0252976
-0.470333, 0.0252255
-0.470139, 0.0251535
-0.469946, 0.0250817
-0.469752, 0.0250099
-0.46956, 0.0249384
-0.469368, 0.024867
-0.469177, 0.0247957
-0.468986, 0.0247244
-0.468796, 0.0246533
-0.468606, 0.0245823
-0.468418, 0.0245115
-0.468229, 0.0244408
-0.468041, 0.0243703
-0.467854, 0.0242999
-0.467668, 0.0242297
-0.467482, 0.0241596
-0.467296, 0.0240896
-0.467111, 0.0240198
-0.466927, 0.0239502
-0.466743, 0.0238807
-0.46656, 0.0238114
-0.466378, 0.0237423
-0.466196, 0.0236732
-0.466014, 0.0236042
-0.465833, 0.0235354
-0.465653, 0.0234667
-0.465473, 0.0233982
-0.465294, 0.0233298
-0.465115, 0.0232616
-0.464937, 0.0231935
-0.46476, 0.0231255
-0.464583, 0.0230578
-0.464406, 0.0229901
-0.46423, 0.0229226
-0.464055, 0.0228552
-0.46388, 0.022788
-0.463706, 0.0227209
-0.463532, 0.022654
-0.463359, 0.0225872
-0.463187, 0.0225205
-0.463015, 0.022454
-0.462843, 0.0223877
-0.462672, 0.0223215
-0.462502, 0.0222555
-0.462332, 0.0221897
-0.462162, 0.0221239
-0.461994, 0.0220584
-0.461825, 0.0219929
-0.461658, 0.0219275
-0.46149, 0.0218623
-0.461324, 0.0217971
-0.461157, 0.0217322
-0.460992, 0.0216674
-0.460827, 0.0216027
-0.460662, 0.0215382
-0.460498, 0.0214739
-0.460334, 0.0214097
-0.460171, 0.0213456
-0.460009, 0.0212817
-0.459847, 0.0212179
-0.459685, 0.0211543
-0.459524, 0.0210908
-0.459363, 0.0210275
-0.459203, 0.0209643
-0.459044, 0.0209012
-0.458885, 0.0208383
-0.458727, 0.0207755
-0.458569, 0.0207129
-0.458411, 0.0206504
-0.458254, 0.0205882
-0.458098, 0.0205262
-0.457942, 0.0204641
-0.457786, 0.0204022
-0.457631, 0.0203404
-0.457477, 0.0202787
-0.457323, 0.0202172
-0.457169, 0.0201559
-0.456693, 0.0199655
-0.456222, 0.0197765
-0.455756, 0.019589
-0.455294, 0.0194029
-0.454837, 0.0192181
-0.454384, 0.0190347
-0.453936, 0.0188527
-0.453493, 0.018672
-0.453054, 0.0184928
-0.452619, 0.0183149
-0.452189, 0.0181384
-0.451763, 0.0179632
-0.451341, 0.0177894
-0.450923, 0.017617
-0.45051, 0.0174459
-0.450101, 0.0172762
-0.449696, 0.0171078
-0.449295, 0.0169408
-0.448898, 0.0167751
-0.448506, 0.0166107
-0.448117, 0.0164477
-0.447732, 0.016286
-0.447351, 0.0161257
-0.446974, 0.0159666
-0.446601, 0.0158088
-0.446232, 0.0156523
-0.445866, 0.0154973
-0.445504, 0.0153434
-0.445146, 0.0151908
-0.444792, 0.0150395
-0.444441, 0.0148895
-0.444094, 0.0147407
-0.44375, 0.0145933
-0.44341, 0.014447
-0.443074, 0.014302
-0.442741, 0.0141583
-0.442411, 0.0140158
-0.442085, 0.0138746
-0.441762, 0.0137345
-0.441443, 0.0135957
-0.441126, 0.0134581
-0.440814, 0.0133217
-0.440504, 0.0131866
-0.440198, 0.0130525
-0.439894, 0.0129197
-0.439594, 0.0127881
-0.439297, 0.0126576
-0.439004, 0.0125283
-0.438713, 0.0124002
-0.438425, 0.0122732
-0.438141, 0.0121474
-0.437859, 0.0120227
-0.437581, 0.0118991
-0.437305, 0.0117767
-0.437032, 0.0116553
-0.436762, 0.0115351
-0.436495, 0.011416
-0.436231, 0.011298
-0.435969, 0.011181
-0.43571, 0.0110652
-0.435454, 0.0109504
-0.435201, 0.0108367
-0.43495, 0.0107241
-0.434703, 0.0106124
-0.434457, 0.0105019
-0.434215, 0.0103924
-0.433974, 0.0102839
-0.433737, 0.0101764
-0.433502, 0.0100699
-0.433269, 0.0099645
-0.433039, 0.00986006
-0.432812, 0.00975662
-0.432586, 0.00965416
-0.432364, 0.00955267
-0.432143, 0.00945217
-0.431925, 0.00935261
-0.43171, 0.00925403
-0.431496, 0.00915638
-0.431285, 0.00905969
-0.431076, 0.00896393
-0.43087, 0.0088691
-0.430666, 0.00877519
-0.430463, 0.00868218
-0.430263, 0.0085901
-0.430066, 0.00849891
-0.42987, 0.00840861
-0.429676, 0.00831919
-0.429485, 0.00823066
-0.429296, 0.00814299
-0.429108, 0.0080562
-0.428923, 0.00797025
-0.42874, 0.00788515
-0.428558, 0.0078009
-0.428379, 0.00771749
-0.428201, 0.0076349
-0.428026, 0.00755315
-0.427852, 0.00747221
-0.427681, 0.00739207
-0.427511, 0.00731274
-0.427343, 0.0072342
-0.427177, 0.00715645
-0.427012, 0.00707948
-0.42685, 0.00700329
-0.426689, 0.00692786
-0.42653, 0.0068532
-0.426372, 0.0067793
-0.426217, 0.00670613
-0.426063, 0.00663372
-0.425911, 0.00656204
-0.42576, 0.00649109
-0.425611, 0.00642086
-0.425464, 0.00635134
-0.425318, 0.00628255
-0.425174, 0.00621443
-0.425032, 0.00614702
-0.424891, 0.00608031
-0.424752, 0.00601427
-0.424614, 0.00594895
-0.424477, 0.00588428
-0.424342, 0.00582028
-0.424209, 0.00575693
-0.424077, 0.00569424
-0.423947, 0.00563221
-0.423818, 0.0055708
-0.42369, 0.00551003
-0.423564, 0.00544988
-0.423439, 0.00539038
-0.423316, 0.00533148
-0.423194, 0.00527321
-0.423073, 0.00521554
-0.422954, 0.00515847
-0.422836, 0.005102
-0.422719, 0.00504611
-0.422603, 0.00499081
-0.422489, 0.00493608
-0.422376, 0.00488193
-0.422265, 0.00482836
-0.422154, 0.00477536
-0.422045, 0.00472291
-0.421937, 0.00467102
-0.42183, 0.00461967
-0.421725, 0.00456885
-0.42162, 0.00451857
-0.421517, 0.00446881
-0.421415, 0.0044196
-0.421314, 0.00437092
-0.421214, 0.00432273
-0.421115, 0.00427505
-0.421017, 0.00422789
-0.420921, 0.00418123
-0.420825, 0.00413505
-0.420731, 0.00408938
-0.420637, 0.0040442
-0.420545, 0.00399949
-0.420454, 0.00395526
-0.420363, 0.00391151
-0.420274, 0.00386823
-0.420186, 0.00382541
-0.420098, 0.00378305
-0.420012, 0.00374113
-0.419926, 0.00369967
-0.419842, 0.00365866
-0.419758, 0.00361808
-0.419676, 0.00357794
-0.419594, 0.00353823
-0.419513, 0.00349895
-0.419434, 0.0034601
-0.419355, 0.00342166
-0.419277, 0.00338363
-0.419199, 0.00334602
-0.419123, 0.00330881
-0.419048, 0.00327201
-0.418973, 0.0032356
-0.418899, 0.00319958
-0.418826, 0.00316396
-0.418754, 0.00312871
-0.418683, 0.00309385
-0.418612, 0.00305937
-0.418542, 0.00302527
-0.418473, 0.00299155
-0.418405, 0.00295818
-0.418338, 0.00292518
-0.418271, 0.00289254
-0.418205, 0.00286025
-0.41814, 0.00282831
-0.418075, 0.00279672
-0.418012, 0.00276548
-0.417949, 0.00273457
-0.417886, 0.002704
-0.417825, 0.00267377
-0.417764, 0.00264387
-0.417703, 0.00261429
-0.417644, 0.00258504
-0.417585, 0.0025561
-0.417527, 0.00252748
-0.417469, 0.00249918
-0.417412, 0.00247119
-0.417356, 0.0024435
-0.4173, 0.00241612
-0.417245, 0.00238904
-0.417191, 0.00236226
-0.417137, 0.00233577
-0.417084, 0.00230957
-0.417031, 0.00228365
-0.416979, 0.00225803
-0.416928, 0.00223269
-0.416877, 0.00220762
-0.416827, 0.00218283
-0.416777, 0.00215831
-0.416728, 0.00213406
-0.416679, 0.00211008
-0.416631, 0.00208637
-0.416584, 0.00206292
-0.416537, 0.00203972
-0.41649, 0.00201679
-0.416444, 0.00199411
-0.416399, 0.00197169
-0.416354, 0.00194951
-0.41631, 0.00192758
-0.416266, 0.00190588
-0.416222, 0.00188442
-0.416179, 0.0018632
-0.416137, 0.00184222
-0.416095, 0.00182147
-0.416054, 0.00180095
-0.416013, 0.00178066
-0.415972, 0.00176059
-0.415932, 0.00174075
-0.415893, 0.00172112
-0.415853, 0.00170171
-0.415815, 0.00168251
-0.415776, 0.00166353
-0.415739, 0.00164477
-0.415701, 0.00162621
-0.415664, 0.00160786
-0.415628, 0.00158972
-0.415591, 0.00157177
-0.415556, 0.00155402
-0.41552, 0.00153647
-0.415485, 0.00151912
-0.415451, 0.00150196
-0.415417, 0.001485
-0.415383, 0.00146822
-0.415349, 0.00145163
-0.415316, 0.00143522
-0.415284, 0.001419
-0.415251, 0.00140296
-0.41522, 0.00138709
-0.415188, 0.0013714
-0.415157, 0.00135589
-0.415126, 0.00134056
-0.415096, 0.0013254
-0.415065, 0.0013104
-0.415036, 0.00129557
-0.415006, 0.00128092
-0.414977, 0.00126642
-0.414948, 0.00125208
-0.41492, 0.00123791
-0.414892, 0.00122389
-0.414864, 0.00121004
-0.414836, 0.00119632
-0.414809, 0.00118277
-0.414782, 0.00116939
-0.414756, 0.00115614
-0.414729, 0.00114304
-0.414703, 0.00113008
-0.414678, 0.00111728
-0.414652, 0.00110461
-0.414627, 0.00109209
-0.414602, 0.00107971
-0.414578, 0.00106747
-0.414553, 0.00105537
-0.41453, 0.0010434
-0.414506, 0.00103156
-0.414482, 0.00101986
-0.414459, 0.0010083
-0.414436, 0.000996859
-0.414414, 0.000985549
-0.414391, 0.000974366
-0.414369, 0.000963308
-0.414347, 0.000952375
-0.414326, 0.000941567
-0.414304, 0.000930879
-0.414283, 0.000920313
-0.414262, 0.000909866
-0.414241, 0.000899534
-0.414221, 0.000889321
-0.414201, 0.000879222
-0.414181, 0.000869236
-0.414161, 0.000859367
-0.414141, 0.000849604
-0.414122, 0.000839952
-0.414103, 0.000830405
-0.414084, 0.000820971
-0.414066, 0.000811646
-0.414047, 0.000802428
-0.414029, 0.000793311
-0.414011, 0.000784293
-0.413993, 0.000775379
-0.413975, 0.000766565
-0.413958, 0.000757851
-0.413941, 0.000749236
-0.413924, 0.000740719
-0.413907, 0.000732298
-0.41389, 0.000723975
-0.413874, 0.000715744
-0.413858, 0.000707605
-0.413842, 0.000699559
-0.413826, 0.000691602
-0.41381, 0.000683736
-0.413794, 0.000675962
-0.413779, 0.000668275
-0.413764, 0.000660674
-0.413749, 0.000653161
-0.413734, 0.000645733
-0.413719, 0.000638385
-0.413705, 0.000631122
-0.41369, 0.00062394
-0.413676, 0.000616838
-0.413662, 0.000609818
-0.413648, 0.00060288
-0.413635, 0.000596019
-0.413621, 0.000589239
-0.413608, 0.000582535
-0.413595, 0.000575903
-0.413582, 0.000569343
-0.413569, 0.000562866
-0.413556, 0.000556462
-0.413543, 0.000550129
-0.413531, 0.000543868
-0.413518, 0.000537667
-0.413506, 0.000531545
-0.413494, 0.000525503
-0.413482, 0.000519523
-0.41347, 0.0005136
-0.413459, 0.000507748
-0.413447, 0.000501963
-0.413436, 0.000496254
-0.413424, 0.000490599
-0.413413, 0.000485008
-0.413402, 0.00047948
-0.413391, 0.000474019
-0.413381, 0.000468619
-0.41337, 0.000463278
-0.413359, 0.000458005
-0.413349, 0.000452773
-0.413339, 0.000447614
-0.413329, 0.000442515
-0.413319, 0.000437474
-0.413309, 0.00043249
-0.413299, 0.000427558
-0.413289, 0.000422687
-0.41328, 0.00041787
-0.41327, 0.000413109
-0.413261, 0.000408402
-0.413251, 0.000403746
-0.413242, 0.000399146
-0.413233, 0.000394594
-0.413224, 0.000390088
-0.413215, 0.000385639
-0.413207, 0.000381242
-0.413198, 0.000376893
-0.413189, 0.000372594
-0.413181, 0.000368346
-0.413173, 0.000364136
-0.413164, 0.000359987
-0.413156, 0.00035588
-0.413148, 0.000351819
-0.41314, 0.000347806
-0.413132, 0.000343843
-0.413124, 0.000339923
-0.413117, 0.000336049
-0.413109, 0.000332211
-0.413101, 0.000328427
-0.413094, 0.000324681
-0.413087, 0.000320974
-0.413079, 0.00031731
-0.413072, 0.000313695
-0.413065, 0.000310114
-0.413058, 0.000306575
-0.413051, 0.000303076
-0.413044, 0.000299614
-0.413037, 0.000296196
-0.413031, 0.000292819
-0.413024, 0.000289476
-0.413017, 0.000286176
-0.413011, 0.000282912
-0.413004, 0.000279681
-0.412998, 0.000276492
-0.412992, 0.000273336
-0.412986, 0.000270212
-0.412979, 0.000267129
-0.412973, 0.000264084
-0.412967, 0.000261072
-0.412961, 0.00025809
-0.412956, 0.000255142
-0.41295, 0.000252229
-0.412944, 0.000249351
-0.412938, 0.000246503
-0.412933, 0.000243689
-0.412927, 0.000240905
-0.412922, 0.000238153
-0.412916, 0.000235433
-0.412911, 0.000232744
-0.412906, 0.000230083
-0.412901, 0.000227455
-0.412895, 0.000224858
-0.41289, 0.000222289
-0.412885, 0.000219744
-0.41288, 0.000217232
-0.412875, 0.000214749
-0.41287, 0.000212295
-0.412866, 0.000209869
-0.412861, 0.000207471
-0.412856, 0.000205101
-0.412851, 0.000202758
-0.412847, 0.000200444
-0.412842, 0.000198157
-0.412838, 0.000195894
-0.412833, 0.000193654
-0.412829, 0.000191443
-0.412825, 0.000189254
-0.41282, 0.00018709
-0.412816, 0.000184949
-0.412812, 0.000182839
-0.412808, 0.000180751
-0.412804, 0.000178686
-0.4128, 0.000176645
-0.412795, 0.000174625
-0.412792, 0.000172619
-0.412788, 0.000170646
-0.412784, 0.000168692
-0.41278, 0.000166769
-0.412776, 0.000164866
-0.412772, 0.000162982
-0.412769, 0.00016112
-0.412765, 0.00015928
-0.412761, 0.000157456
-0.412758, 0.000155659
-0.412754, 0.000153883
-0.412751, 0.000152124
-0.412747, 0.000150386
-0.412744, 0.000148669
-0.41274, 0.000146969
-0.412737, 0.000145287
-0.412734, 0.000143628
-0.412731, 0.000141987
-0.412727, 0.000140363
-0.412724, 0.000138761
-0.412721, 0.000137176
-0.412718, 0.000135607
-0.412715, 0.000134054
-0.412712, 0.000132524
-0.412709, 0.000131011
-0.412706, 0.00012951
-0.412703, 0.000128028
-0.4127, 0.000126564
-0.412697, 0.000125118
-0.412694, 0.00012369
-0.412691, 0.000122275
-0.412689, 0.00012088
-0.412686, 0.000119498
-0.412683, 0.000118132
-0.41268, 0.000116784
-0.412678, 0.000115449
-0.412675, 0.000114128
-0.412673, 0.000112829
-0.41267, 0.000111545
-0.412667, 0.000110271
-0.412665, 0.000109009
-0.412663, 0.000107765
-0.41266, 0.00010653
-0.412658, 0.000105312
-0.412655, 0.000104111
-0.412653, 0.000102922
-0.412651, 0.000101747
-0.412648, 0.000100582
-0.412646, 9.94271e-05
-0.412644, 9.82907e-05
-0.412641, 9.717e-05
-0.412639, 9.60577e-05
-0.412637, 9.49576e-05
-0.412635, 9.38728e-05
-0.412633, 9.27982e-05
-0.412631, 9.17391e-05
-0.412629, 9.06931e-05
-0.412627, 8.96545e-05
-0.412624, 8.86272e-05
-0.412622, 8.76117e-05
-0.41262, 8.66078e-05
-0.412619, 8.56173e-05
-0.412617, 8.46399e-05
-0.412615, 8.36711e-05
-0.412613, 8.27162e-05
-0.412611, 8.1769e-05
-0.412609, 8.08293e-05
-0.412607, 7.99053e-05
-0.412605, 7.89937e-05
-0.412604, 7.80925e-05
-0.412602, 7.72005e-05
-0.4126, 7.60666e-05
-0.412597, 7.49516e-05
-0.412595, 7.38533e-05
-0.412593, 7.27671e-05
-0.412591, 7.17011e-05
-0.412589, 7.06532e-05
-0.412587, 6.96151e-05
-0.412585, 6.85924e-05
-0.412583, 6.75848e-05
-0.412581, 6.6596e-05
-0.412579, 6.56165e-05
-0.412577, 6.46576e-05
-0.412575, 6.37135e-05
-0.412573, 6.27787e-05
-0.412572, 6.1857e-05
-0.41257, 6.09449e-05
-0.412568, 6.0055e-05
-0.412566, 5.91747e-05
-0.412564, 5.83084e-05
-0.412563, 5.74483e-05
-0.412561, 5.66044e-05
-0.412559, 5.57723e-05
-0.412558, 5.4956e-05
-0.412556, 5.41504e-05
-0.412555, 5.33583e-05
-0.412553, 5.25745e-05
-0.412552, 5.18056e-05
-0.41255, 5.10454e-05
-0.412549, 5.02977e-05
-0.412547, 4.95582e-05
-0.412546, 4.88266e-05
-0.412544, 4.81124e-05
-0.412543, 4.74047e-05
-0.412542, 4.67082e-05
-0.41254, 4.60227e-05
-0.412539, 4.53534e-05
-0.412537, 4.46894e-05
-0.412536, 4.40303e-05
-0.412535, 4.33869e-05
-0.412534, 4.2749e-05
-0.412532, 4.21171e-05
-0.412531, 4.14994e-05
-0.41253, 4.08924e-05
-0.412529, 4.02928e-05
-0.412528, 3.96983e-05
-0.412526, 3.91189e-05
-0.412525, 3.8544e-05
-0.412524, 3.79814e-05
-0.412523, 3.74228e-05
-0.412522, 3.68721e-05
-0.412521, 3.63301e-05
-0.41252, 3.57958e-05
-0.412519, 3.52723e-05
-0.412518, 3.47552e-05
-0.412517, 3.42427e-05
-0.412516, 3.3742e-05
-0.412515, 3.32479e-05
-0.412514, 3.27553e-05
-0.412513, 3.22765e-05
-0.412512, 3.1804e-05
-0.412511, 3.13389e-05
-0.41251, 3.08747e-05
-0.412509, 3.04265e-05
-0.412508, 2.99832e-05
-0.412507, 2.954e-05
-0.412507, 2.91051e-05
-0.412506, 2.86789e-05
-0.412505, 2.82602e-05
-0.412504, 2.78451e-05
-0.412503, 2.74382e-05
-0.412502, 2.70374e-05
-0.412502, 2.66416e-05
-0.412501, 2.62528e-05
-0.4125, 2.58691e-05
-0.412499, 2.54899e-05
-0.412499, 2.51176e-05
-0.412498, 2.47495e-05
-0.412497, 2.43885e-05
-0.412496, 2.40306e-05
-0.412496, 2.36797e-05
-0.412495, 2.3334e-05
-0.412494, 2.29946e-05
-0.412494, 2.26601e-05
-0.412493, 2.23297e-05
-0.412492, 2.20037e-05
-0.412492, 2.16784e-05
-0.412491, 2.13612e-05
-0.41249, 2.10461e-05
-0.41249, 2.07373e-05
-0.412489, 2.04316e-05
-0.412489, 2.01302e-05
-0.412488, 1.98298e-05
-0.412487, 1.9542e-05
-0.412487, 1.9253e-05
-0.412486, 1.89706e-05
-0.412486, 1.8695e-05
-0.412485, 1.84218e-05
-0.412485, 1.81504e-05
-0.412484, 1.7884e-05
-0.412484, 1.76266e-05
-0.412483, 1.73669e-05
-0.412483, 1.71113e-05
-0.412482, 1.68602e-05
-0.412482, 1.66122e-05
-0.412481, 1.63664e-05
-0.412481, 1.61256e-05
-0.41248, 1.58875e-05
-0.41248, 1.56558e-05
-0.412479, 1.5424e-05
-0.412479, 1.51934e-05
-0.412478, 1.49718e-05
-0.412478, 1.47496e-05
-0.412478, 1.4533e-05
-0.412477, 1.43201e-05
-0.412477, 1.41082e-05
-0.412476, 1.39013e-05
-0.412476, 1.37005e-05
-0.412475, 1.35026e-05
-0.412475, 1.33029e-05
-0.412475, 1.31058e-05
-0.412474, 1.29127e-05
-0.412474, 1.27206e-05
-0.412474, 1.25329e-05
-0.412473, 1.23472e-05
-0.412473, 1.21642e-05
-0.412472, 1.19849e-05
-0.412472, 1.18048e-05
-0.412472, 1.16301e-05
-0.412471, 1.14591e-05
-0.412471, 1.12893e-05
-0.412471, 1.1126e-05
-0.41247, 1.0964e-05
-0.41247, 1.08014e-05
-0.41247, 1.06434e-05
-0.41247, 1.04862e-05
-0.412469, 1.03325e-05
-0.412469, 1.0179e-05
-0.412469, 1.00273e-05
-0.412468, 9.87815e-06
-0.412468, 9.73293e-06
-0.412468, 9.58783e-06
-0.412467, 9.44875e-06
-0.412467, 9.30908e-06
-0.412467, 9.17287e-06
-0.412467, 9.03755e-06
-0.412466, 8.90605e-06
-0.412466, 8.77411e-06
-0.412466, 8.64477e-06
-0.412466, 8.51954e-06
-0.412465, 8.39589e-06
-0.412465, 8.27241e-06
-0.412465, 8.15122e-06
-0.412465, 8.03013e-06
-0.412464, 7.91241e-06
-0.412464, 7.79616e-06
-0.412464, 7.68095e-06
-0.412464, 7.56842e-06
-0.412464, 7.45715e-06
-0.412463, 7.34756e-06
-0.412463, 7.2397e-06
-0.412463, 7.13297e-06
-0.412463, 7.02836e-06
-0.412462, 6.92494e-06
-0.412462, 6.82446e-06
-0.412462, 6.72471e-06
-0.412462, 6.62614e-06
-0.412462, 6.52958e-06
-0.412461, 6.43301e-06
-0.412461, 6.33714e-06
-0.412461, 6.24482e-06
-0.412461, 6.15422e-06
-0.412461, 6.06458e-06
-0.412461, 5.97524e-06
-0.41246, 5.88677e-06
-0.41246, 5.80063e-06
-0.41246, 5.7146e-06
-0.41246, 5.63255e-06
-0.41246, 5.54962e-06
-0.41246, 5.46863e-06
-0.412459, 5.3886e-06
-0.412459, 5.30861e-06
-0.412459, 5.23156e-06
-0.412459, 5.15455e-06
-0.412459, 5.07941e-06
-0.412459, 5.00511e-06
-0.412458, 4.93181e-06
-0.412458, 4.85997e-06
-0.412458, 4.78833e-06
-0.412458, 4.71907e-06
-0.412458, 4.64982e-06
-0.412458, 4.58169e-06
-0.412458, 4.51529e-06
-0.412458, 4.44885e-06
-0.412457, 4.38343e-06
-0.412457, 4.31997e-06
-0.412457, 4.25739e-06
-0.412457, 4.19576e-06
-0.412457, 4.13437e-06
-0.412457, 4.07318e-06
-0.412457, 4.0133e-06
-0.412457, 3.95444e-06
-0.412456, 3.89695e-06
-0.412456, 3.83957e-06
-0.412456, 3.78319e-06
-0.412456, 3.72859e-06
-0.412456, 3.67526e-06
-0.412456, 3.62168e-06
-0.412456, 3.56905e-06
-0.412456, 3.51662e-06
-0.412456, 3.4656e-06
-0.412455, 3.41523e-06
-0.412455, 3.36565e-06
-0.412455, 3.31596e-06
-0.412455, 3.268e-06
-0.412455, 3.22047e-06
-0.412455, 3.17386e-06
-0.412455, 3.1274e-06
-0.412455, 3.08245e-06
-0.412455, 3.03753e-06
-0.412455, 2.99112e-06
-0.412455, 2.94881e-06
-0.412454, 2.90597e-06
-0.412454, 2.86445e-06
-0.412454, 2.82348e-06
-0.412454, 2.78201e-06
-0.412454, 2.74164e-06
-0.412454, 2.70141e-06
-0.412454, 2.6617e-06
-0.412454, 2.62252e-06
-0.412454, 2.58438e-06
-0.412454, 2.54684e-06
-0.412454, 2.50975e-06
-0.412454, 2.47327e-06
-0.412454, 2.43685e-06
-0.412453, 2.40058e-06
-0.412453, 2.36502e-06
-0.412453, 2.33092e-06
-0.412453, 2.29639e-06
-0.412453, 2.27031e-06
-0.412453, 2.23511e-06
-0.412453, 2.20076e-06
-0.412453, 2.16766e-06
-0.412453, 2.1353e-06
-0.412453, 2.10318e-06
-0.412453, 2.07175e-06
-0.412453, 2.04028e-06
-0.412453, 2.0091e-06
-0.412453, 1.97947e-06
-0.412453, 1.94971e-06
-0.412452, 1.92047e-06
-0.412452, 1.89157e-06
-0.412452, 1.86323e-06
-0.412452, 1.83594e-06
-0.412452, 1.80875e-06
-0.412452, 1.78183e-06
-0.412452, 1.75503e-06
-0.412452, 1.72893e-06
-0.412452, 1.70343e-06
-0.412452, 1.6779e-06
-0.412452, 1.65276e-06
-0.412452, 1.62872e-06
-0.412452, 1.60481e-06
-0.412452, 1.58064e-06
-0.412452, 1.5572e-06
-0.412452, 1.5347e-06
-0.412452, 1.51149e-06
-0.412452, 1.48929e-06
-0.412452, 1.46706e-06
-0.412452, 1.44509e-06
-0.412452, 1.4238e-06
-0.412451, 1.40302e-06
-0.412451, 1.38256e-06
-0.412451, 1.36178e-06
-0.412451, 1.3421e-06
-0.412451, 1.32216e-06
-0.412451, 1.30247e-06
-0.412451, 1.28333e-06
-0.412451, 1.26469e-06
-0.412451, 1.24593e-06
-0.412451, 1.22744e-06
-0.412451, 1.20954e-06
-0.412451, 1.19193e-06
-0.412451, 1.17454e-06
-0.412451, 1.15796e-06
-0.412451, 1.14112e-06
-0.412451, 1.12415e-06
-0.412451, 1.10773e-06
-0.412451, 1.09172e-06
-0.412451, 1.07569e-06
-0.412451, 1.06029e-06
-0.412451, 1.04482e-06
-0.412451, 1.02979e-06
-0.412451, 1.01524e-06
-0.412451, 1.00059e-06
-0.412451, 9.85957e-07
-0.412451, 9.72165e-07
-0.412451, 9.58233e-07
-0.412451, 9.4455e-07
-0.412451, 9.31129e-07
-0.412451, 9.17995e-07
-0.41245, 9.04885e-07
-0.41245, 8.92158e-07
-0.41245, 8.79595e-07
-0.41245, 8.67009e-07
-0.41245, 8.54903e-07
-0.41245, 8.43118e-07
-0.41245, 8.31015e-07
-0.41245, 8.19378e-07
-0.41245, 8.07796e-07
-0.41245, 7.96794e-07
-0.41245, 7.8578e-07
-0.41245, 7.74842e-07
-0.41245, 7.64402e-07
-0.41245, 7.54001e-07
-0.41245, 7.43622e-07
-0.41245, 7.33324e-07
-0.41245, 7.23186e-07
-0.41245, 7.13332e-07
-0.41245, 7.03676e-07
-0.41245, 6.94524e-07
-0.41245, 6.85028e-07
-0.41245, 6.75727e-07
-0.41245, 6.66421e-07
-0.41245, 6.5749e-07
-0.41245, 6.48564e-07
-0.41245, 6.40273e-07
-0.41245, 6.31829e-07
-0.41245, 6.23383e-07
-0.41245, 6.15113e-07
-0.41245, 6.06868e-07
-0.41245, 5.98927e-07
-0.41245, 5.90949e-07
-0.41245, 5.82981e-07
-0.41245, 5.75554e-07
-0.41245, 5.68177e-07
-0.41245, 5.60678e-07
-0.41245, 5.53629e-07
-0.41245, 5.46616e-07
-0.41245, 5.39769e-07
-0.41245, 5.32964e-07
-0.41245, 5.26309e-07
-0.41245, 5.19942e-07
-0.41245, 5.13198e-07
-0.41245, 5.06968e-07
-0.41245, 5.0066e-07
-0.41245, 4.94496e-07
-0.41245, 4.88397e-07
-0.41245, 4.82479e-07
-0.41245, 4.76546e-07
-0.41245, 4.70656e-07
-0.41245, 4.65139e-07
-0.41245, 4.59587e-07
-0.41245, 4.53905e-07
-0.412449, 4.4877e-07
-0.412449, 4.43513e-07
-0.412449, 4.3832e-07
-0.412449, 4.33416e-07
-0.412449, 4.28101e-07
-0.412449, 4.23177e-07
-0.412449, 4.18329e-07
-0.412449, 4.1349e-07
-0.412449, 4.09036e-07
-0.412449, 4.04464e-07
-0.412449, 4.00152e-07
-0.412449, 3.95793e-07
-0.412449, 3.91351e-07
-0.412449, 3.87251e-07
-0.412449, 3.82818e-07
-0.412449, 3.78479e-07
-0.412449, 3.74461e-07
-0.412449, 3.70325e-07
-0.412449, 3.66558e-07
-0.412449, 3.62905e-07
-0.412449, 3.59293e-07
-0.412449, 3.55643e-07
-0.412449, 3.52626e-07
-0.412449, 3.49026e-07
-0.412449, 3.4575e-07
-0.412449, 3.4224e-07
-0.412449, 3.39186e-07
-0.412449, 3.35772e-07
-0.412449, 3.3295e-07
-0.412449, 3.29893e-07
-0.412449, 3.26723e-07
-0.412449, 3.2395e-07
-0.412449, 3.21283e-07
-0.412449, 3.18638e-07
-0.412449, 3.15926e-07
-0.412449, 3.13545e-07
-0.412449, 3.10833e-07
-0.412449, 3.08503e-07
-0.412449, 3.06155e-07
-0.412449, 3.03788e-07
-0.412449, 3.01495e-07
-0.412449, 2.99092e-07
-0.412449, 2.9709e-07
-0.412449, 2.94887e-07
-0.412449, 2.92904e-07
-0.412449, 2.90811e-07
-0.412449, 2.88608e-07
-0.412449, 2.86484e-07
-0.412449, 2.84979e-07
-0.412449, 2.83122e-07
-0.412449, 2.81303e-07
-0.412449, 2.79471e-07
-0.412449, 2.77478e-07
-0.412449, 2.76074e-07
-0.412449, 2.74208e-07
-0.412449, 2.72736e-07
-0.412449, 2.71154e-07
-0.412449, 2.69666e-07
-0.412449, 2.6791e-07
-0.412449, 2.66664e-07
-0.412449, 2.6536e-07
-0.412449, 2.63786e-07
-0.412449, 2.62309e-07
-0.412449, 2.6077e-07
-0.412449, 2.59543e-07
-0.412449, 2.58311e-07
-0.412449, 2.57234e-07
-0.412449, 2.55827e-07
-0.412449, 2.54522e-07
-0.412449, 2.53484e-07
-0.412449, 2.52661e-07
-0.412449, 2.51395e-07
-0.412449, 2.50122e-07
-0.412449, 2.49066e-07
-0.412449, 2.48061e-07
-0.412449, 2.47276e-07
-0.412449, 2.46546e-07
-0.412449, 2.45474e-07
-0.412449, 2.44511e-07
-0.412449, 2.43943e-07
-0.412449, 2.42859e-07
-0.412449, 2.42001e-07
-0.412449, 2.41254e-07
-0.412449, 2.40332e-07
-0.412449, 2.39638e-07
-0.412449, 2.38942e-07
-0.412449, 2.3836e-07
-0.412449, 2.37719e-07
-0.412449, 2.36783e-07
-0.412449, 2.35844e-07
-0.412449, 2.35254e-07
-0.412449, 2.34664e-07
-0.412449, 2.34072e-07
-0.412449, 2.33537e-07
-0.412449, 2.333e-07
-0.412449, 2.32525e-07
-0.412449, 2.31987e-07
-0.412449, 2.31328e-07
-0.412449, 2.30908e-07
-0.412449, 2.30306e-07
-0.412449, 2.29582e-07
-0.412449, 2.29158e-07
-0.412449, 2.28734e-07
-0.412449, 2.28187e-07
-0.412449, 2.277e-07
-0.412449, 2.27517e-07
-0.412449, 2.26723e-07
-0.412449, 2.2611e-07
-0.412449, 2.25803e-07
-0.412449, 2.25557e-07
-0.412449, 2.25372e-07
-0.412449, 2.24756e-07
-0.412449, 2.24323e-07
-0.412449, 2.23766e-07
-0.412449, 2.23579e-07
-0.412449, 2.23331e-07
-0.412449, 2.22709e-07
-0.412449, 2.22584e-07
-0.412449, 2.22272e-07
-0.412449, 2.22085e-07
-0.412449, 2.21584e-07
-0.412449, 2.21271e-07
-0.412449, 2.21083e-07
-0.412449, 2.20706e-07
-0.412449, 2.2058e-07
-0.412449, 2.20769e-07
-0.412449, 2.20139e-07
-0.412449, 2.1995e-07
-0.412449, 2.19761e-07
-0.412449, 2.19634e-07
-0.412449, 2.19128e-07
-0.412449, 2.19065e-07
-0.412449, 2.18748e-07
-0.412449, 2.18621e-07
-0.412449, 2.1824e-07
-0.412449, 2.18367e-07
-0.412449, 2.18049e-07
-0.412449, 2.17667e-07
-0.412449, 2.1773e-07
-0.412449, 2.17284e-07
-0.412449, 2.16836e-07
-0.412449, 2.16388e-07
-0.412449, 2.16195e-07
-0.412449, 2.15938e-07
-0.412449, 2.15359e-07
-0.412449, 2.15295e-07
-0.412449, 2.15037e-07
-0.412449, 2.15037e-07
-0.412449, 2.14584e-07
-0.412449, 2.14261e-07
-0.412449, 2.14002e-07
-0.412449, 2.13872e-07
-0.412449, 2.13872e-07
-0.412449, 2.13677e-07
-0.412449, 2.13092e-07
-0.412449, 2.13157e-07
-0.412449, 2.12962e-07
-0.412449, 2.12766e-07
-0.412449, 2.1257e-07
-0.412449, 2.1244e-07
-0.412449, 2.1257e-07
-0.412449, 2.12178e-07
-0.412449, 2.11916e-07
-0.412449, 2.11785e-07
-0.412449, 2.1172e-07
-0.412449, 2.11589e-07
-0.412449, 2.11523e-07
-0.412449, 2.11129e-07
-0.412449, 2.11523e-07
-0.412449, 2.11063e-07
-0.412449, 2.10997e-07
-0.412449, 2.10734e-07
-0.412449, 2.11063e-07
-0.412449, 2.108e-07
-0.412449, 2.10734e-07
-0.412449, 2.10668e-07
-0.412449, 2.10405e-07
-0.412449, 2.10273e-07
-0.412449, 2.10339e-07
-0.412449, 2.10273e-07
-0.412449, 2.10207e-07
-0.412449, 2.10075e-07
-0.412449, 2.10009e-07
-0.412449, 2.09943e-07
-0.412449, 2.09744e-07
-0.412449, 2.09744e-07
-0.412449, 2.0981e-07
-0.412449, 2.09413e-07
-0.412449, 2.09744e-07
-0.412449, 2.09612e-07
-0.412449, 2.09546e-07
-0.412449, 2.09678e-07
-0.412449, 2.09546e-07
-0.412449, 2.09081e-07
-0.412449, 2.09479e-07
-0.412449, 2.0928e-07
-0.412449, 2.09214e-07
-0.412449, 2.09347e-07
-0.412449, 2.09214e-07
-0.412449, 2.09081e-07
-0.412449, 2.09081e-07
-0.412449, 2.09148e-07
-0.412449, 2.09015e-07
-0.412449, 2.08949e-07
-0.412449, 2.08949e-07
-0.412449, 2.09015e-07
-0.412449, 2.09148e-07
-0.412449, 2.09015e-07
-0.412449, 2.08816e-07
-0.412449, 2.08749e-07
-0.412449, 2.08749e-07
-0.412449, 2.08616e-07
-0.412449, 2.09081e-07
-0.412449, 2.08816e-07
-0.412449, 2.08816e-07
-0.412449, 2.08882e-07
-0.412449, 2.08816e-07
-0.412449, 2.08816e-07
-0.412449, 2.08882e-07
-0.412449, 2.08683e-07
-0.412449, 2.08749e-07
-0.412449, 2.08683e-07
-0.412449, 2.08882e-07
-0.412449, 2.08749e-07
-0.412449, 2.08882e-07
-0.412449, 2.08949e-07
-0.412449, 2.08616e-07
-0.412449, 2.08949e-07
-0.412449, 2.08749e-07
-0.412449, 2.09081e-07
-0.412449, 2.08949e-07
-0.412449, 2.08882e-07
-0.412449, 2.08882e-07
-0.412449, 2.09015e-07
-0.412449, 2.08683e-07
-0.412449, 2.08816e-07
-0.412449, 2.08816e-07
-0.412449, 2.08749e-07
-0.412449, 2.08882e-07
-0.412449, 2.08816e-07
-0.412449, 2.08882e-07
-0.412449, 2.08816e-07
-0.412449, 2.08882e-07
-0.412449, 2.08882e-07
-0.412449, 2.09081e-07
-0.412449, 2.08949e-07
-0.412449, 2.08949e-07
-0.412449, 2.09081e-07
-0.412449, 2.09015e-07
-0.412449, 2.09081e-07
-0.412449, 2.08882e-07
-0.412449, 2.08749e-07
-0.412449, 2.08949e-07
-0.412449, 2.09148e-07
-0.412449, 2.08816e-07
-0.412449, 2.08816e-07
-0.412449, 2.09148e-07
-0.412449, 2.09148e-07
-0.412449, 2.09015e-07
-0.412449, 2.0928e-07
-0.412449, 2.08882e-07
-0.412449, 2.09015e-07
-0.412449, 2.09081e-07
-0.412449, 2.09148e-07
-0.412449, 2.0928e-07
-0.412449, 2.09148e-07
-0.412449, 2.0928e-07
-0.412449, 2.09148e-07
-0.412449, 2.09081e-07
-0.412449, 2.09347e-07
-0.412449, 2.09081e-07
-0.412449, 2.09347e-07
-0.412449, 2.09413e-07
-0.412449, 2.09347e-07
-0.412449, 2.09612e-07
-0.412449, 2.09546e-07
-0.412449, 2.09413e-07
-0.412449, 2.09347e-07
-0.412449, 2.09546e-07
-0.412449, 2.09479e-07
-0.412449, 2.09413e-07
-0.412449, 2.09214e-07
-0.412449, 2.09479e-07
-0.412449, 2.09678e-07
-0.412449, 2.09744e-07
-0.412449, 2.09678e-07
-0.412449, 2.09612e-07
-0.412449, 2.09479e-07
-0.412449, 2.09612e-07
-0.412449, 2.0981e-07
-0.412449, 2.10009e-07
-0.412449, 2.09678e-07
-0.412449, 2.09612e-07
-0.412449, 2.09678e-07
-0.412449, 2.09744e-07
-0.412449, 2.09876e-07
-0.412449, 2.0981e-07
-0.412449, 2.09546e-07
-0.412449, 2.0981e-07
-0.412449, 2.09943e-07
-0.412449, 2.09678e-07
-0.412449, 2.09744e-07
-0.412449, 2.0981e-07
-0.412449, 2.10141e-07
-0.412449, 2.10141e-07
-0.412449, 2.09876e-07
-0.412449, 2.09678e-07
-0.412449, 2.09943e-07
-0.412449, 2.10141e-07
-0.412449, 2.10207e-07
-0.412449, 2.10141e-07
-0.412449, 2.10141e-07
-0.412449, 2.10273e-07
-0.412449, 2.10075e-07
-0.412449, 2.10405e-07
-0.412449, 2.10207e-07
-0.412449, 2.10273e-07
-0.412449, 2.10273e-07
-0.412449, 2.10273e-07
-0.412449, 2.10141e-07
-0.412449, 2.10405e-07
-0.412449, 2.10141e-07
-0.412449, 2.10537e-07
-0.412449, 2.10471e-07
-0.412449, 2.10405e-07
-0.412449, 2.10997e-07
-0.412449, 2.108e-07
-0.412449, 2.10537e-07
-0.412449, 2.10734e-07
-0.412449, 2.10932e-07
-0.412449, 2.10932e-07
-0.412449, 2.108e-07
-0.412449, 2.10997e-07
-0.412449, 2.10932e-07
-0.412449, 2.11129e-07
-0.412449, 2.11129e-07
-0.412449, 2.10734e-07
-0.412449, 2.11195e-07
-0.412449, 2.11063e-07
-0.412449, 2.11457e-07
-0.412449, 2.11326e-07
-0.412449, 2.11589e-07
-0.412449, 2.11523e-07
-0.412449, 2.12047e-07
-0.412449, 2.11589e-07
-0.412449, 2.11851e-07
-0.412449, 2.11785e-07
-0.412449, 2.11654e-07
-0.412449, 2.1172e-07
-0.412449, 2.12113e-07
-0.412449, 2.11982e-07
-0.412449, 2.12309e-07
-0.412449, 2.12047e-07
-0.412449, 2.12178e-07
-0.412449, 2.12178e-07
-0.412449, 2.12243e-07
-0.412449, 2.12309e-07
-0.412449, 2.12309e-07
-0.412449, 2.12243e-07
-0.412449, 2.12374e-07
-0.412449, 2.12309e-07
-0.412449, 2.1244e-07
-0.412449, 2.1244e-07
-0.412449, 2.12635e-07
-0.412449, 2.12243e-07
-0.412449, 2.12374e-07
-0.412449, 2.12374e-07
-0.412449, 2.1257e-07
-0.412449, 2.12243e-07
-0.412449, 2.1244e-07
-0.412449, 2.12374e-07
-0.412449, 2.12309e-07
-0.412449, 2.12505e-07
-0.412449, 2.1257e-07
-0.412449, 2.12635e-07
-0.412449, 2.1244e-07
-0.412449, 2.12635e-07
-0.412449, 2.1244e-07
-0.412449, 2.13027e-07
-0.412449, 2.12701e-07
-0.412449, 2.12896e-07
-0.412449, 2.13092e-07
-0.412449, 2.12831e-07
-0.412449, 2.13157e-07
-0.412449, 2.12962e-07
-0.412449, 2.13352e-07
-0.412449, 2.13547e-07
-0.412449, 2.13287e-07
-0.412449, 2.13287e-07
-0.412449, 2.13417e-07
-0.412449, 2.13547e-07
-0.412449, 2.13547e-07
-0.412449, 2.13287e-07
-0.412449, 2.13677e-07
-0.412449, 2.13612e-07
-0.412449, 2.13872e-07
-0.412449, 2.13872e-07
-0.412449, 2.14002e-07
-0.412449, 2.14066e-07
-0.412449, 2.14196e-07
-0.412449, 2.14196e-07
-0.412449, 2.14131e-07
-0.412449, 2.1439e-07
-0.412449, 2.14261e-07
-0.412449, 2.14261e-07
-0.412449, 2.14584e-07
-0.412449, 2.1452e-07
-0.412449, 2.14649e-07
-0.412449, 2.14714e-07
-0.412449, 2.14778e-07
-0.412449, 2.14843e-07
-0.412449, 2.14908e-07
-0.412449, 2.14714e-07
-0.412449, 2.14972e-07
-0.412449, 2.14843e-07
-0.412449, 2.14972e-07
-0.412449, 2.15101e-07
-0.412449, 2.15295e-07
-0.412449, 2.15488e-07
-0.412449, 2.16388e-07
-0.412449, 2.16388e-07
-0.412449, 2.16708e-07
-0.412449, 2.17475e-07
-0.412449, 2.18049e-07
-0.412449, 2.17348e-07
-0.412449, 2.17475e-07
-0.412449, 2.17348e-07
-0.412449, 2.17603e-07
-0.412449, 2.17028e-07
-0.412449, 2.16708e-07
-0.412449, 2.169e-07
-0.412449, 2.17156e-07
-0.412449, 2.17348e-07
-0.412449, 2.17539e-07
-0.412449, 2.17028e-07
-0.412449, 2.17284e-07
-0.412449, 2.17411e-07
-0.412449, 2.17348e-07
-0.412449, 2.17028e-07
-0.412449, 2.17411e-07
-0.412449, 2.17858e-07
-0.412449, 2.17539e-07
-0.412449, 2.17794e-07
-0.412449, 2.17411e-07
-0.412449, 2.18112e-07
-0.412449, 2.17922e-07
-0.412449, 2.18049e-07
-0.412449, 2.18303e-07
-0.412449, 2.18494e-07
-0.412449, 2.17922e-07
-0.412449, 2.18112e-07
-0.412449, 2.1824e-07
-0.412449, 2.18875e-07
-0.412449, 2.18684e-07
-0.412449, 2.19508e-07
-0.412449, 2.19634e-07
-0.412449, 2.19508e-07
-0.412449, 2.19318e-07
-0.412449, 2.19697e-07
-0.412449, 2.19128e-07
-0.412449, 2.19381e-07
-0.412449, 2.19191e-07
-0.412449, 2.19191e-07
-0.412449, 2.19191e-07
-0.412449, 2.19381e-07
-0.412449, 2.18684e-07
-0.412449, 2.18494e-07
-0.412449, 2.19318e-07
-0.412449, 2.19065e-07
-0.412449, 2.19191e-07
-0.412449, 2.18494e-07
-0.412449, 2.19001e-07
-0.412449, 2.19255e-07
-0.412449, 2.18938e-07
-0.412449, 2.18684e-07
-0.412449, 2.19318e-07
-0.412449, 2.19191e-07
-0.412449, 2.19065e-07
-0.412449, 2.19508e-07
-0.412449, 2.19571e-07
-0.412449, 2.19508e-07
-0.412449, 2.19761e-07
-0.412449, 2.19255e-07
-0.412449, 2.19508e-07
-0.412449, 2.19318e-07
-0.412449, 2.19445e-07
-0.412449, 2.19318e-07
-0.412449, 2.19065e-07
-0.412449, 2.19318e-07
-0.412449, 2.19191e-07
-0.412449, 2.19128e-07
-0.412449, 2.19381e-07
-0.412449, 2.19318e-07
-0.412449, 2.19255e-07
-0.412449, 2.19065e-07
-0.412449, 2.19065e-07
-0.412449, 2.19318e-07
-0.412449, 2.19065e-07
-0.412449, 2.19128e-07
-0.412449, 2.19128e-07
-0.412449, 2.19191e-07
-0.412449, 2.19128e-07
-0.412449, 2.18811e-07
-0.412449, 2.19065e-07
-0.412449, 2.19065e-07
-0.412449, 2.19001e-07
-0.412449, 2.19128e-07
-0.412449, 2.18938e-07
-0.412449, 2.19381e-07
-0.412449, 2.18875e-07
-0.412449, 2.19128e-07
-0.412449, 2.19191e-07
-0.412449, 2.19001e-07
-0.412449, 2.19255e-07
-0.412449, 2.19128e-07
-0.412449, 2.19191e-07
-0.412449, 2.19065e-07
-0.412449, 2.19065e-07
-0.412449, 2.19255e-07
-0.412449, 2.19065e-07
-0.412449, 2.18938e-07
-0.412449, 2.19191e-07
-0.412449, 2.19191e-07
-0.412449, 2.19255e-07
-0.412449, 2.19191e-07
-0.412449, 2.19191e-07
-0.412449, 2.19191e-07
-0.412449, 2.18938e-07
-0.412449, 2.19255e-07
-0.412449, 2.19255e-07
-0.412449, 2.19065e-07
-0.412449, 2.19318e-07
-0.412449, 2.19318e-07
-0.412449, 2.19318e-07
-0.412449, 2.19318e-07
-0.412449, 2.19255e-07
-0.412449, 2.19318e-07
-0.412449, 2.19445e-07
-0.412449, 2.19381e-07
-0.412449, 2.19318e-07
-0.412449, 2.19318e-07
-0.412449, 2.19381e-07
-0.412449, 2.19191e-07
-0.412449, 2.19508e-07
-0.412449, 2.19255e-07
-0.412449, 2.19255e-07
-0.412449, 2.19318e-07
-0.412449, 2.19255e-07
-0.412449, 2.19571e-07
-0.412449, 2.19318e-07
-0.412449, 2.19255e-07
-0.412449, 2.19508e-07
-0.412449, 2.19761e-07
-0.412449, 2.19381e-07
-0.412449, 2.19381e-07
-0.412449, 2.19697e-07
-0.412449, 2.19445e-07
-0.412449, 2.19571e-07
-0.412449, 2.19381e-07
-0.412449, 2.19445e-07
-0.412449, 2.19761e-07
-0.412449, 2.19634e-07
-0.412449, 2.19445e-07
-0.412449, 2.19508e-07
-0.412449, 2.19445e-07
-0.412449, 2.19318e-07
-0.412449, 2.19634e-07
-0.412449, 2.19445e-07
-0.412449, 2.19571e-07
-0.412449, 2.19761e-07
-0.412449, 2.19571e-07
-0.412449, 2.19381e-07
-0.412449, 2.19508e-07
-0.412449, 2.19381e-07
-0.412449, 2.19571e-07
-0.412449, 2.19571e-07
-0.412449, 2.19697e-07
-0.412449, 2.19571e-07
-0.412449, 2.19634e-07
-0.412449, 2.19571e-07
-0.412449, 2.19761e-07
-0.412449, 2.19571e-07
-0.412449, 2.19697e-07
-0.412449, 2.19508e-07
-0.412449, 2.19634e-07
-0.412449, 2.19508e-07
-0.412449, 2.19697e-07
-0.412449, 2.19697e-07
-0.412449, 2.19697e-07
-0.412449, 2.19634e-07
-0.412449, 2.19508e-07
-0.412449, 2.19445e-07
-0.412449, 2.19508e-07
-0.412449, 2.19445e-07
-0.412449, 2.19508e-07
-0.412449, 2.19508e-07
-0.412449, 2.19508e-07
-0.412449, 2.19697e-07
-0.412449, 2.19634e-07
-0.412449, 2.19508e-07
-0.412449, 2.19508e-07
-0.412449, 2.19381e-07
-0.412449, 2.19571e-07
-0.412449, 2.19571e-07
-0.412449, 2.19381e-07
-0.412449, 2.19571e-07
-0.412449, 2.19445e-07
-0.412449, 2.19508e-07
-0.412449, 2.19508e-07
-0.412449, 2.19508e-07
-0.412449, 2.19634e-07
-0.412449, 2.19381e-07
-0.412449, 2.19571e-07
-0.412449, 2.19381e-07
-0.412449, 2.19445e-07
-0.412449, 2.19381e-07
-0.412449, 2.19571e-07
-0.412449, 2.19697e-07
-0.412449, 2.19445e-07
-0.412449, 2.19445e-07
-0.412449, 2.19508e-07
-0.412449, 2.19318e-07
-0.412449, 2.19508e-07
-0.412449, 2.19634e-07
-0.412449, 2.19508e-07
-0.412449, 2.19761e-07
-0.412449, 2.19634e-07
-0.412449, 2.19824e-07
-0.412449, 2.19761e-07
-0.412449, 2.19634e-07
-0.412449, 2.1995e-07
-0.412449, 2.19761e-07
-0.412449, 2.1995e-07
-0.412449, 2.19697e-07
-0.412449, 2.19887e-07
-0.412449, 2.19697e-07
-0.412449, 2.20013e-07
-0.412449, 2.19761e-07
-0.412449, 2.19761e-07
-0.412449, 2.19824e-07
-0.412449, 2.19697e-07
-0.412449, 2.20076e-07
-0.412449, 2.19887e-07
-0.412449, 2.20013e-07
-0.412449, 2.19887e-07
-0.412449, 2.19887e-07
-0.412449, 2.19887e-07
