0, 0
-0.000141301, 0.00356033
-0.000164898, 0.00356185
-0.000187323, 0.00356733
-0.000208608, 0.00357687
-0.000228781, 0.0035906
-0.000247873, 0.00360859
-0.000265929, 0.00363091
-0.000282971, 0.00365759
-0.000299034, 0.0036886
-0.000314164, 0.00372394
-0.000328399, 0.00376353
-0.000341771, 0.00380729
-0.000354318, 0.00385512
-0.00036609, 0.0039069
-0.000377114, 0.00396246
-0.000387408, 0.00402166
-0.000397018, 0.0040843
-0.000405974, 0.00415021
-0.000414311, 0.00421918
-0.000422063, 0.00429104
-0.000429258, 0.00436557
-0.000435936, 0.00444257
-0.000442127, 0.00452187
-0.000447862, 0.00460326
-0.000453193, 0.00468656
-0.00045815, 0.00477158
-0.000462778, 0.00485814
-0.000467112, 0.00494608
-0.000471176, 0.00503523
-0.000475016, 0.00512543
-0.000478677, 0.00521654
-0.000482198, 0.00530842
-0.00048562, 0.00540092
-0.000488984, 0.00549393
-0.000492337, 0.00558735
-0.000495715, 0.00568105
-0.000499168, 0.00577494
-0.000502741, 0.00586894
-0.000506483, 0.00596295
-0.000510443, 0.0060569
-0.000514667, 0.00615071
-0.000519208, 0.00624433
-0.000524117, 0.00633769
-0.000529452, 0.00643074
-0.000535263, 0.00652343
-0.000541606, 0.00661572
-0.000548538, 0.00670758
-0.000556115, 0.00679897
-0.000564394, 0.00688987
-0.000573432, 0.00698025
-0.000583285, 0.00707011
-0.00059401, 0.00715942
-0.00060567, 0.00724817
-0.000618323, 0.00733636
-0.00063203, 0.00742399
-0.00064685, 0.00751104
-0.000662839, 0.00759752
-0.000680055, 0.00768344
-0.000698555, 0.00776878
-0.00071839, 0.00785357
-0.000739617, 0.00793781
-0.000762292, 0.0080215
-0.000786469, 0.00810467
-0.000812198, 0.00818732
-0.000839531, 0.00826946
-0.000868518, 0.00835111
-0.000899206, 0.00843228
-0.00093164, 0.00851298
-0.000965868, 0.00859324
-0.00100193, 0.00867306
-0.00103988, 0.00875245
-0.00107973, 0.00883144
-0.00112155, 0.00891003
-0.00116536, 0.00898824
-0.0012112, 0.00906609
-0.0012591, 0.00914358
-0.0013091, 0.00922073
-0.00136123, 0.00929757
-0.00141551, 0.00937409
-0.00147197, 0.00945031
-0.00153063, 0.00952624
-0.00159151, 0.0096019
-0.00165463, 0.0096773
-0.00172002, 0.00975244
-0.00178768, 0.00982733
-0.00185764, 0.00990198
-0.0019299, 0.00997641
-0.00200448, 0.0100506
-0.00208138, 0.0101246
-0.00216061, 0.0101984
-0.00224218, 0.010272
-0.00232608, 0.0103454
-0.00241233, 0.0104186
-0.00250092, 0.0104917
-0.00259184, 0.0105645
-0.00268511, 0.0106372
-0.00278071, 0.0107098
-0.00287863, 0.0107822
-0.00297887, 0.0108544
-0.00308142, 0.0109265
-0.00325745, 0.0110463
-0.00343981, 0.0111657
-0.00362843, 0.0112847
-0.00382326, 0.0114034
-0.00402419, 0.0115217
-0.00423115, 0.0116396
-0.00444403, 0.0117572
-0.00466274, 0.0118745
-0.00488715, 0.0119914
-0.00511716, 0.0121079
-0.00535265, 0.0122242
-0.00559349, 0.0123401
-0.00583956, 0.0124557
-0.00609072, 0.012571
-0.00634686, 0.012686
-0.00660782, 0.0128007
-0.00687346, 0.0129151
-0.00714363, 0.0130292
-0.00741819, 0.013143
-0.00769702, 0.0132566
-0.00797995, 0.0133699
-0.00826686, 0.013483
-0.0085576, 0.0135958
-0.00885202, 0.0137084
-0.00914998, 0.0138207
-0.00945134, 0.0139329
-0.00975594, 0.0140448
-0.0100637, 0.0141566
-0.0103744, 0.0142682
-0.0106879, 0.0143796
-0.0110041, 0.0144909
-0.0113229, 0.0146021
-0.0116441, 0.0147131
-0.0119675, 0.014824
-0.0122932, 0.0149349
-0.0126209, 0.0150457
-0.0129504, 0.0151565
-0.0132818, 0.0152672
-0.0136148, 0.0153779
-0.0139494, 0.0154886
-0.0142854, 0.0155993
-0.0146227, 0.01571
-0.0149611, 0.0158208
-0.0153007, 0.0159317
-0.0156413, 0.0160427
-0.0159827, 0.0161538
-0.0163248, 0.016265
-0.0166677, 0.0163763
-0.0170111, 0.0164878
-0.0173549, 0.0165995
-0.0176992, 0.0167114
-0.0180437, 0.0168235
-0.0183884, 0.0169359
-0.0187332, 0.0170485
-0.019078, 0.0171614
-0.0194228, 0.0172745
-0.0197674, 0.017388
-0.0201119, 0.0175018
-0.020456, 0.0176159
-0.0207997, 0.0177304
-0.021143, 0.0178453
-0.0214858, 0.0179606
-0.021828, 0.0180762
-0.0221696, 0.0181923
-0.0225104, 0.0183089
-0.0228505, 0.0184259
-0.0231898, 0.0185433
-0.0235282, 0.0186613
-0.0238656, 0.0187797
-0.024202, 0.0188987
-0.0245374, 0.0190182
-0.0248716, 0.0191383
-0.0252047, 0.0192589
-0.0255366, 0.0193801
-0.0258673, 0.0195019
-0.0261967, 0.0196243
-0.0265247, 0.0197473
-0.0268514, 0.019871
-0.0271766, 0.0199952
-0.0275004, 0.0201202
-0.0278227, 0.0202458
-0.0281434, 0.020372
-0.0284626, 0.020499
-0.0287802, 0.0206267
-0.0290961, 0.020755
-0.0294104, 0.0208841
-0.029723, 0.0210139
-0.0300339, 0.0211445
-0.030343, 0.0212758
-0.0306504, 0.0214079
-0.0309559, 0.0215408
-0.0312596, 0.0216744
-0.0315614, 0.0218088
-0.0318614, 0.0219441
-0.0321595, 0.0220801
-0.0324556, 0.0222169
-0.0327498, 0.0223546
-0.0330421, 0.0224931
-0.0333323, 0.0226324
-0.0336206, 0.0227726
-0.0343041, 0.0231126
-0.0349758, 0.0234575
-0.0356355, 0.0238075
-0.036283, 0.0241627
-0.0369181, 0.0245231
-0.0375406, 0.0248889
-0.0381505, 0.0252599
-0.0387476, 0.0256364
-0.0393319, 0.0260183
-0.0399033, 0.0264057
-0.0404616, 0.0267986
-0.0410069, 0.027197
-0.0415391, 0.027601
-0.0420582, 0.0280106
-0.042564, 0.0284257
-0.0430567, 0.0288464
-0.0435362, 0.0292727
-0.0440025, 0.0297046
-0.0444555, 0.030142
-0.0448954, 0.030585
-0.0453221, 0.0310334
-0.0457357, 0.0314874
-0.0461362, 0.0319468
-0.0465235, 0.0324117
-0.0468978, 0.032882
-0.0472591, 0.0333576
-0.0476075, 0.0338385
-0.0479429, 0.0343246
-0.0482655, 0.034816
-0.0485752, 0.0353125
-0.0488723, 0.0358141
-0.0491567, 0.0363207
-0.0494284, 0.0368323
-0.0496877, 0.0373487
-0.0499344, 0.0378699
-0.0501688, 0.0383959
-0.0503909, 0.0389265
-0.0506008, 0.0394617
-0.0507986, 0.0400014
-0.0509843, 0.0405455
-0.0511581, 0.0410939
-0.05132, 0.0416464
-0.0514702, 0.0422032
-0.0516087, 0.0427639
-0.0517357, 0.0433285
-0.0518513, 0.043897
-0.0519555, 0.0444692
-0.0520484, 0.045045
-0.0521303, 0.0456242
-0.0522012, 0.0462069
-0.0522611, 0.0467929
-0.0523104, 0.047382
-0.0523489, 0.0479742
-0.052377, 0.0485693
-0.0523947, 0.0491672
-0.0524021, 0.0497679
-0.0523994, 0.0503711
-0.0523867, 0.0509768
-0.0523641, 0.0515849
-0.0523318, 0.0521951
-0.0522899, 0.0528075
-0.0522385, 0.0534219
-0.0521778, 0.0540381
-0.052108, 0.054656
-0.0520291, 0.0552756
-0.0519414, 0.0558966
-0.0518449, 0.0565191
-0.0517399, 0.0571427
-0.0516264, 0.0577675
-0.0515046, 0.0583933
-0.0513747, 0.0590199
-0.0512368, 0.0596473
-0.0510911, 0.0602753
-0.0509377, 0.0609039
-0.0507768, 0.0615328
-0.0506086, 0.0621619
-0.0504332, 0.0627912
-0.0502507, 0.0634205
-0.0500614, 0.0640497
-0.0498654, 0.0646787
-0.0496628, 0.0653074
-0.0494538, 0.0659356
-0.0492387, 0.0665632
-0.0490174, 0.0671902
-0.0487902, 0.0678164
-0.0485573, 0.0684417
-0.0483187, 0.069066
-0.0480747, 0.0696891
-0.0478255, 0.0703111
-0.0475711, 0.0709317
-0.0473118, 0.0715509
-0.0470477, 0.0721686
-0.0467789, 0.0727846
-0.0465056, 0.073399
-0.0462281, 0.0740115
-0.0459463, 0.0746221
-0.0456605, 0.0752307
-0.0453708, 0.0758372
-0.0450774, 0.0764415
-0.0447805, 0.0770435
-0.0444045, 0.0777927
-0.0440235, 0.0785381
-0.0436377, 0.0792795
-0.0432474, 0.0800168
-0.0428529, 0.0807497
-0.0424545, 0.0814782
-0.0420524, 0.0822022
-0.0416469, 0.0829214
-0.0412382, 0.0836358
-0.0408267, 0.0843453
-0.0404125, 0.0850497
-0.039996, 0.0857489
-0.0395773, 0.0864428
-0.0391568, 0.0871314
-0.0387345, 0.0878144
-0.0383108, 0.0884919
-0.0378859, 0.0891638
-0.03746, 0.0898299
-0.0370333, 0.0904902
-0.0366059, 0.0911446
-0.0361783, 0.0917931
-0.0357504, 0.0924355
-0.0353225, 0.0930719
-0.0348948, 0.0937021
-0.0344675, 0.0943261
-0.0340407, 0.094944
-0.0336147, 0.0955555
-0.0331895, 0.0961608
-0.0327654, 0.0967597
-0.0323424, 0.0973522
-0.0319208, 0.0979384
-0.0315007, 0.0985181
-0.0310822, 0.0990914
-0.0306654, 0.0996583
-0.0302505, 0.100219
-0.0298376, 0.100773
-0.0294269, 0.10132
-0.0290183, 0.101861
-0.0286121, 0.102396
-0.0282083, 0.102924
-0.027807, 0.103445
-0.0274084, 0.103961
-0.0270125, 0.104469
-0.0266193, 0.104972
-0.0262291, 0.105468
-0.0258418, 0.105957
-0.0254575, 0.106441
-0.0250763, 0.106917
-0.0246983, 0.107388
-0.0243235, 0.107852
-0.0239519, 0.108311
-0.0235837, 0.108763
-0.0232188, 0.109208
-0.0228574, 0.109648
-0.0224994, 0.110081
-0.0221449, 0.110509
-0.0217939, 0.11093
-0.0214465, 0.111346
-0.0211027, 0.111756
-0.0207625, 0.112159
-0.0204259, 0.112557
-0.0200929, 0.112949
-0.0197637, 0.113336
-0.0194381, 0.113717
-0.0191162, 0.114092
-0.018798, 0.114461
-0.0184835, 0.114825
-0.0181728, 0.115184
-0.0178658, 0.115537
-0.0175624, 0.115885
-0.0172628, 0.116227
-0.016967, 0.116564
-0.0166748, 0.116896
-0.0163863, 0.117223
-0.0161015, 0.117545
-0.0158204, 0.117861
-0.015543, 0.118173
-0.0152692, 0.11848
-0.0149991, 0.118782
-0.0147326, 0.119079
-0.0144697, 0.119372
-0.0142104, 0.119659
-0.0139546, 0.119943
-0.0137024, 0.120221
-0.0134538, 0.120495
-0.0132086, 0.120765
-0.0129669, 0.12103
-0.0127287, 0.121291
-0.0124939, 0.121547
-0.0122625, 0.1218
-0.0120344, 0.122048
-0.0118097, 0.122292
-0.0115884, 0.122532
-0.0113703, 0.122768
-0.0111554, 0.123
-0.0109438, 0.123228
-0.0107354, 0.123452
-0.0105302, 0.123673
-0.0103281, 0.123889
-0.0101291, 0.124102
-0.00980421, 0.124449
-0.00948774, 0.124787
-0.0091795, 0.125114
-0.00887933, 0.125433
-0.00858707, 0.125742
-0.00830257, 0.126042
-0.00802568, 0.126334
-0.00775623, 0.126617
-0.00749406, 0.126892
-0.00723903, 0.127159
-0.00699099, 0.127418
-0.00674976, 0.127669
-0.00651521, 0.127913
-0.00628718, 0.12815
-0.00606552, 0.12838
-0.00585008, 0.128603
-0.0056407, 0.128819
-0.00543726, 0.129029
-0.00523959, 0.129233
-0.00504757, 0.12943
-0.00486106, 0.129622
-0.0046799, 0.129807
-0.00450398, 0.129987
-0.00433316, 0.130162
-0.0041673, 0.130331
-0.00400629, 0.130495
-0.00384999, 0.130654
-0.00369827, 0.130808
-0.00355102, 0.130957
-0.00340811, 0.131102
-0.00326944, 0.131242
-0.00313488, 0.131378
-0.00300433, 0.131509
-0.00287767, 0.131637
-0.00275479, 0.13176
-0.0026356, 0.13188
-0.00252, 0.131995
-0.00240788, 0.132107
-0.00229914, 0.132216
-0.00219369, 0.132321
-0.00209143, 0.132422
-0.00199228, 0.132521
-0.00189614, 0.132616
-0.00180294, 0.132708
-0.00171259, 0.132797
-0.00162501, 0.132883
-0.00154011, 0.132966
-0.00145781, 0.133047
-0.00137805, 0.133125
-0.00130075, 0.1332
-0.00122583, 0.133273
-0.00115323, 0.133343
-0.00108287, 0.133411
-0.0010147, 0.133476
-0.00094865, 0.133539
-0.000884652, 0.133601
-0.000822649, 0.13366
-0.000762583, 0.133717
-0.0007044, 0.133771
-0.000648035, 0.133824
-0.000593436, 0.133875
-0.000540549, 0.133925
-0.000489323, 0.133972
-0.000439708, 0.134018
-0.000391656, 0.134062
-0.000345124, 0.134104
-0.000300066, 0.134145
-0.000256433, 0.134184
-0.000214182, 0.134222
-0.000173272, 0.134259
-0.000133666, 0.134293
-9.53201e-05, 0.134327
-5.81956e-05, 0.134359
-2.22598e-05, 0.13439
1.25292e-05, 0.13442
4.62005e-05, 0.134448
7.87894e-05, 0.134475
0.000110332, 0.134501
0.000140861, 0.134526
0.000170406, 0.13455
0.000198996, 0.134573
0.000226663, 0.134594
0.000253432, 0.134615
0.000279332, 0.134635
0.000304394, 0.134653
0.000328637, 0.134671
0.000352089, 0.134688
0.000374774, 0.134704
0.000396715, 0.134719
0.000417934, 0.134734
0.000438458, 0.134747
0.000458304, 0.13476
0.000477492, 0.134772
0.000496048, 0.134783
0.000513983, 0.134794
0.000531324, 0.134804
0.000548086, 0.134813
0.000564286, 0.134821
0.000579942, 0.134829
0.000595074, 0.134836
0.000609694, 0.134843
0.00062382, 0.134849
0.000637467, 0.134854
0.000650647, 0.134859
0.000663382, 0.134864
0.000675677, 0.134867
0.000687551, 0.134871
0.000699016, 0.134873
0.000710082, 0.134876
0.000720768, 0.134877
0.000731084, 0.134879
0.000741039, 0.13488
0.000750645, 0.13488
0.00075991, 0.13488
0.000768848, 0.13488
0.000777466, 0.134879
0.000785772, 0.134877
0.000793781, 0.134876
0.000801506, 0.134874
0.000808949, 0.134871
0.000816117, 0.134869
0.000823022, 0.134866
0.000829666, 0.134862
0.000836062, 0.134858
0.000842216, 0.134854
0.000848137, 0.13485
0.000853832, 0.134845
0.000859301, 0.13484
0.000864556, 0.134835
0.000869601, 0.134829
0.000874451, 0.134823
0.000879103, 0.134817
0.000883565, 0.134811
0.000887844, 0.134804
0.000891946, 0.134797
0.000895874, 0.13479
0.000899634, 0.134783
0.000903237, 0.134775
0.00090668, 0.134767
0.000909966, 0.134759
0.000913104, 0.134751
0.000916097, 0.134742
0.00091895, 0.134733
0.000921671, 0.134724
0.000924261, 0.134715
0.000926726, 0.134706
0.000929063, 0.134696
0.000931281, 0.134687
0.000933388, 0.134677
0.00093538, 0.134667
0.000937258, 0.134656
0.000939031, 0.134646
0.0009407, 0.134635
0.000942269, 0.134624
0.000943746, 0.134614
0.000945125, 0.134602
0.000946419, 0.134591
0.00094762, 0.13458
0.000948738, 0.134568
0.000949761, 0.134557
0.000950712, 0.134545
0.000951579, 0.134533
0.00095237, 0.134521
0.000953085, 0.134509
0.000953726, 0.134497
0.000954296, 0.134484
0.000954799, 0.134472
0.000955224, 0.134459
0.000955585, 0.134446
0.000955889, 0.134433
0.00095613, 0.13442
0.000956313, 0.134407
0.000956437, 0.134394
0.0009565, 0.134381
0.000956507, 0.134367
0.00095646, 0.134354
0.000956357, 0.13434
0.000956207, 0.134326
0.000956002, 0.134312
0.00095575, 0.134299
0.000955448, 0.134285
0.000955097, 0.13427
0.000954702, 0.134256
0.000954267, 0.134242
0.00095379, 0.134228
0.000953268, 0.134213
0.0009527, 0.134199
0.000952092, 0.134184
0.000951449, 0.13417
0.00095077, 0.134155
0.000950053, 0.13414
0.000949299, 0.134125
0.000948513, 0.13411
0.000947694, 0.134095
0.000946838, 0.13408
0.000945944, 0.134065
0.00094502, 0.13405
0.000944063, 0.134035
0.000943075, 0.134019
0.00094206, 0.134004
0.000941015, 0.133988
0.000939941, 0.133973
0.000938838, 0.133957
0.000937709, 0.133942
0.000936551, 0.133926
0.000935366, 0.13391
0.000934155, 0.133894
0.000932916, 0.133879
0.000931652, 0.133863
0.000930365, 0.133847
0.000929053, 0.133831
0.000927721, 0.133815
0.000926363, 0.133799
0.000924983, 0.133782
0.000923581, 0.133766
0.000922157, 0.13375
0.000920707, 0.133734
0.000919245, 0.133717
0.000917767, 0.133701
0.000916271, 0.133684
0.000914757, 0.133668
0.000913231, 0.133651
0.000911672, 0.133635
0.000910095, 0.133618
0.000908501, 0.133602
0.000906889, 0.133585
0.000905261, 0.133568
0.000903615, 0.133552
0.000901954, 0.133535
0.000900275, 0.133518
0.000898577, 0.133501
0.000896863, 0.133484
0.000895134, 0.133468
0.00089339, 0.133451
0.00089163, 0.133434
0.000889854, 0.133417
0.000888064, 0.1334
0.000886258, 0.133383
0.000884436, 0.133365
0.000882603, 0.133348
0.000880755, 0.133331
0.000878896, 0.133314
0.00087702, 0.133297
0.00087514, 0.13328
0.000873248, 0.133262
0.000871335, 0.133245
0.000869408, 0.133228
0.000867469, 0.13321
0.000865517, 0.133193
0.000863553, 0.133176
0.00086158, 0.133158
0.000859596, 0.133141
0.000857597, 0.133123
0.000855586, 0.133106
0.000853564, 0.133088
0.00085153, 0.133071
0.000849485, 0.133053
0.000847432, 0.133036
0.000845369, 0.133018
0.000843293, 0.133001
0.000841203, 0.132983
0.000839103, 0.132965
0.00083699, 0.132948
0.000834868, 0.13293
0.000832743, 0.132912
0.000830608, 0.132894
0.000828465, 0.132877
0.000826309, 0.132859
0.00082414, 0.132841
0.000821961, 0.132823
0.000819772, 0.132805
0.000817568, 0.132788
0.000815352, 0.13277
0.000813125, 0.132752
0.000810888, 0.132734
0.000808642, 0.132716
0.000806386, 0.132698
0.000804123, 0.13268
0.000801853, 0.132662
0.000799578, 0.132644
0.000797291, 0.132627
0.000794999, 0.132609
0.000792701, 0.132591
0.000790393, 0.132573
0.000788078, 0.132555
0.000785755, 0.132536
0.000783421, 0.132518
0.000781079, 0.1325
0.00077873, 0.132482
0.000776368, 0.132464
0.000774005, 0.132446
0.000771625, 0.132428
0.000769244, 0.13241
0.000766855, 0.132392
0.000764455, 0.132374
0.000762046, 0.132356
0.000759631, 0.132338
0.000757205, 0.132319
0.00075477, 0.132301
0.000752332, 0.132283
0.000744541, 0.132226
0.000736671, 0.132169
0.000728746, 0.132112
0.000720752, 0.132056
0.000712687, 0.131998
0.000704562, 0.131941
0.000696378, 0.131884
0.000688141, 0.131827
0.000679837, 0.13177
0.000671477, 0.131713
0.00066307, 0.131655
0.000654603, 0.131598
0.000646086, 0.131541
0.000637521, 0.131484
0.000628898, 0.131426
0.000620228, 0.131369
0.000611508, 0.131312
0.000602749, 0.131255
0.000593952, 0.131197
0.00058511, 0.13114
0.000576229, 0.131083
0.0005673, 0.131026
0.000558334, 0.130969
0.000549333, 0.130912
0.000540295, 0.130855
0.000531215, 0.130798
0.000522108, 0.130741
0.000512966, 0.130684
0.000503796, 0.130628
0.000494591, 0.130571
0.000485351, 0.130514
0.000476077, 0.130458
0.000466783, 0.130401
0.000457463, 0.130345
0.000448123, 0.130288
0.000438756, 0.130232
0.000429345, 0.130176
0.000419928, 0.13012
0.00041049, 0.130064
0.000401035, 0.130008
0.000391566, 0.129952
0.000382075, 0.129897
0.000372554, 0.129841
0.000363027, 0.129786
0.000353487, 0.12973
0.000343928, 0.129675
0.000334352, 0.12962
0.000324764, 0.129565
0.000315161, 0.12951
0.000305548, 0.129455
0.000295926, 0.129401
0.000286291, 0.129346
0.000276653, 0.129292
0.000267002, 0.129238
0.000257351, 0.129183
0.000247692, 0.12913
0.000238018, 0.129076
0.000228343, 0.129022
0.000218663, 0.128968
0.00020898, 0.128915
0.000199305, 0.128862
0.000189632, 0.128809
0.000179939, 0.128756
0.000170256, 0.128703
0.000160574, 0.12865
0.000150885, 0.128598
0.000141205, 0.128545
0.000131529, 0.128493
0.000121853, 0.128441
0.000112184, 0.128389
0.000102516, 0.128337
9.2851e-05, 0.128286
8.32004e-05, 0.128234
7.3546e-05, 0.128183
6.39048e-05, 0.128132
5.42552e-05, 0.128081
4.46364e-05, 0.12803
3.50258e-05, 0.12798
2.54393e-05, 0.127929
1.58417e-05, 0.127879
6.25026e-06, 0.127829
-3.3353e-06, 0.127779
-1.29107e-05, 0.127729
-2.24647e-05, 0.12768
-3.20073e-05, 0.12763
-4.15331e-05, 0.127581
-5.10459e-05, 0.127532
-6.05472e-05, 0.127483
-7.00321e-05, 0.127435
-7.9509e-05, 0.127386
-8.8971e-05, 0.127338
-9.8411e-05, 0.12729
-0.000107834, 0.127242
-0.000117244, 0.127194
-0.000126638, 0.127146
-0.000136023, 0.127099
-0.000145381, 0.127052
-0.000154723, 0.127005
-0.000164044, 0.126958
-0.000173346, 0.126911
-0.000182624, 0.126865
-0.000191883, 0.126818
-0.000201119, 0.126772
-0.00021033, 0.126726
-0.000219525, 0.126681
-0.000228705, 0.126635
-0.000237862, 0.12659
-0.000246989, 0.126544
-0.000256098, 0.126499
-0.000265181, 0.126455
-0.000274244, 0.12641
-0.000283287, 0.126365
-0.000292309, 0.126321
-0.000301304, 0.126277
-0.000310271, 0.126233
-0.000319214, 0.12619
-0.000328137, 0.126146
-0.000337032, 0.126103
-0.000345903, 0.12606
-0.000354748, 0.126017
-0.000363565, 0.125974
-0.000372357, 0.125931
-0.000381126, 0.125889
-0.000389871, 0.125847
-0.000398578, 0.125805
-0.000407256, 0.125763
-0.000415909, 0.125721
-0.000424543, 0.12568
-0.000433143, 0.125638
-0.000441715, 0.125597
-0.000450261, 0.125556
-0.000458788, 0.125516
-0.000467291, 0.125475
-0.000475761, 0.125435
-0.000484209, 0.125395
-0.000492631, 0.125355
-0.000501011, 0.125315
-0.000509357, 0.125275
-0.000517679, 0.125236
-0.000525979, 0.125196
-0.000534252, 0.125157
-0.000542489, 0.125118
-0.000550702, 0.12508
-0.000558892, 0.125041
-0.000567049, 0.125003
-0.000575172, 0.124965
-0.000583264, 0.124927
-0.000591324, 0.124889
-0.000599357, 0.124851
-0.000607352, 0.124814
-0.000615328, 0.124777
-0.000623272, 0.12474
-0.000631183, 0.124703
-0.000639061, 0.124666
-0.000646912, 0.12463
-0.000654732, 0.124593
-0.000662521, 0.124557
-0.00067028, 0.124521
-0.000678003, 0.124485
-0.000685702, 0.12445
-0.000693367, 0.124414
-0.000700997, 0.124379
-0.000708608, 0.124344
-0.000716183, 0.124309
-0.000723732, 0.124274
-0.000731241, 0.124239
-0.000738722, 0.124205
-0.000746167, 0.124171
-0.000753587, 0.124137
-0.000760982, 0.124103
-0.000768339, 0.124069
-0.000775668, 0.124035
-0.000782961, 0.124002
-0.000790219, 0.123969
-0.00079745, 0.123936
-0.000804651, 0.123903
-0.000811823, 0.12387
-0.00081897, 0.123837
-0.000826081, 0.123805
-0.000833158, 0.123773
-0.000840203, 0.123741
-0.000847222, 0.123709
-0.000854204, 0.123677
-0.000861158, 0.123645
-0.000868087, 0.123614
-0.000874985, 0.123583
-0.000881849, 0.123552
-0.000888681, 0.123521
-0.000895486, 0.12349
-0.00090226, 0.123459
-0.000908999, 0.123429
-0.000915706, 0.123399
-0.000922386, 0.123369
-0.000929039, 0.123339
-0.000935656, 0.123309
-0.000942244, 0.123279
-0.000948799, 0.12325
-0.000955327, 0.12322
-0.000961825, 0.123191
-0.000968282, 0.123162
-0.000974725, 0.123133
-0.000981135, 0.123104
-0.000987516, 0.123076
-0.000993866, 0.123047
-0.00100018, 0.123019
-0.00100647, 0.122991
-0.00101274, 0.122963
-0.00101897, 0.122935
-0.00102518, 0.122907
-0.00103135, 0.12288
-0.0010375, 0.122852
-0.00104362, 0.122825
-0.00104971, 0.122798
-0.00105577, 0.122771
-0.00106181, 0.122744
-0.0010678, 0.122718
-0.00107377, 0.122691
-0.00107972, 0.122665
-0.00108564, 0.122638
-0.00109153, 0.122612
-0.00109739, 0.122586
-0.00110322, 0.122561
-0.00110902, 0.122535
-0.00111479, 0.122509
-0.00112053, 0.122484
-0.00112625, 0.122459
-0.00113194, 0.122434
-0.0011376, 0.122409
-0.00114324, 0.122384
-0.00114885, 0.122359
-0.00115442, 0.122334
-0.00115997, 0.12231
-0.00116549, 0.122286
-0.00117099, 0.122261
-0.00117647, 0.122237
-0.00118191, 0.122213
-0.00118733, 0.12219
-0.00119272, 0.122166
-0.00119808, 0.122142
-0.00120341, 0.122119
-0.00120871, 0.122096
-0.00121399, 0.122073
-0.00121924, 0.12205
-0.00122447, 0.122027
-0.00122968, 0.122004
-0.00123486, 0.121981
-0.00124001, 0.121959
-0.00124513, 0.121936
-0.00125023, 0.121914
-0.00125531, 0.121892
-0.00126035, 0.12187
-0.00126538, 0.121848
-0.00127037, 0.121826
-0.00127534, 0.121805
-0.00128029, 0.121783
-0.00128521, 0.121762
-0.00129011, 0.12174
-0.00129498, 0.121719
-0.00129981, 0.121698
-0.00130463, 0.121677
-0.00130943, 0.121656
-0.0013142, 0.121635
-0.00131894, 0.121615
-0.00132366, 0.121594
-0.00132835, 0.121574
-0.00133301, 0.121554
-0.00133765, 0.121534
-0.00134227, 0.121513
-0.00134686, 0.121494
-0.00135142, 0.121474
-0.00135597, 0.121454
-0.00136049, 0.121434
-0.00136498, 0.121415
-0.00136946, 0.121396
-0.0013739, 0.121376
-0.00137832, 0.121357
-0.00138272, 0.121338
-0.0013871, 0.121319
-0.00139145, 0.1213
-0.00139578, 0.121282
-0.00140009, 0.121263
-0.00140438, 0.121244
-0.00140864, 0.121226
-0.00141289, 0.121208
-0.00141711, 0.121189
-0.0014213, 0.121171
-0.00142546, 0.121153
-0.00142962, 0.121135
-0.00143375, 0.121118
-0.00143786, 0.1211
-0.00144195, 0.121082
-0.00144602, 0.121065
-0.00145006, 0.121047
-0.00145408, 0.12103
-0.00145807, 0.121013
-0.00146203, 0.120996
-0.00146598, 0.120979
-0.00146992, 0.120962
-0.00147382, 0.120945
-0.00147771, 0.120928
-0.00148156, 0.120911
-0.00148541, 0.120895
-0.00148923, 0.120878
-0.00149302, 0.120862
-0.00149681, 0.120846
-0.00150057, 0.12083
-0.00150432, 0.120813
-0.00150803, 0.120797
-0.00151173, 0.120782
-0.00151541, 0.120766
-0.00151906, 0.12075
-0.0015227, 0.120734
-0.00152631, 0.120719
-0.00152989, 0.120703
-0.00153347, 0.120688
-0.00153702, 0.120673
-0.00154055, 0.120657
-0.00154405, 0.120642
-0.00154755, 0.120627
-0.00155102, 0.120612
-0.00155448, 0.120597
-0.00155792, 0.120583
-0.00156133, 0.120568
-0.00156472, 0.120553
-0.0015681, 0.120539
-0.00157146, 0.120524
-0.00157481, 0.12051
-0.00157813, 0.120496
-0.00158144, 0.120481
-0.00158473, 0.120467
-0.001588, 0.120453
-0.00159125, 0.120439
-0.00159448, 0.120425
-0.0015977, 0.120412
-0.00160088, 0.120398
-0.00160406, 0.120384
-0.00160721, 0.120371
-0.00161035, 0.120357
-0.00161347, 0.120344
-0.00161658, 0.12033
-0.00161966, 0.120317
-0.00162273, 0.120304
-0.00162578, 0.120291
-0.00162882, 0.120278
-0.00163185, 0.120265
-0.00163486, 0.120252
-0.00163784, 0.120239
-0.00164082, 0.120226
-0.00164377, 0.120214
-0.00164671, 0.120201
-0.00164964, 0.120189
-0.00165255, 0.120176
-0.00165544, 0.120164
-0.00165832, 0.120151
-0.00166117, 0.120139
-0.00166402, 0.120127
-0.00166685, 0.120115
-0.00166966, 0.120103
-0.00167246, 0.120091
-0.00167524, 0.120079
-0.00167801, 0.120067
-0.00168077, 0.120055
-0.00168351, 0.120044
-0.00168623, 0.120032
-0.00168894, 0.120021
-0.00169164, 0.120009
-0.00169431, 0.119998
-0.00169698, 0.119986
-0.00169963, 0.119975
-0.00170227, 0.119964
-0.00170489, 0.119953
-0.00170749, 0.119941
-0.00171007, 0.11993
-0.00171264, 0.119919
-0.00171521, 0.119909
-0.00171777, 0.119898
-0.00172031, 0.119887
-0.00172283, 0.119876
-0.00172533, 0.119866
-0.00172783, 0.119855
-0.00173031, 0.119844
-0.00173276, 0.119834
-0.00173521, 0.119823
-0.00173764, 0.119813
-0.00174005, 0.119803
-0.00174247, 0.119793
-0.00174484, 0.119782
-0.00174718, 0.119772
-0.00174951, 0.119762
-0.00175182, 0.119752
-0.00175411, 0.119742
-0.0017564, 0.119732
-0.00175871, 0.119722
-0.001761, 0.119713
-0.00176327, 0.119703
-0.00176554, 0.119693
-0.00176779, 0.119684
-0.00177003, 0.119674
-0.00177225, 0.119665
-0.00177445, 0.119655
-0.00177666, 0.119646
-0.00177884, 0.119636
-0.00178101, 0.119627
-0.00178318, 0.119618
-0.00178532, 0.119609
-0.00178746, 0.1196
-0.00178958, 0.11959
-0.00179169, 0.119581
-0.00179378, 0.119572
-0.00179587, 0.119564
-0.00179794, 0.119555
-0.00179999, 0.119546
-0.00180204, 0.119537
-0.00180407, 0.119528
-0.0018061, 0.11952
-0.00180811, 0.119511
-0.00181011, 0.119502
-0.0018121, 0.119494
-0.00181407, 0.119485
-0.00181602, 0.119477
-0.00181797, 0.119469
-0.0018199, 0.11946
-0.00182181, 0.119452
-0.00182371, 0.119444
-0.00182561, 0.119436
-0.00182749, 0.119427
-0.00182937, 0.119419
-0.00183124, 0.119411
-0.0018331, 0.119403
-0.00183495, 0.119395
-0.00183679, 0.119387
-0.00183862, 0.11938
-0.00184044, 0.119372
-0.00184225, 0.119364
-0.00184404, 0.119356
-0.00184583, 0.119349
-0.0018476, 0.119341
-0.00184937, 0.119333
-0.00185112, 0.119326
-0.00185286, 0.119318
-0.0018546, 0.119311
-0.00185632, 0.119303
-0.00185803, 0.119296
-0.00185974, 0.119289
-0.00186144, 0.119281
-0.00186312, 0.119274
-0.0018648, 0.119267
-0.00186646, 0.11926
-0.00186811, 0.119253
-0.00186976, 0.119246
-0.0018714, 0.119238
-0.00187302, 0.119231
-0.00187463, 0.119224
-0.00187624, 0.119218
-0.00187782, 0.119211
-0.00187941, 0.119204
-0.00188098, 0.119197
-0.00188254, 0.11919
-0.0018841, 0.119184
-0.00188565, 0.119177
-0.00188719, 0.11917
-0.00188872, 0.119164
-0.00189026, 0.119157
-0.00189177, 0.11915
-0.00189328, 0.119144
-0.00189478, 0.119137
-0.00189628, 0.119131
-0.00189778, 0.119125
-0.00189926, 0.119118
-0.00190073, 0.119112
-0.0019022, 0.119106
-0.00190367, 0.119099
-0.00190512, 0.119093
-0.00190656, 0.119087
-0.001908, 0.119081
-0.00190943, 0.119075
-0.00191085, 0.119069
-0.00191226, 0.119063
-0.00191367, 0.119057
-0.00191507, 0.119051
-0.00191647, 0.119045
-0.00191785, 0.119039
-0.00191923, 0.119033
-0.00192059, 0.119027
-0.00192195, 0.119022
-0.0019233, 0.119016
-0.00192464, 0.11901
-0.00192597, 0.119004
-0.0019273, 0.118999
-0.00192862, 0.118993
-0.00192992, 0.118987
-0.00193123, 0.118982
-0.00193253, 0.118976
-0.00193382, 0.118971
-0.00193511, 0.118965
-0.00193638, 0.11896
-0.00193765, 0.118955
-0.00193892, 0.118949
-0.00194018, 0.118944
-0.00194143, 0.118938
-0.00194303, 0.118932
-0.00194462, 0.118925
-0.00194619, 0.118918
-0.00194776, 0.118912
-0.00194931, 0.118905
-0.00195085, 0.118899
-0.00195238, 0.118892
-0.00195391, 0.118886
-0.00195541, 0.118879
-0.00195691, 0.118873
-0.00195839, 0.118867
-0.00195987, 0.118861
-0.00196134, 0.118854
-0.00196279, 0.118848
-0.00196423, 0.118842
-0.00196566, 0.118836
-0.00196709, 0.11883
-0.0019685, 0.118824
-0.00196989, 0.118818
-0.00197128, 0.118812
-0.00197266, 0.118807
-0.00197402, 0.118801
-0.00197537, 0.118795
-0.00197671, 0.118789
-0.00197804, 0.118784
-0.00197935, 0.118778
-0.00198065, 0.118773
-0.00198194, 0.118767
-0.00198323, 0.118762
-0.0019845, 0.118756
-0.00198576, 0.118751
-0.00198701, 0.118745
-0.00198825, 0.11874
-0.00198948, 0.118735
-0.00199071, 0.11873
-0.00199192, 0.118724
-0.00199313, 0.118719
-0.00199433, 0.118714
-0.00199552, 0.118709
-0.0019967, 0.118704
-0.00199787, 0.118699
-0.00199902, 0.118694
-0.00200017, 0.118689
-0.0020013, 0.118684
-0.00200242, 0.118679
-0.00200354, 0.118674
-0.00200465, 0.11867
-0.00200574, 0.118665
-0.00200684, 0.11866
-0.00200793, 0.118655
-0.00200901, 0.118651
-0.00201008, 0.118646
-0.00201114, 0.118642
-0.0020122, 0.118637
-0.00201325, 0.118632
-0.00201429, 0.118628
-0.00201532, 0.118623
-0.00201634, 0.118619
-0.00201735, 0.118615
-0.00201835, 0.11861
-0.00201935, 0.118606
-0.00202035, 0.118602
-0.00202133, 0.118597
-0.00202231, 0.118593
-0.00202329, 0.118589
-0.00202426, 0.118585
-0.00202522, 0.118581
-0.00202618, 0.118577
-0.00202712, 0.118572
-0.00202807, 0.118568
-0.002029, 0.118564
-0.00202993, 0.11856
-0.00203085, 0.118556
-0.00203176, 0.118552
-0.00203267, 0.118549
-0.00203356, 0.118545
-0.00203445, 0.118541
-0.00203534, 0.118537
-0.00203621, 0.118533
-0.00203709, 0.118529
-0.00203795, 0.118526
-0.00203881, 0.118522
-0.00203966, 0.118518
-0.00204049, 0.118515
-0.00204132, 0.118511
-0.00204214, 0.118507
-0.00204297, 0.118504
-0.00204379, 0.1185
-0.00204462, 0.118497
-0.00204544, 0.118493
-0.00204624, 0.11849
-0.00204705, 0.118486
-0.00204785, 0.118483
-0.00204865, 0.11848
-0.00204945, 0.118476
-0.00205023, 0.118473
-0.00205101, 0.11847
-0.00205179, 0.118466
-0.00205257, 0.118463
-0.00205334, 0.11846
-0.00205411, 0.118456
-0.00205487, 0.118453
-0.00205562, 0.11845
-0.00205636, 0.118447
-0.0020571, 0.118444
-0.00205784, 0.118441
-0.00205856, 0.118438
-0.00205929, 0.118435
-0.00206001, 0.118432
-0.00206072, 0.118429
-0.00206143, 0.118426
-0.00206214, 0.118423
-0.00206284, 0.11842
-0.00206353, 0.118417
-0.00206422, 0.118414
-0.0020649, 0.118411
-0.00206558, 0.118408
-0.00206626, 0.118405
-0.00206694, 0.118402
-0.00206761, 0.1184
-0.00206828, 0.118397
-0.00206895, 0.118394
-0.00206961, 0.118391
-0.00207026, 0.118389
-0.00207092, 0.118386
-0.00207156, 0.118383
-0.00207221, 0.118381
-0.00207285, 0.118378
-0.00207348, 0.118375
-0.00207411, 0.118373
-0.00207474, 0.11837
-0.00207536, 0.118367
-0.00207598, 0.118365
-0.00207659, 0.118362
-0.0020772, 0.11836
-0.0020778, 0.118357
-0.0020784, 0.118355
-0.002079, 0.118352
-0.00207959, 0.11835
-0.00208018, 0.118348
-0.00208077, 0.118345
-0.00208135, 0.118343
-0.00208193, 0.11834
-0.00208251, 0.118338
-0.00208308, 0.118336
-0.00208364, 0.118333
-0.0020842, 0.118331
-0.00208476, 0.118329
-0.00208531, 0.118327
-0.00208586, 0.118324
-0.0020864, 0.118322
-0.00208694, 0.11832
-0.00208748, 0.118318
-0.00208801, 0.118316
-0.00208854, 0.118313
-0.00208906, 0.118311
-0.00208958, 0.118309
-0.0020901, 0.118307
-0.00209061, 0.118305
-0.00209112, 0.118303
-0.00209163, 0.118301
-0.00209213, 0.118299
-0.00209262, 0.118297
-0.00209312, 0.118295
-0.00209361, 0.118293
-0.0020941, 0.118291
-0.00209458, 0.118289
-0.00209506, 0.118287
-0.00209554, 0.118285
-0.00209601, 0.118283
-0.00209648, 0.118281
-0.00209694, 0.118279
-0.0020974, 0.118277
-0.00209785, 0.118275
-0.0020983, 0.118273
-0.00209875, 0.118271
-0.0020992, 0.11827
-0.00209964, 0.118268
-0.00210008, 0.118266
-0.00210052, 0.118264
-0.00210095, 0.118262
-0.00210138, 0.11826
-0.00210181, 0.118259
-0.00210223, 0.118257
-0.00210265, 0.118255
-0.00210307, 0.118254
-0.00210348, 0.118252
-0.00210389, 0.11825
-0.00210429, 0.118248
-0.00210469, 0.118247
-0.00210509, 0.118245
-0.00210548, 0.118243
-0.00210587, 0.118242
-0.00210626, 0.11824
-0.00210664, 0.118239
-0.00210702, 0.118237
-0.0021074, 0.118235
-0.00210778, 0.118234
-0.00210815, 0.118232
-0.00210852, 0.118231
-0.00210889, 0.118229
-0.00210926, 0.118228
-0.00210962, 0.118226
-0.00210998, 0.118225
-0.00211033, 0.118223
-0.00211069, 0.118222
-0.00211104, 0.11822
-0.00211139, 0.118219
-0.00211174, 0.118217
-0.00211208, 0.118216
-0.00211242, 0.118214
-0.00211276, 0.118213
-0.0021131, 0.118212
-0.00211343, 0.11821
-0.00211376, 0.118209
-0.00211409, 0.118207
-0.00211442, 0.118206
-0.00211474, 0.118205
-0.00211506, 0.118203
-0.00211538, 0.118202
-0.00211569, 0.118201
-0.00211601, 0.118199
-0.00211632, 0.118198
-0.00211663, 0.118197
-0.00211694, 0.118195
-0.00211724, 0.118194
-0.00211754, 0.118193
-0.00211785, 0.118192
-0.00211814, 0.11819
-0.00211844, 0.118189
-0.00211874, 0.118188
-0.00211903, 0.118187
-0.00211932, 0.118186
-0.00211961, 0.118184
-0.00211989, 0.118183
-0.00212018, 0.118182
-0.00212046, 0.118181
-0.00212074, 0.11818
-0.00212105, 0.118178
-0.00212133, 0.118177
-0.00212161, 0.118176
-0.00212188, 0.118175
-0.00212215, 0.118174
-0.00212242, 0.118173
-0.00212269, 0.118172
-0.00212295, 0.118171
-0.00212321, 0.118169
-0.00212346, 0.118168
-0.00212372, 0.118167
-0.00212396, 0.118166
-0.00212422, 0.118165
-0.00212446, 0.118164
-0.00212471, 0.118163
-0.00212495, 0.118162
-0.00212519, 0.118161
-0.00212543, 0.11816
-0.00212566, 0.118159
-0.0021259, 0.118158
-0.00212613, 0.118157
-0.00212636, 0.118156
-0.00212659, 0.118155
-0.00212682, 0.118154
-0.00212705, 0.118153
-0.00212727, 0.118152
-0.0021275, 0.118151
-0.00212772, 0.11815
-0.00212794, 0.118149
-0.00212816, 0.118148
-0.00212837, 0.118147
-0.00212858, 0.118146
-0.0021288, 0.118145
-0.00212901, 0.118144
-0.00212921, 0.118144
-0.00212942, 0.118143
-0.00212962, 0.118142
-0.00212983, 0.118141
-0.00213003, 0.11814
-0.00213023, 0.118139
-0.00213043, 0.118138
-0.00213063, 0.118137
-0.00213082, 0.118137
-0.00213101, 0.118136
-0.00213121, 0.118135
-0.0021314, 0.118134
-0.00213159, 0.118133
-0.00213177, 0.118132
-0.00213196, 0.118132
-0.00213214, 0.118131
-0.00213233, 0.11813
-0.00213251, 0.118129
-0.00213269, 0.118128
-0.00213287, 0.118128
-0.00213305, 0.118127
-0.00213322, 0.118126
-0.0021334, 0.118125
-0.00213357, 0.118124
-0.00213374, 0.118124
-0.00213391, 0.118123
-0.00213408, 0.118122
-0.00213425, 0.118121
-0.00213442, 0.118121
-0.00213459, 0.11812
-0.00213475, 0.118119
-0.00213491, 0.118118
-0.00213508, 0.118118
-0.00213524, 0.118117
-0.0021354, 0.118116
-0.00213556, 0.118116
-0.00213571, 0.118115
-0.00213587, 0.118114
-0.00213602, 0.118114
-0.00213618, 0.118113
-0.00213633, 0.118112
-0.00213648, 0.118112
-0.00213664, 0.118111
-0.00213678, 0.11811
-0.00213693, 0.11811
-0.00213708, 0.118109
-0.00213723, 0.118108
-0.00213737, 0.118108
-0.00213752, 0.118107
-0.00213766, 0.118106
-0.0021378, 0.118106
-0.00213795, 0.118105
-0.00213808, 0.118105
-0.00213822, 0.118104
-0.00213836, 0.118103
-0.0021385, 0.118103
-0.00213863, 0.118102
-0.00213877, 0.118102
-0.0021389, 0.118101
-0.00213903, 0.1181
-0.00213916, 0.1181
-0.00213929, 0.118099
-0.00213942, 0.118099
-0.00213955, 0.118098
-0.00213968, 0.118097
-0.0021398, 0.118097
-0.00213993, 0.118096
-0.00214006, 0.118096
-0.00214018, 0.118095
-0.0021403, 0.118095
-0.00214042, 0.118094
-0.00214054, 0.118094
-0.00214066, 0.118093
-0.00214078, 0.118093
-0.0021409, 0.118092
-0.00214102, 0.118092
-0.00214113, 0.118091
-0.00214125, 0.118091
-0.00214136, 0.11809
-0.00214147, 0.11809
-0.00214159, 0.118089
-0.0021417, 0.118089
-0.00214181, 0.118088
-0.00214192, 0.118088
-0.00214202, 0.118087
-0.00214213, 0.118087
-0.00214224, 0.118086
-0.00214234, 0.118086
-0.00214245, 0.118085
-0.00214255, 0.118085
-0.00214266, 0.118084
-0.00214276, 0.118084
-0.00214286, 0.118083
-0.00214296, 0.118083
-0.00214306, 0.118082
-0.00214316, 0.118082
-0.00214326, 0.118081
-0.00214335, 0.118081
-0.00214345, 0.118081
-0.00214354, 0.11808
-0.00214364, 0.11808
-0.00214373, 0.118079
-0.00214383, 0.118079
-0.00214392, 0.118078
-0.00214401, 0.118078
-0.0021441, 0.118078
-0.00214419, 0.118077
-0.00214428, 0.118077
-0.00214437, 0.118076
-0.00214446, 0.118076
-0.00214455, 0.118076
-0.00214464, 0.118075
-0.00214473, 0.118075
-0.00214481, 0.118074
-0.0021449, 0.118074
-0.00214499, 0.118074
-0.00214508, 0.118073
-0.00214516, 0.118073
-0.00214525, 0.118073
-0.00214533, 0.118072
-0.00214541, 0.118072
-0.0021455, 0.118071
-0.00214558, 0.118071
-0.00214566, 0.118071
-0.00214574, 0.11807
-0.00214582, 0.11807
-0.0021459, 0.11807
-0.00214598, 0.118069
-0.00214605, 0.118069
-0.00214613, 0.118069
-0.00214621, 0.118068
-0.00214629, 0.118068
-0.00214636, 0.118068
-0.00214644, 0.118067
-0.00214651, 0.118067
-0.00214658, 0.118067
-0.00214666, 0.118066
-0.00214673, 0.118066
-0.0021468, 0.118066
-0.00214687, 0.118065
-0.00214694, 0.118065
-0.00214701, 0.118065
-0.00214708, 0.118064
-0.00214715, 0.118064
-0.00214722, 0.118064
-0.00214729, 0.118063
-0.00214736, 0.118063
-0.00214743, 0.118063
-0.00214749, 0.118062
-0.00214756, 0.118062
-0.00214763, 0.118062
-0.00214769, 0.118062
-0.00214776, 0.118061
-0.00214782, 0.118061
-0.00214788, 0.118061
-0.00214795, 0.11806
-0.00214801, 0.11806
-0.00214807, 0.11806
-0.00214814, 0.11806
-0.0021482, 0.118059
-0.00214826, 0.118059
-0.00214832, 0.118059
-0.00214838, 0.118058
-0.00214844, 0.118058
-0.0021485, 0.118058
-0.00214856, 0.118058
-0.00214861, 0.118057
-0.00214867, 0.118057
-0.00214873, 0.118057
-0.00214879, 0.118057
-0.00214884, 0.118056
-0.0021489, 0.118056
-0.00214895, 0.118056
-0.00214901, 0.118056
-0.00214906, 0.118055
-0.00214912, 0.118055
-0.00214917, 0.118055
-0.00214922, 0.118055
-0.00214928, 0.118054
-0.00214933, 0.118054
-0.00214938, 0.118054
-0.00214943, 0.118054
-0.00214948, 0.118053
-0.00214953, 0.118053
-0.00214958, 0.118053
-0.00214963, 0.118053
-0.00214968, 0.118053
-0.00214973, 0.118052
-0.00214978, 0.118052
-0.00214983, 0.118052
-0.00214988, 0.118052
-0.00214992, 0.118051
-0.00214997, 0.118051
-0.00215002, 0.118051
-0.00215006, 0.118051
-0.00215011, 0.118051
-0.00215015, 0.11805
-0.00215019, 0.11805
-0.00215024, 0.11805
-0.00215028, 0.11805
-0.00215032, 0.11805
-0.00215037, 0.118049
-0.00215041, 0.118049
-0.00215045, 0.118049
-0.00215049, 0.118049
-0.00215053, 0.118049
-0.00215058, 0.118048
-0.00215062, 0.118048
-0.00215066, 0.118048
-0.0021507, 0.118048
-0.00215074, 0.118048
-0.00215078, 0.118047
-0.00215082, 0.118047
-0.00215086, 0.118047
-0.0021509, 0.118047
-0.00215094, 0.118047
-0.00215098, 0.118047
-0.00215102, 0.118046
-0.00215106, 0.118046
-0.00215109, 0.118046
-0.00215113, 0.118046
-0.00215117, 0.118046
-0.00215121, 0.118045
-0.00215124, 0.118045
-0.00215128, 0.118045
-0.00215132, 0.118045
-0.00215135, 0.118045
-0.00215139, 0.118045
-0.00215142, 0.118044
-0.00215146, 0.118044
-0.00215149, 0.118044
-0.00215153, 0.118044
-0.00215156, 0.118044
-0.0021516, 0.118044
-0.00215163, 0.118043
-0.00215166, 0.118043
-0.0021517, 0.118043
-0.00215173, 0.118043
-0.00215176, 0.118043
-0.00215179, 0.118043
-0.00215182, 0.118043
-0.00215186, 0.118042
-0.00215189, 0.118042
-0.00215192, 0.118042
-0.00215195, 0.118042
-0.00215198, 0.118042
-0.00215201, 0.118042
-0.00215204, 0.118041
-0.00215207, 0.118041
-0.0021521, 0.118041
-0.00215213, 0.118041
-0.00215216, 0.118041
-0.00215219, 0.118041
-0.00215222, 0.118041
-0.00215225, 0.11804
-0.00215228, 0.11804
-0.00215231, 0.11804
-0.00215233, 0.11804
-0.00215236, 0.11804
-0.00215239, 0.11804
-0.00215242, 0.11804
-0.00215245, 0.11804
-0.00215247, 0.118039
-0.0021525, 0.118039
-0.00215253, 0.118039
-0.00215255, 0.118039
-0.00215258, 0.118039
-0.00215261, 0.118039
-0.00215263, 0.118039
-0.00215266, 0.118039
-0.00215268, 0.118038
-0.00215271, 0.118038
-0.00215273, 0.118038
-0.00215276, 0.118038
-0.00215278, 0.118038
-0.00215281, 0.118038
-0.00215283, 0.118038
-0.00215286, 0.118038
-0.00215288, 0.118037
-0.00215291, 0.118037
-0.00215293, 0.118037
-0.00215295, 0.118037
-0.00215298, 0.118037
-0.002153, 0.118037
-0.00215302, 0.118037
-0.00215305, 0.118037
-0.00215307, 0.118037
-0.00215309, 0.118036
-0.00215311, 0.118036
-0.00215314, 0.118036
-0.00215316, 0.118036
-0.00215318, 0.118036
-0.0021532, 0.118036
-0.00215322, 0.118036
-0.00215325, 0.118036
-0.00215327, 0.118036
-0.00215329, 0.118035
-0.00215331, 0.118035
-0.00215333, 0.118035
-0.00215335, 0.118035
-0.00215337, 0.118035
-0.00215339, 0.118035
-0.00215341, 0.118035
-0.00215343, 0.118035
-0.00215345, 0.118035
-0.00215347, 0.118035
-0.00215349, 0.118034
-0.00215351, 0.118034
-0.00215353, 0.118034
-0.00215355, 0.118034
-0.00215357, 0.118034
-0.00215358, 0.118034
-0.0021536, 0.118034
-0.00215362, 0.118034
-0.00215364, 0.118034
-0.00215366, 0.118034
-0.00215368, 0.118033
-0.00215369, 0.118033
-0.00215371, 0.118033
-0.00215373, 0.118033
-0.00215375, 0.118033
-0.00215376, 0.118033
-0.00215378, 0.118033
-0.0021538, 0.118033
-0.00215382, 0.118033
-0.00215383, 0.118033
-0.00215385, 0.118033
-0.00215387, 0.118033
-0.00215388, 0.118032
-0.0021539, 0.118032
-0.00215392, 0.118032
-0.00215393, 0.118032
-0.00215395, 0.118032
-0.00215396, 0.118032
-0.00215398, 0.118032
-0.002154, 0.118032
-0.00215401, 0.118032
-0.00215403, 0.118032
-0.00215404, 0.118032
-0.00215406, 0.118032
-0.00215407, 0.118031
-0.00215409, 0.118031
-0.0021541, 0.118031
-0.00215412, 0.118031
-0.00215413, 0.118031
-0.00215415, 0.118031
-0.00215416, 0.118031
-0.00215418, 0.118031
-0.00215419, 0.118031
-0.00215421, 0.118031
-0.00215422, 0.118031
-0.00215423, 0.118031
-0.00215425, 0.118031
-0.00215426, 0.118031
-0.00215427, 0.11803
-0.00215429, 0.11803
-0.0021543, 0.11803
-0.00215432, 0.11803
-0.00215433, 0.11803
-0.00215434, 0.11803
-0.00215436, 0.11803
-0.00215437, 0.11803
-0.00215438, 0.11803
-0.00215439, 0.11803
-0.00215441, 0.11803
-0.00215442, 0.11803
-0.00215443, 0.11803
-0.00215444, 0.11803
-0.00215446, 0.11803
-0.00215447, 0.118029
-0.00215448, 0.118029
-0.00215449, 0.118029
-0.0021545, 0.118029
-0.00215452, 0.118029
-0.00215453, 0.118029
-0.00215454, 0.118029
-0.00215455, 0.118029
-0.00215456, 0.118029
-0.00215457, 0.118029
-0.00215459, 0.118029
-0.0021546, 0.118029
-0.00215461, 0.118029
-0.00215462, 0.118029
-0.00215463, 0.118029
-0.00215464, 0.118029
-0.00215465, 0.118028
-0.00215466, 0.118028
-0.00215467, 0.118028
-0.00215468, 0.118028
-0.00215469, 0.118028
-0.00215471, 0.118028
-0.00215472, 0.118028
-0.00215473, 0.118028
-0.00215474, 0.118028
-0.00215475, 0.118028
-0.00215476, 0.118028
-0.00215477, 0.118028
-0.00215478, 0.118028
-0.00215479, 0.118028
-0.00215479, 0.118028
-0.0021548, 0.118028
-0.00215481, 0.118028
-0.00215482, 0.118028
-0.00215483, 0.118027
-0.00215484, 0.118027
-0.00215485, 0.118027
-0.00215486, 0.118027
-0.00215487, 0.118027
-0.00215488, 0.118027
-0.00215489, 0.118027
-0.0021549, 0.118027
-0.00215491, 0.118027
-0.00215492, 0.118027
-0.00215493, 0.118027
-0.00215493, 0.118027
-0.00215494, 0.118027
-0.00215495, 0.118027
-0.00215496, 0.118027
-0.00215497, 0.118027
-0.00215498, 0.118027
-0.00215499, 0.118027
-0.00215499, 0.118027
-0.002155, 0.118027
-0.00215501, 0.118027
-0.00215502, 0.118026
-0.00215503, 0.118026
-0.00215503, 0.118026
-0.00215504, 0.118026
-0.00215505, 0.118026
-0.00215506, 0.118026
-0.00215506, 0.118026
-0.00215507, 0.118026
-0.00215508, 0.118026
-0.00215509, 0.118026
-0.00215509, 0.118026
-0.0021551, 0.118026
-0.00215511, 0.118026
-0.00215512, 0.118026
-0.00215512, 0.118026
-0.00215513, 0.118026
-0.00215514, 0.118026
-0.00215515, 0.118026
-0.00215515, 0.118026
-0.00215516, 0.118026
-0.00215517, 0.118026
-0.00215517, 0.118026
-0.00215518, 0.118026
-0.00215519, 0.118026
-0.00215519, 0.118026
-0.0021552, 0.118025
-0.00215521, 0.118025
-0.00215521, 0.118025
-0.00215522, 0.118025
-0.00215522, 0.118025
-0.00215523, 0.118025
-0.00215524, 0.118025
-0.00215524, 0.118025
-0.00215525, 0.118025
-0.00215525, 0.118025
-0.00215526, 0.118025
-0.00215526, 0.118025
-0.00215527, 0.118025
-0.00215527, 0.118025
-0.00215528, 0.118025
-0.00215529, 0.118025
-0.00215529, 0.118025
-0.0021553, 0.118025
-0.0021553, 0.118025
-0.00215531, 0.118025
-0.00215531, 0.118025
-0.00215532, 0.118025
-0.00215532, 0.118025
-0.00215533, 0.118025
-0.00215533, 0.118025
-0.00215534, 0.118025
-0.00215534, 0.118025
-0.00215535, 0.118025
-0.00215535, 0.118024
-0.00215536, 0.118024
-0.00215536, 0.118024
-0.00215537, 0.118024
-0.00215537, 0.118024
-0.00215538, 0.118024
-0.00215538, 0.118024
-0.00215539, 0.118024
-0.00215539, 0.118024
-0.00215539, 0.118024
-0.0021554, 0.118024
-0.0021554, 0.118024
-0.0021554, 0.118024
-0.00215541, 0.118024
-0.00215541, 0.118024
-0.00215542, 0.118024
-0.00215542, 0.118024
-0.00215542, 0.118024
-0.00215542, 0.118024
-0.00215543, 0.118024
-0.00215543, 0.118024
-0.00215543, 0.118024
-0.00215544, 0.118024
-0.00215544, 0.118024
-0.00215544, 0.118024
-0.00215545, 0.118024
-0.00215545, 0.118024
-0.00215545, 0.118024
-0.00215545, 0.118024
-0.00215546, 0.118024
-0.00215546, 0.118024
-0.00215546, 0.118024
-0.00215546, 0.118024
-0.00215546, 0.118024
-0.00215546, 0.118023
-0.00215546, 0.118023
-0.00215547, 0.118023
-0.00215547, 0.118023
-0.00215547, 0.118023
-0.00215547, 0.118023
-0.00215548, 0.118023
-0.00215548, 0.118023
-0.00215548, 0.118023
-0.00215548, 0.118023
-0.00215548, 0.118023
-0.00215548, 0.118023
-0.00215549, 0.118023
-0.00215549, 0.118023
-0.00215549, 0.118023
-0.00215549, 0.118023
-0.0021555, 0.118023
-0.0021555, 0.118023
-0.0021555, 0.118023
-0.0021555, 0.118023
-0.00215551, 0.118023
-0.00215551, 0.118023
-0.00215551, 0.118023
-0.00215551, 0.118023
-0.00215552, 0.118023
-0.00215552, 0.118023
-0.00215552, 0.118023
-0.00215553, 0.118023
-0.00215553, 0.118023
-0.00215553, 0.118023
-0.00215553, 0.118023
-0.00215553, 0.118023
-0.00215553, 0.118023
-0.00215554, 0.118023
-0.00215554, 0.118023
-0.00215554, 0.118023
-0.00215554, 0.118023
-0.00215554, 0.118023
-0.00215554, 0.118023
-0.00215554, 0.118023
-0.00215554, 0.118023
-0.00215554, 0.118022
-0.00215554, 0.118022
-0.00215554, 0.118022
-0.00215554, 0.118022
-0.00215554, 0.118022
-0.00215554, 0.118022
-0.00215554, 0.118022
-0.00215554, 0.118022
-0.00215554, 0.118022
-0.00215554, 0.118022
-0.00215554, 0.118022
-0.00215554, 0.118022
-0.00215554, 0.118022
-0.00215554, 0.118022
-0.00215554, 0.118022
-0.00215554, 0.118022
-0.00215554, 0.118022
-0.00215554, 0.118022
-0.00215554, 0.118022
-0.00215554, 0.118022
-0.00215554, 0.118022
-0.00215554, 0.118022
-0.00215554, 0.118022
-0.00215554, 0.118022
-0.00215554, 0.118022
-0.00215554, 0.118022
-0.00215554, 0.118022
-0.00215554, 0.118022
-0.00215554, 0.118022
-0.00215554, 0.118022
-0.00215554, 0.118022
-0.00215554, 0.118022
-0.00215554, 0.118022
-0.00215554, 0.118022
-0.00215555, 0.118022
-0.00215555, 0.118022
-0.00215555, 0.118022
-0.00215555, 0.118022
-0.00215556, 0.118022
-0.00215556, 0.118022
-0.00215556, 0.118022
-0.00215556, 0.118022
-0.00215557, 0.118022
-0.00215557, 0.118022
-0.00215557, 0.118022
-0.00215557, 0.118022
-0.00215557, 0.118022
-0.00215558, 0.118022
-0.00215558, 0.118022
-0.00215558, 0.118022
-0.00215558, 0.118022
-0.00215558, 0.118022
-0.00215559, 0.118022
-0.00215559, 0.118022
-0.00215559, 0.118022
-0.00215559, 0.118022
-0.00215559, 0.118022
-0.00215559, 0.118022
-0.0021556, 0.118022
-0.0021556, 0.118022
-0.0021556, 0.118022
-0.0021556, 0.118022
-0.00215561, 0.118021
-0.00215561, 0.118021
-0.00215561, 0.118021
-0.00215561, 0.118021
-0.00215561, 0.118021
-0.00215562, 0.118021
-0.00215561, 0.118021
-0.00215562, 0.118021
-0.00215562, 0.118021
-0.00215562, 0.118021
-0.00215562, 0.118021
-0.00215563, 0.118021
-0.00215563, 0.118021
-0.00215563, 0.118021
-0.00215563, 0.118021
-0.00215563, 0.118021
-0.00215563, 0.118021
-0.00215563, 0.118021
-0.00215564, 0.118021
-0.00215564, 0.118021
-0.00215564, 0.118021
-0.00215564, 0.118021
-0.00215564, 0.118021
-0.00215564, 0.118021
-0.00215565, 0.118021
-0.00215565, 0.118021
-0.00215565, 0.118021
-0.00215565, 0.118021
-0.00215565, 0.118021
-0.00215565, 0.118021
-0.00215565, 0.118021
-0.00215565, 0.118021
-0.00215565, 0.118021
-0.00215565, 0.118021
-0.00215565, 0.118021
-0.00215565, 0.118021
-0.00215565, 0.118021
-0.00215565, 0.118021
-0.00215566, 0.118021
-0.00215566, 0.118021
-0.00215566, 0.118021
-0.00215566, 0.118021
-0.00215566, 0.118021
-0.00215566, 0.118021
-0.00215566, 0.118021
-0.00215567, 0.118021
-0.00215567, 0.118021
-0.00215567, 0.118021
-0.00215567, 0.118021
-0.00215567, 0.118021
-0.00215567, 0.118021
-0.00215567, 0.118021
-0.00215568, 0.118021
-0.00215568, 0.118021
-0.00215568, 0.118021
-0.00215568, 0.118021
-0.00215568, 0.118021
-0.00215568, 0.118021
-0.00215568, 0.118021
-0.00215568, 0.118021
-0.00215568, 0.118021
-0.00215568, 0.118021
-0.00215569, 0.118021
-0.00215569, 0.118021
-0.00215569, 0.118021
-0.00215569, 0.118021
-0.00215569, 0.118021
-0.00215569, 0.118021
-0.00215569, 0.118021
-0.00215569, 0.118021
-0.00215569, 0.118021
-0.00215569, 0.118021
-0.00215569, 0.118021
-0.00215569, 0.118021
-0.00215569, 0.118021
-0.00215569, 0.118021
-0.00215569, 0.118021
-0.00215569, 0.118021
-0.0021557, 0.118021
-0.0021557, 0.118021
-0.0021557, 0.118021
-0.0021557, 0.118021
-0.0021557, 0.118021
-0.0021557, 0.118021
-0.0021557, 0.118021
-0.0021557, 0.118021
-0.0021557, 0.118021
-0.0021557, 0.118021
-0.0021557, 0.118021
-0.0021557, 0.118021
-0.0021557, 0.118021
-0.0021557, 0.118021
-0.0021557, 0.118021
-0.0021557, 0.118021
-0.0021557, 0.118021
-0.00215571, 0.118021
-0.00215571, 0.118021
-0.00215571, 0.118021
-0.00215571, 0.118021
-0.00215571, 0.118021
-0.00215571, 0.118021
-0.00215571, 0.118021
-0.00215571, 0.118021
-0.00215571, 0.118021
-0.00215571, 0.118021
-0.00215571, 0.118021
-0.00215571, 0.118021
-0.00215571, 0.118021
-0.00215571, 0.118021
-0.00215571, 0.118021
-0.00215571, 0.118021
-0.00215571, 0.118021
-0.00215571, 0.118021
-0.00215571, 0.118021
